Период,Партнер,Артикул,target_qty,prediction
2025-07,Антошка,004627I,2.0,2.7600777
2025-08,Антошка,004627I,6.0,4.3545327
2025-09,Антошка,004627I,6.0,3.8175342
2025-10,Антошка,004627I,4.0,2.929341
2025-11,Антошка,004627I,2.0,3.5151784
2025-12,Антошка,004627I,11.0,5.270988
2026-01,Антошка,004627I,7.0,3.0439672
2026-02,Антошка,004627I,3.0,2.153977
2025-07,БІ,004627I,5.0,12.102398
2025-08,БІ,004627I,11.0,10.8570175
2025-09,БІ,004627I,6.0,9.943284
2025-10,БІ,004627I,6.0,8.732375
2025-11,БІ,004627I,17.0,14.495596
2025-12,БІ,004627I,33.0,27.319984
2026-01,БІ,004627I,15.0,10.915435
2026-02,БІ,004627I,11.0,3.965962
2025-07,Епіцентр,004627I,4.0,1.6322436
2025-08,Епіцентр,004627I,3.0,2.6038492
2025-09,Епіцентр,004627I,3.0,2.7072477
2025-10,Епіцентр,004627I,1.0,2.1862483
2025-11,Епіцентр,004627I,1.0,2.2396827
2025-12,Епіцентр,004627I,5.0,4.38639
2026-01,Епіцентр,004627I,1.0,1.6442966
2026-02,Епіцентр,004627I,3.0,1.6509827
2025-07,МайПлей,004627I,1.0,1.3147982
2025-08,МайПлей,004627I,2.0,1.1328158
2025-09,МайПлей,004627I,0.0,1.4957194
2025-10,МайПлей,004627I,4.0,0.9918459
2025-11,МайПлей,004627I,1.0,1.3085684
2025-12,МайПлей,004627I,4.0,2.8368413
2026-01,МайПлей,004627I,1.0,2.2198064
2026-02,МайПлей,004627I,1.0,1.2961287
2025-07,Монако,004627I,0.0,0.0
2025-08,Монако,004627I,1.0,1.615009
2025-09,Монако,004627I,0.0,0.0
2025-10,Монако,004627I,0.0,0.0
2025-11,Монако,004627I,0.0,0.0
2025-12,Монако,004627I,0.0,0.0
2026-01,Монако,004627I,2.0,1.1004124
2026-02,Монако,004627I,0.0,0.0
2025-07,Росицька ФОП,004627I,0.0,0.4369984
2025-08,Росицька ФОП,004627I,0.0,0.39498243
2025-09,Росицька ФОП,004627I,1.0,0.40624997
2025-10,Росицька ФОП,004627I,0.0,0.579533
2025-11,Росицька ФОП,004627I,0.0,0.40005112
2025-12,Росицька ФОП,004627I,1.0,0.9471127
2026-01,Росицька ФОП,004627I,1.0,1.1163778
2026-02,Росицька ФОП,004627I,0.0,0.0
2025-07,Чудо Острів,004627I,3.0,2.508721
2025-08,Чудо Острів,004627I,5.0,3.2832694
2025-09,Чудо Острів,004627I,3.0,3.2236876
2025-10,Чудо Острів,004627I,6.0,2.4992766
2025-11,Чудо Острів,004627I,2.0,2.5888824
2025-12,Чудо Острів,004627I,8.0,5.192539
2026-01,Чудо Острів,004627I,3.0,2.354596
2026-02,Чудо Острів,004627I,0.0,0.0
2025-07,Антошка,004885I,0.0,0.16808993
2025-08,Антошка,004885I,0.0,0.19609728
2025-09,Антошка,004885I,0.0,1.7815938
2025-10,Антошка,004885I,35.0,11.079999
2025-11,Антошка,004885I,21.0,21.298847
2025-12,Антошка,004885I,13.0,19.088753
2026-01,Антошка,004885I,7.0,3.1725383
2026-02,Антошка,004885I,9.0,2.7377872
2025-07,Епіцентр,004885I,0.0,0.5221385
2025-08,Епіцентр,004885I,6.0,2.2235384
2025-09,Епіцентр,004885I,8.0,7.9913673
2025-10,Епіцентр,004885I,8.0,7.102633
2025-11,Епіцентр,004885I,24.0,4.705095
2025-12,Епіцентр,004885I,7.0,14.599215
2026-01,Епіцентр,004885I,4.0,1.7978812
2026-02,Епіцентр,004885I,2.0,1.3995908
2025-07,МайПлей,004885I,1.0,1.4381759
2025-08,МайПлей,004885I,22.0,3.2248015
2025-09,МайПлей,004885I,21.0,9.8776045
2025-10,МайПлей,004885I,7.0,8.6525755
2025-11,МайПлей,004885I,1.0,1.61527
2025-12,МайПлей,004885I,0.0,1.6014966
2026-01,МайПлей,004885I,0.0,0.024035867
2026-02,МайПлей,004885I,0.0,0.011649269
2025-07,ІМ-Кідіс,004896I,1.0,0.91524136
2025-08,ІМ-Кідіс,004896I,0.0,0.71564204
2025-09,ІМ-Кідіс,004896I,2.0,0.57222426
2025-10,ІМ-Кідіс,004896I,0.0,0.49308342
2025-11,ІМ-Кідіс,004896I,0.0,0.48396572
2025-12,ІМ-Кідіс,004896I,0.0,0.56063354
2026-01,ІМ-Кідіс,004896I,0.0,0.0
2026-02,ІМ-Кідіс,004896I,0.0,0.0
2025-07,ІМ-МауДау,004896I,1.0,0.648562
2025-08,ІМ-МауДау,004896I,0.0,0.23030291
2025-09,ІМ-МауДау,004896I,0.0,0.2404183
2025-10,ІМ-МауДау,004896I,0.0,0.25113046
2025-11,ІМ-МауДау,004896I,0.0,0.54819465
2025-12,ІМ-МауДау,004896I,0.0,0.51049274
2026-01,ІМ-МауДау,004896I,0.0,0.0
2026-02,ІМ-МауДау,004896I,0.0,0.0
2025-07,ІМ-Розетка,004896I,0.0,1.0871539
2025-08,ІМ-Розетка,004896I,0.0,1.5767044
2025-09,ІМ-Розетка,004896I,1.0,1.0338706
2025-10,ІМ-Розетка,004896I,1.0,0.7026195
2025-11,ІМ-Розетка,004896I,1.0,0.7266933
2025-12,ІМ-Розетка,004896I,1.0,3.714834
2026-01,ІМ-Розетка,004896I,0.0,0.0
2026-02,ІМ-Розетка,004896I,0.0,0.0
2025-07,Антошка,004896I,10.0,6.1861763
2025-08,Антошка,004896I,13.0,8.754067
2025-09,Антошка,004896I,7.0,8.18328
2025-10,Антошка,004896I,7.0,9.578897
2025-11,Антошка,004896I,9.0,9.644798
2025-12,Антошка,004896I,7.0,8.932024
2026-01,Антошка,004896I,8.0,3.6310494
2026-02,Антошка,004896I,3.0,3.434946
2025-07,БІ,004896I,23.0,15.129228
2025-08,БІ,004896I,15.0,18.31277
2025-09,БІ,004896I,18.0,14.217018
2025-10,БІ,004896I,20.0,20.110626
2025-11,БІ,004896I,20.0,21.543663
2025-12,БІ,004896I,13.0,40.342827
2026-01,БІ,004896I,14.0,7.057036
2026-02,БІ,004896I,12.0,5.0094414
2025-07,Епіцентр,004896I,11.0,4.5113745
2025-08,Епіцентр,004896I,6.0,5.8363504
2025-09,Епіцентр,004896I,5.0,5.6816826
2025-10,Епіцентр,004896I,3.0,5.0932713
2025-11,Епіцентр,004896I,3.0,4.3625
2025-12,Епіцентр,004896I,2.0,8.078781
2026-01,Епіцентр,004896I,4.0,1.6067232
2026-02,Епіцентр,004896I,11.0,1.513449
2025-07,МайПлей,004896I,1.0,1.3706497
2025-08,МайПлей,004896I,0.0,1.1571482
2025-09,МайПлей,004896I,0.0,1.1343819
2025-10,МайПлей,004896I,0.0,1.4617393
2025-11,МайПлей,004896I,2.0,0.79167664
2025-12,МайПлей,004896I,3.0,3.0222359
2026-01,МайПлей,004896I,0.0,0.0
2026-02,МайПлей,004896I,0.0,0.0
2025-07,Росицька ФОП,004896I,0.0,0.24186857
2025-08,Росицька ФОП,004896I,1.0,0.21419732
2025-09,Росицька ФОП,004896I,0.0,0.473983
2025-10,Росицька ФОП,004896I,0.0,0.25039572
2025-11,Росицька ФОП,004896I,0.0,0.30668038
2025-12,Росицька ФОП,004896I,0.0,0.38726556
2026-01,Росицька ФОП,004896I,0.0,0.10358121
2026-02,Росицька ФОП,004896I,1.0,0.09093728
2025-07,Чудо Острів,004896I,5.0,4.011802
2025-08,Чудо Острів,004896I,5.0,3.8863125
2025-09,Чудо Острів,004896I,6.0,3.9579105
2025-10,Чудо Острів,004896I,10.0,4.5849137
2025-11,Чудо Острів,004896I,3.0,5.8545194
2025-12,Чудо Острів,004896I,2.0,6.463852
2026-01,Чудо Острів,004896I,5.0,2.4663887
2026-02,Чудо Острів,004896I,5.0,1.928614
2025-07,ІМ-Кідіс,004909I,0.0,0.29186487
2025-08,ІМ-Кідіс,004909I,0.0,0.14584278
2025-09,ІМ-Кідіс,004909I,0.0,0.1362901
2025-10,ІМ-Кідіс,004909I,0.0,0.09336944
2025-11,ІМ-Кідіс,004909I,0.0,0.10638661
2025-12,ІМ-Кідіс,004909I,0.0,0.11786026
2026-01,ІМ-Кідіс,004909I,0.0,0.118666634
2026-02,ІМ-Кідіс,004909I,0.0,0.08095994
2025-07,ІМ-МауДау,004909I,3.0,0.8375297
2025-08,ІМ-МауДау,004909I,0.0,0.4341155
2025-09,ІМ-МауДау,004909I,1.0,0.47830963
2025-10,ІМ-МауДау,004909I,0.0,0.29316375
2025-11,ІМ-МауДау,004909I,0.0,0.6328397
2025-12,ІМ-МауДау,004909I,0.0,0.7424533
2026-01,ІМ-МауДау,004909I,1.0,0.5617094
2026-02,ІМ-МауДау,004909I,0.0,0.0
2025-07,Антошка,004909I,7.0,4.573441
2025-08,Антошка,004909I,11.0,5.221984
2025-09,Антошка,004909I,4.0,5.773662
2025-10,Антошка,004909I,1.0,5.0735946
2025-11,Антошка,004909I,2.0,3.7387815
2025-12,Антошка,004909I,2.0,4.3913426
2026-01,Антошка,004909I,3.0,2.2936904
2026-02,Антошка,004909I,5.0,1.7281244
2025-07,БІ,004909I,19.0,9.7961035
2025-08,БІ,004909I,10.0,14.061198
2025-09,БІ,004909I,22.0,10.61978
2025-10,БІ,004909I,6.0,15.221263
2025-11,БІ,004909I,11.0,13.214447
2025-12,БІ,004909I,27.0,21.006128
2026-01,БІ,004909I,11.0,15.380188
2026-02,БІ,004909I,10.0,4.148491
2025-07,Епіцентр,004909I,6.0,2.8593671
2025-08,Епіцентр,004909I,1.0,2.7951984
2025-09,Епіцентр,004909I,6.0,2.955768
2025-10,Епіцентр,004909I,2.0,2.356668
2025-11,Епіцентр,004909I,3.0,2.0611827
2025-12,Епіцентр,004909I,3.0,3.9242482
2026-01,Епіцентр,004909I,2.0,2.5144975
2026-02,Епіцентр,004909I,1.0,1.8808017
2025-07,МайПлей,004909I,0.0,1.680534
2025-08,МайПлей,004909I,0.0,1.1583222
2025-09,МайПлей,004909I,1.0,1.1786102
2025-10,МайПлей,004909I,2.0,1.1334807
2025-11,МайПлей,004909I,2.0,0.95467967
2025-12,МайПлей,004909I,0.0,2.1069236
2026-01,МайПлей,004909I,3.0,1.0685506
2026-02,МайПлей,004909I,0.0,0.0
2025-07,Монако,004909I,0.0,0.0
2025-08,Монако,004909I,2.0,1.5104277
2025-09,Монако,004909I,0.0,0.0
2025-10,Монако,004909I,3.0,1.4194691
2025-11,Монако,004909I,0.0,0.0
2025-12,Монако,004909I,0.0,0.0
2026-01,Монако,004909I,1.0,1.8203492
2026-02,Монако,004909I,0.0,0.0
2025-07,Росицька ФОП,004909I,0.0,0.4320311
2025-08,Росицька ФОП,004909I,0.0,0.26548246
2025-09,Росицька ФОП,004909I,1.0,0.39292833
2025-10,Росицька ФОП,004909I,0.0,0.5549556
2025-11,Росицька ФОП,004909I,0.0,0.3809446
2025-12,Росицька ФОП,004909I,0.0,0.45800802
2026-01,Росицька ФОП,004909I,0.0,0.1112285
2026-02,Росицька ФОП,004909I,0.0,0.09742291
2025-07,Смік,004909I,1.0,2.2252598
2025-08,Смік,004909I,0.0,1.7277967
2025-09,Смік,004909I,1.0,1.3334717
2025-10,Смік,004909I,0.0,0.89784133
2025-11,Смік,004909I,1.0,0.6480708
2025-12,Смік,004909I,1.0,2.4231975
2026-01,Смік,004909I,1.0,1.3059863
2026-02,Смік,004909I,0.0,0.0
2025-07,Чудо Острів,004909I,5.0,4.5137
2025-08,Чудо Острів,004909I,4.0,4.9603252
2025-09,Чудо Острів,004909I,8.0,4.063812
2025-10,Чудо Острів,004909I,14.0,5.1008215
2025-11,Чудо Острів,004909I,4.0,5.909651
2025-12,Чудо Острів,004909I,7.0,5.6410766
2026-01,Чудо Острів,004909I,4.0,3.120768
2026-02,Чудо Острів,004909I,2.0,2.313469
2025-07,ІМ-Кідіс,004914I,0.0,0.76714325
2025-08,ІМ-Кідіс,004914I,1.0,0.6984472
2025-09,ІМ-Кідіс,004914I,0.0,0.47448564
2025-10,ІМ-Кідіс,004914I,0.0,0.44037497
2025-11,ІМ-Кідіс,004914I,0.0,0.34713095
2025-12,ІМ-Кідіс,004914I,0.0,0.31598106
2026-01,ІМ-Кідіс,004914I,0.0,0.1035087
2026-02,ІМ-Кідіс,004914I,0.0,0.03991815
2025-07,ІМ-МауДау,004914I,0.0,0.24809115
2025-08,ІМ-МауДау,004914I,1.0,1.1932774
2025-09,ІМ-МауДау,004914I,1.0,1.1353201
2025-10,ІМ-МауДау,004914I,0.0,0.21632482
2025-11,ІМ-МауДау,004914I,0.0,0.46461344
2025-12,ІМ-МауДау,004914I,0.0,0.5634413
2026-01,ІМ-МауДау,004914I,0.0,0.0
2026-02,ІМ-МауДау,004914I,0.0,0.0
2025-07,ІМ-Розетка,004914I,0.0,0.9179821
2025-08,ІМ-Розетка,004914I,0.0,0.72136396
2025-09,ІМ-Розетка,004914I,0.0,0.58348554
2025-10,ІМ-Розетка,004914I,1.0,0.5097102
2025-11,ІМ-Розетка,004914I,0.0,0.53643996
2025-12,ІМ-Розетка,004914I,3.0,0.64250845
2026-01,ІМ-Розетка,004914I,0.0,0.0
2026-02,ІМ-Розетка,004914I,0.0,0.0
2025-07,Антошка,004914I,7.0,5.20058
2025-08,Антошка,004914I,3.0,5.59122
2025-09,Антошка,004914I,11.0,4.368894
2025-10,Антошка,004914I,13.0,9.524407
2025-11,Антошка,004914I,6.0,9.010374
2025-12,Антошка,004914I,2.0,7.019594
2026-01,Антошка,004914I,5.0,2.8127542
2026-02,Антошка,004914I,3.0,2.3852398
2025-07,БІ,004914I,8.0,17.522432
2025-08,БІ,004914I,9.0,13.550489
2025-09,БІ,004914I,12.0,12.499654
2025-10,БІ,004914I,17.0,13.80776
2025-11,БІ,004914I,26.0,20.009298
2025-12,БІ,004914I,13.0,37.717537
2026-01,БІ,004914I,10.0,6.3968706
2026-02,БІ,004914I,6.0,5.394713
2025-07,Епіцентр,004914I,3.0,3.253136
2025-08,Епіцентр,004914I,4.0,2.961852
2025-09,Епіцентр,004914I,4.0,3.1850762
2025-10,Епіцентр,004914I,3.0,2.6540575
2025-11,Епіцентр,004914I,4.0,2.222743
2025-12,Епіцентр,004914I,4.0,4.564265
2026-01,Епіцентр,004914I,2.0,1.8671542
2026-02,Епіцентр,004914I,1.0,1.5902642
2025-07,Клас,004914I,1.0,0.14910242
2025-08,Клас,004914I,1.0,0.28596553
2025-09,Клас,004914I,0.0,0.22179534
2025-10,Клас,004914I,0.0,1.2503908
2025-11,Клас,004914I,0.0,0.46795055
2025-12,Клас,004914I,0.0,0.13858287
2026-01,Клас,004914I,0.0,0.0
2026-02,Клас,004914I,0.0,0.0
2025-07,МайПлей,004914I,1.0,1.0589693
2025-08,МайПлей,004914I,1.0,1.172493
2025-09,МайПлей,004914I,3.0,1.5549217
2025-10,МайПлей,004914I,0.0,1.5459131
2025-11,МайПлей,004914I,0.0,1.0003355
2025-12,МайПлей,004914I,1.0,1.8569876
2026-01,МайПлей,004914I,0.0,0.0
2026-02,МайПлей,004914I,1.0,0.8060331
2025-07,Мегамаркет,004914I,1.0,0.41504166
2025-08,Мегамаркет,004914I,0.0,0.31426865
2025-09,Мегамаркет,004914I,0.0,0.36796597
2025-10,Мегамаркет,004914I,0.0,0.39280134
2025-11,Мегамаркет,004914I,0.0,0.23183367
2025-12,Мегамаркет,004914I,1.0,0.45228577
2026-01,Мегамаркет,004914I,0.0,0.009920818
2026-02,Мегамаркет,004914I,0.0,0.0
2025-07,Чудо Острів,004914I,1.0,1.5958246
2025-08,Чудо Острів,004914I,2.0,1.2940546
2025-09,Чудо Острів,004914I,6.0,1.6832685
2025-10,Чудо Острів,004914I,4.0,2.598147
2025-11,Чудо Острів,004914I,8.0,2.2970517
2025-12,Чудо Острів,004914I,4.0,6.2833
2026-01,Чудо Острів,004914I,1.0,2.36803
2026-02,Чудо Острів,004914I,0.0,0.0
2025-07,ІМ-Кідіс,004915I,0.0,2.9788415
2025-08,ІМ-Кідіс,004915I,0.0,1.914365
2025-09,ІМ-Кідіс,004915I,0.0,0.87951386
2025-10,ІМ-Кідіс,004915I,0.0,0.93568236
2025-11,ІМ-Кідіс,004915I,0.0,0.64321506
2025-12,ІМ-Кідіс,004915I,0.0,0.7064429
2026-01,ІМ-Кідіс,004915I,0.0,0.19188146
2026-02,ІМ-Кідіс,004915I,0.0,0.09370471
2025-07,ІМ-Розетка,004915I,1.0,2.2927177
2025-08,ІМ-Розетка,004915I,0.0,0.5140187
2025-09,ІМ-Розетка,004915I,0.0,0.34047374
2025-10,ІМ-Розетка,004915I,2.0,1.8293464
2025-11,ІМ-Розетка,004915I,0.0,0.40610507
2025-12,ІМ-Розетка,004915I,1.0,2.598125
2026-01,ІМ-Розетка,004915I,0.0,0.0
2026-02,ІМ-Розетка,004915I,1.0,0.74811625
2025-07,Антошка,004915I,9.0,5.4751987
2025-08,Антошка,004915I,6.0,6.5465784
2025-09,Антошка,004915I,6.0,5.2321024
2025-10,Антошка,004915I,16.0,9.041754
2025-11,Антошка,004915I,20.0,16.59559
2025-12,Антошка,004915I,21.0,26.9662
2026-01,Антошка,004915I,13.0,7.689583
2026-02,Антошка,004915I,9.0,3.5552282
2025-07,БІ,004915I,8.0,8.59052
2025-08,БІ,004915I,8.0,5.8274517
2025-09,БІ,004915I,10.0,8.864789
2025-10,БІ,004915I,24.0,12.578873
2025-11,БІ,004915I,40.0,32.389866
2025-12,БІ,004915I,22.0,48.690784
2026-01,БІ,004915I,21.0,19.070862
2026-02,БІ,004915I,14.0,5.2496486
2025-07,Епіцентр,004915I,4.0,1.6564114
2025-08,Епіцентр,004915I,3.0,2.9106019
2025-09,Епіцентр,004915I,2.0,3.684228
2025-10,Епіцентр,004915I,2.0,2.7516212
2025-11,Епіцентр,004915I,6.0,3.2454083
2025-12,Епіцентр,004915I,4.0,5.5294313
2026-01,Епіцентр,004915I,6.0,2.117378
2026-02,Епіцентр,004915I,6.0,2.3276803
2025-07,МайПлей,004915I,1.0,0.9447428
2025-08,МайПлей,004915I,3.0,0.7622846
2025-09,МайПлей,004915I,2.0,1.6813955
2025-10,МайПлей,004915I,2.0,1.6129733
2025-11,МайПлей,004915I,1.0,2.1600664
2025-12,МайПлей,004915I,3.0,2.9724786
2026-01,МайПлей,004915I,4.0,1.8768634
2026-02,МайПлей,004915I,2.0,1.1550117
2025-07,Супрун ФОП,004915I,0.0,0.0
2025-08,Супрун ФОП,004915I,0.0,0.0
2025-09,Супрун ФОП,004915I,0.0,0.0
2025-10,Супрун ФОП,004915I,0.0,0.0
2025-11,Супрун ФОП,004915I,0.0,0.0
2025-12,Супрун ФОП,004915I,5.0,1.9294782
2026-01,Супрун ФОП,004915I,1.0,2.6027272
2026-02,Супрун ФОП,004915I,0.0,0.0
2025-07,ІМ-МауДау,005058,0.0,1.1600546
2025-08,ІМ-МауДау,005058,0.0,1.2303613
2025-09,ІМ-МауДау,005058,0.0,0.99145544
2025-10,ІМ-МауДау,005058,3.0,0.11837302
2025-11,ІМ-МауДау,005058,2.0,1.2774119
2025-12,ІМ-МауДау,005058,3.0,2.0022824
2026-01,ІМ-МауДау,005058,0.0,0.8252241
2026-02,ІМ-МауДау,005058,0.0,0.20625314
2025-07,Антошка,005058,3.0,1.1963885
2025-08,Антошка,005058,1.0,2.4073129
2025-09,Антошка,005058,3.0,2.9696617
2025-10,Антошка,005058,3.0,2.5301464
2025-11,Антошка,005058,3.0,2.371593
2025-12,Антошка,005058,0.0,2.381125
2026-01,Антошка,005058,3.0,1.5686519
2026-02,Антошка,005058,1.0,1.4404981
2025-07,Епіцентр,005058,3.0,1.6464325
2025-08,Епіцентр,005058,4.0,2.6540508
2025-09,Епіцентр,005058,6.0,2.0439463
2025-10,Епіцентр,005058,1.0,2.3457775
2025-11,Епіцентр,005058,6.0,1.6377244
2025-12,Епіцентр,005058,1.0,5.3270726
2026-01,Епіцентр,005058,1.0,1.1522053
2026-02,Епіцентр,005058,3.0,1.3080112
2025-07,МайПлей,005058,0.0,0.40821028
2025-08,МайПлей,005058,3.0,1.1366057
2025-09,МайПлей,005058,3.0,2.2798347
2025-10,МайПлей,005058,4.0,1.217488
2025-11,МайПлей,005058,3.0,1.6813209
2025-12,МайПлей,005058,4.0,2.9557667
2026-01,МайПлей,005058,4.0,1.6110477
2026-02,МайПлей,005058,1.0,1.574384
2025-07,Монако,005058,1.0,1.6199632
2025-08,Монако,005058,0.0,0.0
2025-09,Монако,005058,1.0,1.4026676
2025-10,Монако,005058,1.0,1.3205844
2025-11,Монако,005058,2.0,1.387195
2025-12,Монако,005058,0.0,0.0
2026-01,Монако,005058,1.0,1.0573345
2026-02,Монако,005058,0.0,0.0
2025-07,Смік,005058,1.0,1.3669829
2025-08,Смік,005058,3.0,1.2965723
2025-09,Смік,005058,1.0,1.7264376
2025-10,Смік,005058,5.0,2.145194
2025-11,Смік,005058,3.0,1.1325123
2025-12,Смік,005058,2.0,2.4519672
2026-01,Смік,005058,0.0,0.8765151
2026-02,Смік,005058,0.0,0.4327828
2025-07,Чудо Острів,005058,3.0,1.8138182
2025-08,Чудо Острів,005058,1.0,1.6239568
2025-09,Чудо Острів,005058,6.0,1.3106833
2025-10,Чудо Острів,005058,7.0,2.2681887
2025-11,Чудо Острів,005058,6.0,3.3282712
2025-12,Чудо Острів,005058,15.0,8.479403
2026-01,Чудо Острів,005058,4.0,5.9579864
2026-02,Чудо Острів,005058,2.0,2.6888337
2025-07,ІМ-МауДау,005059I,0.0,0.4423776
2025-08,ІМ-МауДау,005059I,1.0,0.77391434
2025-09,ІМ-МауДау,005059I,2.0,0.66867757
2025-10,ІМ-МауДау,005059I,1.0,0.47282055
2025-11,ІМ-МауДау,005059I,0.0,0.48690882
2025-12,ІМ-МауДау,005059I,0.0,0.78390133
2026-01,ІМ-МауДау,005059I,0.0,0.09638336
2026-02,ІМ-МауДау,005059I,0.0,0.04723087
2025-07,ІМ-Розетка,005059I,0.0,0.09679316
2025-08,ІМ-Розетка,005059I,2.0,1.2525696
2025-09,ІМ-Розетка,005059I,0.0,0.09654968
2025-10,ІМ-Розетка,005059I,0.0,0.12121432
2025-11,ІМ-Розетка,005059I,0.0,0.04368286
2025-12,ІМ-Розетка,005059I,0.0,0.025508907
2026-01,ІМ-Розетка,005059I,0.0,0.008930889
2026-02,ІМ-Розетка,005059I,0.0,0.019358959
2025-07,Антошка,005059I,2.0,2.7549307
2025-08,Антошка,005059I,6.0,2.7685604
2025-09,Антошка,005059I,8.0,3.247279
2025-10,Антошка,005059I,2.0,5.5040755
2025-11,Антошка,005059I,4.0,8.304568
2025-12,Антошка,005059I,10.0,5.0519714
2026-01,Антошка,005059I,4.0,2.383746
2026-02,Антошка,005059I,5.0,1.9582454
2025-07,БІ,005059I,11.0,8.461967
2025-08,БІ,005059I,9.0,9.577849
2025-09,БІ,005059I,8.0,7.639363
2025-10,БІ,005059I,4.0,7.5176983
2025-11,БІ,005059I,6.0,5.8010306
2025-12,БІ,005059I,3.0,11.020888
2026-01,БІ,005059I,5.0,5.205595
2026-02,БІ,005059I,3.0,2.1392825
2025-07,Епіцентр,005059I,11.0,3.548321
2025-08,Епіцентр,005059I,3.0,4.8955135
2025-09,Епіцентр,005059I,1.0,3.8496773
2025-10,Епіцентр,005059I,2.0,2.0004342
2025-11,Епіцентр,005059I,5.0,2.821351
2025-12,Епіцентр,005059I,3.0,4.2788696
2026-01,Епіцентр,005059I,5.0,1.868267
2026-02,Епіцентр,005059I,1.0,2.0872166
2025-07,МайПлей,005059I,1.0,2.0099626
2025-08,МайПлей,005059I,2.0,2.8828452
2025-09,МайПлей,005059I,2.0,2.4825072
2025-10,МайПлей,005059I,3.0,2.2468174
2025-11,МайПлей,005059I,1.0,2.2967103
2025-12,МайПлей,005059I,6.0,3.1031692
2026-01,МайПлей,005059I,3.0,2.655461
2026-02,МайПлей,005059I,2.0,1.9119822
2025-07,Мегамаркет,005059I,1.0,0.93869525
2025-08,Мегамаркет,005059I,0.0,1.3238883
2025-09,Мегамаркет,005059I,0.0,0.5302646
2025-10,Мегамаркет,005059I,0.0,0.44716385
2025-11,Мегамаркет,005059I,0.0,0.39006373
2025-12,Мегамаркет,005059I,2.0,1.0905383
2026-01,Мегамаркет,005059I,0.0,0.019713476
2026-02,Мегамаркет,005059I,0.0,0.0
2025-07,Монако,005059I,1.0,1.5535052
2025-08,Монако,005059I,5.0,1.783042
2025-09,Монако,005059I,1.0,2.0948822
2025-10,Монако,005059I,4.0,1.7531601
2025-11,Монако,005059I,1.0,1.8243797
2025-12,Монако,005059I,0.0,0.0
2026-01,Монако,005059I,1.0,1.3010737
2026-02,Монако,005059I,0.0,0.0
2025-07,Росицька ФОП,005059I,0.0,0.38197967
2025-08,Росицька ФОП,005059I,0.0,0.36025354
2025-09,Росицька ФОП,005059I,0.0,0.3866283
2025-10,Росицька ФОП,005059I,1.0,0.36129656
2025-11,Росицька ФОП,005059I,0.0,0.35458663
2025-12,Росицька ФОП,005059I,0.0,0.4103086
2026-01,Росицька ФОП,005059I,1.0,0.089962214
2026-02,Росицька ФОП,005059I,0.0,0.27709532
2025-07,Смік,005059I,1.0,1.181271
2025-08,Смік,005059I,1.0,1.7843213
2025-09,Смік,005059I,1.0,1.8530072
2025-10,Смік,005059I,1.0,0.98653394
2025-11,Смік,005059I,2.0,0.814655
2025-12,Смік,005059I,3.0,2.1530888
2026-01,Смік,005059I,1.0,1.4502437
2026-02,Смік,005059I,1.0,1.274864
2025-07,Чудо Острів,005059I,7.0,10.048252
2025-08,Чудо Острів,005059I,8.0,8.916227
2025-09,Чудо Острів,005059I,13.0,6.235686
2025-10,Чудо Острів,005059I,5.0,7.769603
2025-11,Чудо Острів,005059I,8.0,5.8715143
2025-12,Чудо Острів,005059I,10.0,6.644455
2026-01,Чудо Острів,005059I,4.0,3.5223365
2026-02,Чудо Острів,005059I,3.0,2.2563412
2025-07,ІМ-МауДау,005060I,0.0,0.23949946
2025-08,ІМ-МауДау,005060I,1.0,0.4128983
2025-09,ІМ-МауДау,005060I,1.0,1.0154167
2025-10,ІМ-МауДау,005060I,0.0,0.4085017
2025-11,ІМ-МауДау,005060I,0.0,0.24228822
2025-12,ІМ-МауДау,005060I,1.0,0.33225662
2026-01,ІМ-МауДау,005060I,0.0,0.25866723
2026-02,ІМ-МауДау,005060I,0.0,0.11846889
2025-07,Антошка,005060I,7.0,5.5348964
2025-08,Антошка,005060I,3.0,5.339166
2025-09,Антошка,005060I,6.0,4.781218
2025-10,Антошка,005060I,7.0,5.103759
2025-11,Антошка,005060I,9.0,4.8491054
2025-12,Антошка,005060I,10.0,7.5436935
2026-01,Антошка,005060I,2.0,2.7165282
2026-02,Антошка,005060I,4.0,1.5732753
2025-07,БІ,005060I,25.0,16.956182
2025-08,БІ,005060I,28.0,24.824657
2025-09,БІ,005060I,38.0,23.298162
2025-10,БІ,005060I,30.0,25.987734
2025-11,БІ,005060I,12.0,20.54793
2025-12,БІ,005060I,19.0,22.611645
2026-01,БІ,005060I,6.0,6.6984353
2026-02,БІ,005060I,4.0,2.6767232
2025-07,Епіцентр,005060I,7.0,2.0964398
2025-08,Епіцентр,005060I,5.0,4.11004
2025-09,Епіцентр,005060I,5.0,4.3842235
2025-10,Епіцентр,005060I,2.0,3.873742
2025-11,Епіцентр,005060I,5.0,2.862685
2025-12,Епіцентр,005060I,8.0,5.4000435
2026-01,Епіцентр,005060I,5.0,2.0614414
2026-02,Епіцентр,005060I,2.0,2.3388536
2025-07,МайПлей,005060I,1.0,2.7577927
2025-08,МайПлей,005060I,3.0,2.6076686
2025-09,МайПлей,005060I,1.0,2.3848636
2025-10,МайПлей,005060I,2.0,2.1628532
2025-11,МайПлей,005060I,2.0,2.0369134
2025-12,МайПлей,005060I,3.0,3.23907
2026-01,МайПлей,005060I,1.0,1.3526447
2026-02,МайПлей,005060I,0.0,0.0
2025-07,Мегамаркет,005060I,1.0,0.56342626
2025-08,Мегамаркет,005060I,1.0,0.6991529
2025-09,Мегамаркет,005060I,0.0,0.7726422
2025-10,Мегамаркет,005060I,0.0,0.0
2025-11,Мегамаркет,005060I,1.0,0.95226645
2025-12,Мегамаркет,005060I,1.0,1.0296535
2026-01,Мегамаркет,005060I,0.0,0.016767005
2026-02,Мегамаркет,005060I,1.0,0.8042206
2025-07,Монако,005060I,1.0,1.5326374
2025-08,Монако,005060I,6.0,1.4957652
2025-09,Монако,005060I,0.0,0.0
2025-10,Монако,005060I,1.0,1.703069
2025-11,Монако,005060I,0.0,0.0
2025-12,Монако,005060I,0.0,0.0
2026-01,Монако,005060I,0.0,0.0
2026-02,Монако,005060I,0.0,0.0
2025-07,Смік,005060I,0.0,1.8479301
2025-08,Смік,005060I,0.0,1.6786113
2025-09,Смік,005060I,0.0,1.0210484
2025-10,Смік,005060I,0.0,0.0
2025-11,Смік,005060I,4.0,0.9461818
2025-12,Смік,005060I,1.0,1.8519961
2026-01,Смік,005060I,2.0,1.2814839
2026-02,Смік,005060I,0.0,0.0
2025-07,Чудо Острів,005060I,8.0,9.429999
2025-08,Чудо Острів,005060I,8.0,10.58008
2025-09,Чудо Острів,005060I,4.0,7.408757
2025-10,Чудо Острів,005060I,5.0,5.1485457
2025-11,Чудо Острів,005060I,9.0,6.5761456
2025-12,Чудо Острів,005060I,7.0,8.918042
2026-01,Чудо Острів,005060I,2.0,2.9673693
2026-02,Чудо Острів,005060I,3.0,1.316053
2025-07,БІ,005151I,2.0,2.85951
2025-08,БІ,005151I,2.0,4.6378064
2025-09,БІ,005151I,1.0,4.3410807
2025-10,БІ,005151I,0.0,0.0
2025-11,БІ,005151I,2.0,1.7381442
2025-12,БІ,005151I,1.0,4.708475
2026-01,БІ,005151I,1.0,0.9435733
2026-02,БІ,005151I,1.0,1.1058264
2025-07,Епіцентр,005151I,9.0,2.5223918
2025-08,Епіцентр,005151I,3.0,4.880831
2025-09,Епіцентр,005151I,8.0,5.060377
2025-10,Епіцентр,005151I,4.0,3.4629903
2025-11,Епіцентр,005151I,2.0,3.0391905
2025-12,Епіцентр,005151I,5.0,5.0832825
2026-01,Епіцентр,005151I,3.0,1.5717604
2026-02,Епіцентр,005151I,4.0,1.6290144
2025-07,МайПлей,005151I,0.0,0.0
2025-08,МайПлей,005151I,0.0,0.0
2025-09,МайПлей,005151I,1.0,1.9062696
2025-10,МайПлей,005151I,0.0,0.0
2025-11,МайПлей,005151I,1.0,1.0721465
2025-12,МайПлей,005151I,1.0,2.198552
2026-01,МайПлей,005151I,0.0,0.0
2026-02,МайПлей,005151I,1.0,0.8447076
2025-07,Мегамаркет,005151I,1.0,1.0760475
2025-08,Мегамаркет,005151I,0.0,0.0
2025-09,Мегамаркет,005151I,1.0,1.0390158
2025-10,Мегамаркет,005151I,0.0,0.0
2025-11,Мегамаркет,005151I,0.0,0.0
2025-12,Мегамаркет,005151I,2.0,0.98222446
2026-01,Мегамаркет,005151I,0.0,0.0
2026-02,Мегамаркет,005151I,0.0,0.0
2025-07,Смік,005151I,1.0,1.2191802
2025-08,Смік,005151I,1.0,1.2547297
2025-09,Смік,005151I,0.0,0.0
2025-10,Смік,005151I,2.0,1.0817184
2025-11,Смік,005151I,1.0,0.6775915
2025-12,Смік,005151I,0.0,0.0
2026-01,Смік,005151I,0.0,0.0
2026-02,Смік,005151I,0.0,0.0
2025-07,Чудо Острів,005151I,4.0,2.2687736
2025-08,Чудо Острів,005151I,8.0,3.1524792
2025-09,Чудо Острів,005151I,20.0,5.774008
2025-10,Чудо Острів,005151I,11.0,8.538738
2025-11,Чудо Острів,005151I,2.0,6.7893686
2025-12,Чудо Острів,005151I,4.0,6.664061
2026-01,Чудо Острів,005151I,1.0,1.7212881
2026-02,Чудо Острів,005151I,0.0,0.0
2025-07,ІМ-Розетка,005209,0.0,0.33758995
2025-08,ІМ-Розетка,005209,5.0,2.468543
2025-09,ІМ-Розетка,005209,2.0,3.1120763
2025-10,ІМ-Розетка,005209,5.0,3.3694296
2025-11,ІМ-Розетка,005209,9.0,3.4490087
2025-12,ІМ-Розетка,005209,17.0,12.090446
2026-01,ІМ-Розетка,005209,3.0,7.083234
2026-02,ІМ-Розетка,005209,1.0,2.794393
2025-07,Антошка,005209,26.0,8.039995
2025-08,Антошка,005209,24.0,33.456764
2025-09,Антошка,005209,19.0,20.975477
2025-10,Антошка,005209,17.0,20.992613
2025-11,Антошка,005209,10.0,23.155363
2025-12,Антошка,005209,20.0,42.1618
2026-01,Антошка,005209,22.0,11.903213
2026-02,Антошка,005209,28.0,11.07428
2025-07,БІ,005209,27.0,31.787254
2025-08,БІ,005209,42.0,30.70888
2025-09,БІ,005209,33.0,34.380577
2025-10,БІ,005209,35.0,40.69061
2025-11,БІ,005209,40.0,37.043777
2025-12,БІ,005209,73.0,58.933853
2026-01,БІ,005209,41.0,33.868507
2026-02,БІ,005209,42.0,28.921728
2025-07,Епіцентр,005209,22.0,9.719831
2025-08,Епіцентр,005209,17.0,14.278329
2025-09,Епіцентр,005209,12.0,11.039047
2025-10,Епіцентр,005209,11.0,10.610335
2025-11,Епіцентр,005209,9.0,9.665277
2025-12,Епіцентр,005209,29.0,24.165556
2026-01,Епіцентр,005209,18.0,15.877795
2026-02,Епіцентр,005209,16.0,8.933102
2025-07,Клас,005209,0.0,0.13558675
2025-08,Клас,005209,0.0,0.13329108
2025-09,Клас,005209,0.0,0.15322223
2025-10,Клас,005209,0.0,0.1557143
2025-11,Клас,005209,0.0,0.16785216
2025-12,Клас,005209,4.0,1.7990634
2026-01,Клас,005209,1.0,1.8717928
2026-02,Клас,005209,1.0,0.95490587
2025-07,МайПлей,005209,4.0,2.934081
2025-08,МайПлей,005209,5.0,3.5988262
2025-09,МайПлей,005209,5.0,2.685734
2025-10,МайПлей,005209,8.0,3.5815175
2025-11,МайПлей,005209,1.0,5.898698
2025-12,МайПлей,005209,15.0,13.147091
2026-01,МайПлей,005209,4.0,7.042893
2026-02,МайПлей,005209,6.0,3.5155237
2025-07,Мегамаркет,005209,0.0,0.13374338
2025-08,Мегамаркет,005209,1.0,0.12892151
2025-09,Мегамаркет,005209,0.0,0.4252858
2025-10,Мегамаркет,005209,1.0,1.1612846
2025-11,Мегамаркет,005209,0.0,0.8915487
2025-12,Мегамаркет,005209,1.0,1.9834073
2026-01,Мегамаркет,005209,1.0,0.8311226
2026-02,Мегамаркет,005209,1.0,0.45849854
2025-07,Монако,005209,0.0,0.0
2025-08,Монако,005209,1.0,1.3505433
2025-09,Монако,005209,1.0,1.2767702
2025-10,Монако,005209,3.0,1.3751997
2025-11,Монако,005209,0.0,0.0
2025-12,Монако,005209,1.0,2.3823552
2026-01,Монако,005209,1.0,1.4979028
2026-02,Монако,005209,0.0,0.0
2025-07,Супрун ФОП,005209,0.0,0.15189734
2025-08,Супрун ФОП,005209,1.0,1.2920684
2025-09,Супрун ФОП,005209,0.0,0.0
2025-10,Супрун ФОП,005209,0.0,0.0
2025-11,Супрун ФОП,005209,1.0,1.6271967
2025-12,Супрун ФОП,005209,0.0,0.0
2026-01,Супрун ФОП,005209,1.0,1.1611749
2026-02,Супрун ФОП,005209,0.0,0.0
2025-07,Чудо Острів,005209,18.0,8.648083
2025-08,Чудо Острів,005209,19.0,17.87144
2025-09,Чудо Острів,005209,12.0,10.104866
2025-10,Чудо Острів,005209,16.0,12.200572
2025-11,Чудо Острів,005209,9.0,17.346758
2025-12,Чудо Острів,005209,35.0,34.546143
2026-01,Чудо Острів,005209,16.0,15.1249895
2026-02,Чудо Острів,005209,27.0,12.772455
2025-07,ІМ-МауДау,005362I,3.0,1.3541858
2025-08,ІМ-МауДау,005362I,4.0,2.1258538
2025-09,ІМ-МауДау,005362I,0.0,1.5169883
2025-10,ІМ-МауДау,005362I,2.0,1.1893548
2025-11,ІМ-МауДау,005362I,3.0,1.9215556
2025-12,ІМ-МауДау,005362I,3.0,2.4578345
2026-01,ІМ-МауДау,005362I,0.0,0.65365547
2026-02,ІМ-МауДау,005362I,0.0,0.13389155
2025-07,ІМ-Розетка,005362I,3.0,1.3808445
2025-08,ІМ-Розетка,005362I,0.0,1.6146295
2025-09,ІМ-Розетка,005362I,0.0,1.1068791
2025-10,ІМ-Розетка,005362I,2.0,1.8425411
2025-11,ІМ-Розетка,005362I,1.0,2.0179472
2025-12,ІМ-Розетка,005362I,0.0,0.48049888
2026-01,ІМ-Розетка,005362I,0.0,0.0
2026-02,ІМ-Розетка,005362I,1.0,0.9455545
2025-07,Антошка,005362I,9.0,21.72153
2025-08,Антошка,005362I,27.0,31.065147
2025-09,Антошка,005362I,45.0,33.54806
2025-10,Антошка,005362I,30.0,39.548813
2025-11,Антошка,005362I,24.0,34.734577
2025-12,Антошка,005362I,50.0,48.106987
2026-01,Антошка,005362I,22.0,26.468304
2026-02,Антошка,005362I,30.0,8.983759
2025-07,БІ,005362I,83.0,87.35774
2025-08,БІ,005362I,74.0,77.53598
2025-09,БІ,005362I,97.0,78.98929
2025-10,БІ,005362I,83.0,76.79913
2025-11,БІ,005362I,143.0,76.10622
2025-12,БІ,005362I,199.0,105.32367
2026-01,БІ,005362I,90.0,71.99448
2026-02,БІ,005362I,79.0,48.279587
2025-07,Епіцентр,005362I,45.0,26.313654
2025-08,Епіцентр,005362I,24.0,31.630856
2025-09,Епіцентр,005362I,14.0,21.99715
2025-10,Епіцентр,005362I,19.0,17.550001
2025-11,Епіцентр,005362I,24.0,18.324158
2025-12,Епіцентр,005362I,43.0,47.251095
2026-01,Епіцентр,005362I,15.0,17.498716
2026-02,Епіцентр,005362I,20.0,7.4031973
2025-07,Країна Казок,005362I,1.0,0.61625737
2025-08,Країна Казок,005362I,2.0,0.76364475
2025-09,Країна Казок,005362I,0.0,0.4429797
2025-10,Країна Казок,005362I,0.0,0.26046425
2025-11,Країна Казок,005362I,0.0,0.71949816
2025-12,Країна Казок,005362I,0.0,0.46112335
2026-01,Країна Казок,005362I,1.0,0.101827726
2026-02,Країна Казок,005362I,1.0,0.29240865
2025-07,Кубі,005362I,6.0,1.704143
2025-08,Кубі,005362I,4.0,2.6677523
2025-09,Кубі,005362I,14.0,2.5737965
2025-10,Кубі,005362I,5.0,7.9754953
2025-11,Кубі,005362I,1.0,4.517726
2025-12,Кубі,005362I,0.0,0.0
2026-01,Кубі,005362I,4.0,2.4654381
2026-02,Кубі,005362I,0.0,0.0
2025-07,МайПлей,005362I,6.0,6.9623537
2025-08,МайПлей,005362I,9.0,6.6362395
2025-09,МайПлей,005362I,8.0,7.2735586
2025-10,МайПлей,005362I,0.0,7.8496337
2025-11,МайПлей,005362I,5.0,5.938288
2025-12,МайПлей,005362I,21.0,11.532451
2026-01,МайПлей,005362I,4.0,8.543192
2026-02,МайПлей,005362I,5.0,3.2893221
2025-07,Мегамаркет,005362I,0.0,0.6104142
2025-08,Мегамаркет,005362I,2.0,0.96489906
2025-09,Мегамаркет,005362I,1.0,0.6865173
2025-10,Мегамаркет,005362I,3.0,0.81392646
2025-11,Мегамаркет,005362I,2.0,1.51382
2025-12,Мегамаркет,005362I,0.0,1.7362844
2026-01,Мегамаркет,005362I,1.0,1.7161456
2026-02,Мегамаркет,005362I,1.0,1.0355378
2025-07,Монако,005362I,2.0,2.8140016
2025-08,Монако,005362I,8.0,3.004534
2025-09,Монако,005362I,2.0,3.193968
2025-10,Монако,005362I,7.0,2.649879
2025-11,Монако,005362I,3.0,3.8239117
2025-12,Монако,005362I,0.0,0.0
2026-01,Монако,005362I,4.0,2.5666695
2026-02,Монако,005362I,0.0,0.0
2025-07,РОСТ,005362I,0.0,0.3535851
2025-08,РОСТ,005362I,0.0,0.3866911
2025-09,РОСТ,005362I,0.0,0.38890648
2025-10,РОСТ,005362I,1.0,0.44329378
2025-11,РОСТ,005362I,1.0,0.9789384
2025-12,РОСТ,005362I,0.0,0.79834086
2026-01,РОСТ,005362I,2.0,1.0647705
2026-02,РОСТ,005362I,1.0,1.4852113
2025-07,Росицька ФОП,005362I,0.0,0.23483841
2025-08,Росицька ФОП,005362I,0.0,0.690874
2025-09,Росицька ФОП,005362I,1.0,0.39708942
2025-10,Росицька ФОП,005362I,1.0,0.5896246
2025-11,Росицька ФОП,005362I,1.0,0.34714502
2025-12,Росицька ФОП,005362I,5.0,1.4978958
2026-01,Росицька ФОП,005362I,1.0,0.71319604
2026-02,Росицька ФОП,005362I,0.0,0.42914885
2025-07,СмартБі Луцьк,005362I,0.0,0.0
2025-08,СмартБі Луцьк,005362I,2.0,1.6821392
2025-09,СмартБі Луцьк,005362I,0.0,0.0
2025-10,СмартБі Луцьк,005362I,0.0,0.0
2025-11,СмартБі Луцьк,005362I,0.0,0.0
2025-12,СмартБі Луцьк,005362I,2.0,1.7351637
2026-01,СмартБі Луцьк,005362I,1.0,1.5198319
2026-02,СмартБі Луцьк,005362I,0.0,0.0
2025-07,Смік,005362I,4.0,2.8900056
2025-08,Смік,005362I,6.0,3.3375337
2025-09,Смік,005362I,3.0,4.6436005
2025-10,Смік,005362I,5.0,4.0119286
2025-11,Смік,005362I,3.0,3.4386253
2025-12,Смік,005362I,10.0,8.434848
2026-01,Смік,005362I,4.0,3.157332
2026-02,Смік,005362I,6.0,1.7444353
2025-07,Чарівник,005362I,0.0,0.5468612
2025-08,Чарівник,005362I,1.0,0.6837952
2025-09,Чарівник,005362I,0.0,0.4188658
2025-10,Чарівник,005362I,0.0,0.30694568
2025-11,Чарівник,005362I,0.0,0.7290947
2025-12,Чарівник,005362I,1.0,0.929931
2026-01,Чарівник,005362I,0.0,0.2322004
2026-02,Чарівник,005362I,0.0,0.12167755
2025-07,Чудо Острів,005362I,29.0,17.72779
2025-08,Чудо Острів,005362I,30.0,25.011219
2025-09,Чудо Острів,005362I,14.0,22.141447
2025-10,Чудо Острів,005362I,23.0,19.420992
2025-11,Чудо Острів,005362I,18.0,21.03188
2025-12,Чудо Острів,005362I,31.0,36.6839
2026-01,Чудо Острів,005362I,21.0,12.832828
2026-02,Чудо Острів,005362I,17.0,13.369657
2025-07,Антошка,005373,1.0,3.1459637
2025-08,Антошка,005373,2.0,1.9974921
2025-09,Антошка,005373,1.0,1.9847897
2025-10,Антошка,005373,1.0,1.9177212
2025-11,Антошка,005373,1.0,1.5915705
2025-12,Антошка,005373,5.0,3.1022367
2026-01,Антошка,005373,2.0,2.488979
2026-02,Антошка,005373,2.0,1.7458441
2025-07,БІ,005373,1.0,5.9951925
2025-08,БІ,005373,4.0,1.746741
2025-09,БІ,005373,5.0,1.8326114
2025-10,БІ,005373,2.0,2.675239
2025-11,БІ,005373,2.0,2.2796578
2025-12,БІ,005373,5.0,5.2893414
2026-01,БІ,005373,1.0,1.3227549
2026-02,БІ,005373,1.0,1.1679448
2025-07,МайПлей,005373,3.0,0.46771654
2025-08,МайПлей,005373,0.0,0.80919105
2025-09,МайПлей,005373,2.0,0.38499102
2025-10,МайПлей,005373,1.0,0.6552316
2025-11,МайПлей,005373,0.0,0.48017624
2025-12,МайПлей,005373,3.0,1.1075834
2026-01,МайПлей,005373,1.0,0.9312381
2026-02,МайПлей,005373,1.0,0.5331306
2025-07,Смік,005373,1.0,0.5062792
2025-08,Смік,005373,0.0,0.40930247
2025-09,Смік,005373,0.0,0.22094041
2025-10,Смік,005373,0.0,0.24287046
2025-11,Смік,005373,0.0,0.09379068
2025-12,Смік,005373,0.0,0.24292934
2026-01,Смік,005373,0.0,0.118132465
2026-02,Смік,005373,0.0,0.13378066
2025-07,Чудо Острів,005373,4.0,2.0543535
2025-08,Чудо Острів,005373,5.0,2.2118344
2025-09,Чудо Острів,005373,2.0,2.6023
2025-10,Чудо Острів,005373,3.0,2.1943305
2025-11,Чудо Острів,005373,6.0,2.699441
2025-12,Чудо Острів,005373,9.0,7.2824626
2026-01,Чудо Острів,005373,5.0,3.9734354
2026-02,Чудо Острів,005373,4.0,3.1023872
2025-07,Антошка,005378I,4.0,3.7061534
2025-08,Антошка,005378I,6.0,4.964279
2025-09,Антошка,005378I,5.0,6.0679016
2025-10,Антошка,005378I,6.0,5.3225956
2025-11,Антошка,005378I,4.0,3.7141693
2025-12,Антошка,005378I,5.0,5.96037
2026-01,Антошка,005378I,2.0,2.3497112
2026-02,Антошка,005378I,7.0,1.3654581
2025-07,БІ,005378I,34.0,31.989412
2025-08,БІ,005378I,32.0,34.12788
2025-09,БІ,005378I,35.0,30.79002
2025-10,БІ,005378I,30.0,30.035965
2025-11,БІ,005378I,26.0,21.366959
2025-12,БІ,005378I,29.0,36.57814
2026-01,БІ,005378I,12.0,8.049616
2026-02,БІ,005378I,15.0,5.319087
2025-07,Епіцентр,005378I,13.0,4.7695804
2025-08,Епіцентр,005378I,3.0,7.669732
2025-09,Епіцентр,005378I,2.0,5.51151
2025-10,Епіцентр,005378I,8.0,2.7496905
2025-11,Епіцентр,005378I,4.0,3.963546
2025-12,Епіцентр,005378I,10.0,5.529873
2026-01,Епіцентр,005378I,4.0,2.5680256
2026-02,Епіцентр,005378I,4.0,2.0292213
2025-07,МайПлей,005378I,2.0,2.731989
2025-08,МайПлей,005378I,4.0,2.7309031
2025-09,МайПлей,005378I,6.0,2.3714192
2025-10,МайПлей,005378I,0.0,2.524155
2025-11,МайПлей,005378I,2.0,1.5979276
2025-12,МайПлей,005378I,4.0,2.8440492
2026-01,МайПлей,005378I,0.0,0.0
2026-02,МайПлей,005378I,0.0,0.0
2025-07,Мегамаркет,005378I,1.0,0.9716438
2025-08,Мегамаркет,005378I,1.0,0.69891983
2025-09,Мегамаркет,005378I,1.0,0.79795116
2025-10,Мегамаркет,005378I,0.0,0.75422627
2025-11,Мегамаркет,005378I,1.0,0.52260303
2025-12,Мегамаркет,005378I,3.0,1.4511926
2026-01,Мегамаркет,005378I,0.0,0.015152768
2026-02,Мегамаркет,005378I,1.0,0.8280965
2025-07,Монако,005378I,1.0,1.6858728
2025-08,Монако,005378I,1.0,1.4252163
2025-09,Монако,005378I,0.0,0.0
2025-10,Монако,005378I,1.0,1.3971218
2025-11,Монако,005378I,1.0,1.3931519
2025-12,Монако,005378I,1.0,1.7866293
2026-01,Монако,005378I,1.0,1.301352
2026-02,Монако,005378I,0.0,0.0
2025-07,Смік,005378I,3.0,2.9982586
2025-08,Смік,005378I,4.0,2.5144079
2025-09,Смік,005378I,2.0,2.65374
2025-10,Смік,005378I,1.0,2.0860732
2025-11,Смік,005378I,0.0,1.8657067
2025-12,Смік,005378I,2.0,2.353479
2026-01,Смік,005378I,1.0,1.5557697
2026-02,Смік,005378I,3.0,1.3782974
2025-07,Чудо Острів,005378I,4.0,9.514103
2025-08,Чудо Острів,005378I,10.0,7.484865
2025-09,Чудо Острів,005378I,15.0,6.9059477
2025-10,Чудо Острів,005378I,18.0,8.39291
2025-11,Чудо Острів,005378I,10.0,10.67463
2025-12,Чудо Острів,005378I,9.0,10.657536
2026-01,Чудо Острів,005378I,1.0,2.9804718
2026-02,Чудо Острів,005378I,3.0,1.6353469
2025-07,Епіцентр,205040_I,4.0,1.1202673
2025-08,Епіцентр,205040_I,0.0,0.0
2025-09,Епіцентр,205040_I,0.0,0.0
2025-10,Епіцентр,205040_I,0.0,0.0
2025-11,Епіцентр,205040_I,3.0,0.756672
2025-12,Епіцентр,205040_I,1.0,1.9236889
2026-01,Епіцентр,205040_I,0.0,0.0
2026-02,Епіцентр,205040_I,0.0,0.0
2025-07,Епіцентр,205041_I,0.0,0.0
2025-08,Епіцентр,205041_I,0.0,0.0
2025-09,Епіцентр,205041_I,0.0,0.0
2025-10,Епіцентр,205041_I,0.0,0.0
2025-11,Епіцентр,205041_I,0.0,0.0
2025-12,Епіцентр,205041_I,1.0,0.5421836
2026-01,Епіцентр,205041_I,1.0,0.85438514
2026-02,Епіцентр,205041_I,0.0,0.0
2025-07,ІМ-Кідіс,205052,0.0,0.4540086
2025-08,ІМ-Кідіс,205052,1.0,0.09792725
2025-09,ІМ-Кідіс,205052,0.0,0.22593565
2025-10,ІМ-Кідіс,205052,0.0,0.1412687
2025-11,ІМ-Кідіс,205052,0.0,0.096222825
2025-12,ІМ-Кідіс,205052,0.0,0.017875675
2026-01,ІМ-Кідіс,205052,0.0,0.015975153
2026-02,ІМ-Кідіс,205052,0.0,0.016975783
2025-07,Антошка,205052,5.0,4.793468
2025-08,Антошка,205052,3.0,4.020747
2025-09,Антошка,205052,3.0,3.651593
2025-10,Антошка,205052,2.0,3.6356475
2025-11,Антошка,205052,3.0,3.1381466
2025-12,Антошка,205052,3.0,4.688603
2026-01,Антошка,205052,6.0,1.9813643
2026-02,Антошка,205052,3.0,1.721937
2025-07,БІ,205052,17.0,15.407138
2025-08,БІ,205052,10.0,12.502215
2025-09,БІ,205052,5.0,11.053284
2025-10,БІ,205052,16.0,9.420869
2025-11,БІ,205052,14.0,11.894485
2025-12,БІ,205052,15.0,25.171017
2026-01,БІ,205052,7.0,4.758347
2026-02,БІ,205052,2.0,3.5078049
2025-07,Епіцентр,205052,1.0,1.7444267
2025-08,Епіцентр,205052,0.0,0.0
2025-09,Епіцентр,205052,1.0,1.3774408
2025-10,Епіцентр,205052,0.0,0.0
2025-11,Епіцентр,205052,2.0,1.2558105
2025-12,Епіцентр,205052,1.0,2.3394263
2026-01,Епіцентр,205052,2.0,1.1660132
2026-02,Епіцентр,205052,0.0,0.0
2025-07,МайПлей,205052,2.0,2.7814772
2025-08,МайПлей,205052,1.0,1.6800393
2025-09,МайПлей,205052,2.0,1.674794
2025-10,МайПлей,205052,2.0,1.9225876
2025-11,МайПлей,205052,3.0,1.7061487
2025-12,МайПлей,205052,2.0,3.1053605
2026-01,МайПлей,205052,0.0,0.0
2026-02,МайПлей,205052,0.0,0.0
2025-07,Мегамаркет,205052,0.0,0.61700654
2025-08,Мегамаркет,205052,0.0,0.5003472
2025-09,Мегамаркет,205052,0.0,0.48064175
2025-10,Мегамаркет,205052,1.0,0.509126
2025-11,Мегамаркет,205052,1.0,0.5578204
2025-12,Мегамаркет,205052,1.0,0.713314
2026-01,Мегамаркет,205052,0.0,0.9865769
2026-02,Мегамаркет,205052,0.0,0.09844548
2025-07,Смік,205052,1.0,0.65367943
2025-08,Смік,205052,0.0,0.5135522
2025-09,Смік,205052,0.0,0.57446
2025-10,Смік,205052,0.0,0.5535752
2025-11,Смік,205052,0.0,0.60684866
2025-12,Смік,205052,0.0,0.8495785
2026-01,Смік,205052,0.0,0.0149326185
2026-02,Смік,205052,0.0,0.010534323
2025-07,Чудо Острів,205052,0.0,0.0
2025-08,Чудо Острів,205052,1.0,1.2130783
2025-09,Чудо Острів,205052,0.0,0.0
2025-10,Чудо Острів,205052,0.0,0.0
2025-11,Чудо Острів,205052,0.0,0.0
2025-12,Чудо Острів,205052,2.0,1.8189477
2026-01,Чудо Острів,205052,0.0,0.0
2026-02,Чудо Острів,205052,1.0,1.0936667
2025-07,ІМ-МауДау,206105I,4.0,3.715908
2025-08,ІМ-МауДау,206105I,5.0,4.1295414
2025-09,ІМ-МауДау,206105I,3.0,1.0496527
2025-10,ІМ-МауДау,206105I,3.0,2.2310636
2025-11,ІМ-МауДау,206105I,1.0,3.5610948
2025-12,ІМ-МауДау,206105I,2.0,1.4206316
2026-01,ІМ-МауДау,206105I,1.0,1.2362783
2026-02,ІМ-МауДау,206105I,0.0,0.0
2025-07,ІМ-Розетка,206105I,2.0,1.7312678
2025-08,ІМ-Розетка,206105I,0.0,0.23882762
2025-09,ІМ-Розетка,206105I,0.0,0.14068666
2025-10,ІМ-Розетка,206105I,0.0,0.10112531
2025-11,ІМ-Розетка,206105I,0.0,0.018245349
2025-12,ІМ-Розетка,206105I,2.0,1.8340099
2026-01,ІМ-Розетка,206105I,0.0,0.0
2026-02,ІМ-Розетка,206105I,0.0,0.0
2025-07,Антошка,206105I,3.0,2.7294905
2025-08,Антошка,206105I,3.0,1.9582402
2025-09,Антошка,206105I,0.0,1.5611073
2025-10,Антошка,206105I,0.0,1.9464031
2025-11,Антошка,206105I,0.0,1.6577001
2025-12,Антошка,206105I,0.0,3.270454
2026-01,Антошка,206105I,0.0,0.0
2026-02,Антошка,206105I,0.0,0.0
2025-07,БІ,206105I,63.0,76.26431
2025-08,БІ,206105I,68.0,74.19355
2025-09,БІ,206105I,53.0,71.12998
2025-10,БІ,206105I,59.0,62.8818
2025-11,БІ,206105I,80.0,67.02247
2025-12,БІ,206105I,107.0,98.65293
2026-01,БІ,206105I,73.0,47.99848
2026-02,БІ,206105I,61.0,39.421997
2025-07,Епіцентр,206105I,40.0,20.749289
2025-08,Епіцентр,206105I,34.0,26.817038
2025-09,Епіцентр,206105I,34.0,24.902088
2025-10,Епіцентр,206105I,16.0,28.518682
2025-11,Епіцентр,206105I,21.0,22.09666
2025-12,Епіцентр,206105I,35.0,47.515236
2026-01,Епіцентр,206105I,25.0,14.385311
2026-02,Епіцентр,206105I,16.0,9.236321
2025-07,МайПлей,206105I,4.0,4.568403
2025-08,МайПлей,206105I,4.0,5.582116
2025-09,МайПлей,206105I,4.0,4.623876
2025-10,МайПлей,206105I,8.0,4.36923
2025-11,МайПлей,206105I,12.0,5.6178474
2025-12,МайПлей,206105I,28.0,12.718566
2026-01,МайПлей,206105I,2.0,9.615843
2026-02,МайПлей,206105I,12.0,4.8687086
2025-07,Мегамаркет,206105I,2.0,1.8912196
2025-08,Мегамаркет,206105I,1.0,1.1589829
2025-09,Мегамаркет,206105I,0.0,1.4991775
2025-10,Мегамаркет,206105I,0.0,1.3301347
2025-11,Мегамаркет,206105I,2.0,0.52671534
2025-12,Мегамаркет,206105I,0.0,1.783495
2026-01,Мегамаркет,206105I,1.0,1.3347539
2026-02,Мегамаркет,206105I,1.0,1.1745611
2025-07,Монако,206105I,2.0,2.1128216
2025-08,Монако,206105I,4.0,2.2487578
2025-09,Монако,206105I,2.0,1.9438605
2025-10,Монако,206105I,9.0,2.5923343
2025-11,Монако,206105I,4.0,3.7334442
2025-12,Монако,206105I,0.0,0.0
2026-01,Монако,206105I,4.0,3.0533626
2026-02,Монако,206105I,0.0,0.0
2025-07,РОСТ,206105I,0.0,0.13628584
2025-08,РОСТ,206105I,0.0,0.1059074
2025-09,РОСТ,206105I,0.0,0.1330621
2025-10,РОСТ,206105I,1.0,0.48054686
2025-11,РОСТ,206105I,1.0,1.4817239
2025-12,РОСТ,206105I,2.0,1.9564891
2026-01,РОСТ,206105I,1.0,1.5992165
2026-02,РОСТ,206105I,4.0,1.2038077
2025-07,Росицька ФОП,206105I,0.0,0.2536238
2025-08,Росицька ФОП,206105I,1.0,0.72114384
2025-09,Росицька ФОП,206105I,3.0,1.2204995
2025-10,Росицька ФОП,206105I,1.0,1.6177182
2025-11,Росицька ФОП,206105I,1.0,0.8131682
2025-12,Росицька ФОП,206105I,0.0,1.5694494
2026-01,Росицька ФОП,206105I,1.0,1.0996525
2026-02,Росицька ФОП,206105I,0.0,0.0
2025-07,Смік,206105I,4.0,3.2273252
2025-08,Смік,206105I,5.0,3.2658753
2025-09,Смік,206105I,2.0,3.2531173
2025-10,Смік,206105I,2.0,2.6028166
2025-11,Смік,206105I,2.0,2.8366413
2025-12,Смік,206105I,5.0,5.470671
2026-01,Смік,206105I,4.0,1.86816
2026-02,Смік,206105I,4.0,1.620863
2025-07,Чудо Острів,206105I,35.0,20.494474
2025-08,Чудо Острів,206105I,32.0,32.297115
2025-09,Чудо Острів,206105I,18.0,22.513235
2025-10,Чудо Острів,206105I,20.0,20.825533
2025-11,Чудо Острів,206105I,27.0,19.120167
2025-12,Чудо Острів,206105I,53.0,45.16779
2026-01,Чудо Острів,206105I,24.0,18.298899
2026-02,Чудо Острів,206105I,26.0,17.589453
2025-07,ІМ-МауДау,206301I,0.0,0.64184475
2025-08,ІМ-МауДау,206301I,5.0,0.6976499
2025-09,ІМ-МауДау,206301I,0.0,1.2145653
2025-10,ІМ-МауДау,206301I,0.0,0.7632425
2025-11,ІМ-МауДау,206301I,0.0,0.5364602
2025-12,ІМ-МауДау,206301I,0.0,0.5673989
2026-01,ІМ-МауДау,206301I,1.0,0.021755127
2026-02,ІМ-МауДау,206301I,0.0,0.16952783
2025-07,ІМ-Розетка,206301I,2.0,1.2833555
2025-08,ІМ-Розетка,206301I,1.0,1.5997854
2025-09,ІМ-Розетка,206301I,0.0,0.2515732
2025-10,ІМ-Розетка,206301I,1.0,1.3301431
2025-11,ІМ-Розетка,206301I,0.0,0.15450652
2025-12,ІМ-Розетка,206301I,0.0,0.41781482
2026-01,ІМ-Розетка,206301I,0.0,0.0
2026-02,ІМ-Розетка,206301I,0.0,0.0
2025-07,Антошка,206301I,4.0,2.3244815
2025-08,Антошка,206301I,1.0,2.3511145
2025-09,Антошка,206301I,0.0,1.9971231
2025-10,Антошка,206301I,0.0,1.8020564
2025-11,Антошка,206301I,0.0,1.4080304
2025-12,Антошка,206301I,2.0,3.2635791
2026-01,Антошка,206301I,0.0,0.0
2026-02,Антошка,206301I,0.0,0.0
2025-07,БІ,206301I,50.0,71.639755
2025-08,БІ,206301I,54.0,67.50184
2025-09,БІ,206301I,46.0,62.307755
2025-10,БІ,206301I,66.0,55.56787
2025-11,БІ,206301I,56.0,63.77575
2025-12,БІ,206301I,110.0,81.67605
2026-01,БІ,206301I,77.0,52.424572
2026-02,БІ,206301I,72.0,39.041443
2025-07,Епіцентр,206301I,38.0,13.829941
2025-08,Епіцентр,206301I,17.0,24.554197
2025-09,Епіцентр,206301I,18.0,15.790014
2025-10,Епіцентр,206301I,13.0,17.23609
2025-11,Епіцентр,206301I,21.0,15.500399
2025-12,Епіцентр,206301I,23.0,33.36301
2026-01,Епіцентр,206301I,14.0,10.661436
2026-02,Епіцентр,206301I,11.0,6.6629605
2025-07,МайПлей,206301I,5.0,2.630745
2025-08,МайПлей,206301I,3.0,4.7167244
2025-09,МайПлей,206301I,4.0,3.7876484
2025-10,МайПлей,206301I,3.0,2.3620577
2025-11,МайПлей,206301I,0.0,1.9896884
2025-12,МайПлей,206301I,1.0,3.1883888
2026-01,МайПлей,206301I,1.0,1.4920496
2026-02,МайПлей,206301I,1.0,1.2112129
2025-07,Мегамаркет,206301I,1.0,1.1019919
2025-08,Мегамаркет,206301I,1.0,1.4848397
2025-09,Мегамаркет,206301I,1.0,0.57260925
2025-10,Мегамаркет,206301I,0.0,0.6324643
2025-11,Мегамаркет,206301I,1.0,0.43753517
2025-12,Мегамаркет,206301I,0.0,1.2627611
2026-01,Мегамаркет,206301I,1.0,2.1498702
2026-02,Мегамаркет,206301I,2.0,0.888261
2025-07,Монако,206301I,0.0,0.0
2025-08,Монако,206301I,6.0,2.1770148
2025-09,Монако,206301I,0.0,0.0
2025-10,Монако,206301I,10.0,2.4169147
2025-11,Монако,206301I,4.0,4.743037
2025-12,Монако,206301I,0.0,0.0
2026-01,Монако,206301I,2.0,3.1597013
2026-02,Монако,206301I,0.0,0.0
2025-07,РОСТ,206301I,1.0,0.2577526
2025-08,РОСТ,206301I,0.0,0.3816547
2025-09,РОСТ,206301I,1.0,0.24730586
2025-10,РОСТ,206301I,2.0,0.46812537
2025-11,РОСТ,206301I,1.0,1.5263693
2025-12,РОСТ,206301I,0.0,2.3058894
2026-01,РОСТ,206301I,0.0,0.0
2026-02,РОСТ,206301I,0.0,0.0
2025-07,Смік,206301I,2.0,3.125929
2025-08,Смік,206301I,3.0,3.4904287
2025-09,Смік,206301I,3.0,2.4624708
2025-10,Смік,206301I,0.0,2.40753
2025-11,Смік,206301I,1.0,3.570648
2025-12,Смік,206301I,7.0,4.4362755
2026-01,Смік,206301I,2.0,2.0633147
2026-02,Смік,206301I,2.0,1.1579556
2025-07,Чудо Острів,206301I,19.0,18.993622
2025-08,Чудо Острів,206301I,16.0,17.888498
2025-09,Чудо Острів,206301I,30.0,12.522539
2025-10,Чудо Острів,206301I,21.0,19.063303
2025-11,Чудо Острів,206301I,14.0,16.62676
2025-12,Чудо Острів,206301I,32.0,29.558485
2026-01,Чудо Острів,206301I,15.0,12.1075535
2026-02,Чудо Острів,206301I,14.0,10.989469
2025-07,ІМ-Кідіс,206688I,0.0,0.5571706
2025-08,ІМ-Кідіс,206688I,1.0,0.37916604
2025-09,ІМ-Кідіс,206688I,0.0,0.25556
2025-10,ІМ-Кідіс,206688I,0.0,0.31552643
2025-11,ІМ-Кідіс,206688I,0.0,0.30511612
2025-12,ІМ-Кідіс,206688I,0.0,0.49970436
2026-01,ІМ-Кідіс,206688I,0.0,0.017449746
2026-02,ІМ-Кідіс,206688I,0.0,0.045355495
2025-07,ІМ-МауДау,206688I,2.0,0.7603433
2025-08,ІМ-МауДау,206688I,0.0,0.5884559
2025-09,ІМ-МауДау,206688I,0.0,0.58447176
2025-10,ІМ-МауДау,206688I,2.0,1.381264
2025-11,ІМ-МауДау,206688I,3.0,2.352258
2025-12,ІМ-МауДау,206688I,2.0,2.9066825
2026-01,ІМ-МауДау,206688I,0.0,0.41908404
2026-02,ІМ-МауДау,206688I,0.0,0.14313203
2025-07,ІМ-Розетка,206688I,0.0,2.975804
2025-08,ІМ-Розетка,206688I,0.0,1.8968096
2025-09,ІМ-Розетка,206688I,4.0,2.3379662
2025-10,ІМ-Розетка,206688I,2.0,3.7805984
2025-11,ІМ-Розетка,206688I,3.0,3.8951817
2025-12,ІМ-Розетка,206688I,10.0,8.651407
2026-01,ІМ-Розетка,206688I,1.0,2.5127344
2026-02,ІМ-Розетка,206688I,9.0,1.0846969
2025-07,Антошка,206688I,14.0,12.8156395
2025-08,Антошка,206688I,12.0,14.764212
2025-09,Антошка,206688I,8.0,12.200321
2025-10,Антошка,206688I,18.0,11.665816
2025-11,Антошка,206688I,47.0,25.105637
2025-12,Антошка,206688I,61.0,53.89882
2026-01,Антошка,206688I,49.0,24.89715
2026-02,Антошка,206688I,18.0,16.863895
2025-07,БІ,206688I,35.0,34.62279
2025-08,БІ,206688I,31.0,38.85057
2025-09,БІ,206688I,32.0,30.075228
2025-10,БІ,206688I,36.0,33.462
2025-11,БІ,206688I,64.0,51.17947
2025-12,БІ,206688I,137.0,97.91864
2026-01,БІ,206688I,52.0,32.1217
2026-02,БІ,206688I,28.0,17.095879
2025-07,Епіцентр,206688I,20.0,6.6107717
2025-08,Епіцентр,206688I,13.0,11.382962
2025-09,Епіцентр,206688I,11.0,10.067368
2025-10,Епіцентр,206688I,4.0,10.617689
2025-11,Епіцентр,206688I,8.0,7.072113
2025-12,Епіцентр,206688I,19.0,19.850094
2026-01,Епіцентр,206688I,9.0,5.2487025
2026-02,Епіцентр,206688I,4.0,2.998327
2025-07,Кадор Кідс,206688I,0.0,0.0
2025-08,Кадор Кідс,206688I,2.0,1.5722387
2025-09,Кадор Кідс,206688I,0.0,0.0
2025-10,Кадор Кідс,206688I,0.0,0.0
2025-11,Кадор Кідс,206688I,0.0,0.0
2025-12,Кадор Кідс,206688I,4.0,2.155145
2026-01,Кадор Кідс,206688I,0.0,0.0
2026-02,Кадор Кідс,206688I,0.0,0.0
2025-07,МайПлей,206688I,3.0,2.1213267
2025-08,МайПлей,206688I,3.0,2.2542222
2025-09,МайПлей,206688I,1.0,2.451048
2025-10,МайПлей,206688I,6.0,3.1755674
2025-11,МайПлей,206688I,1.0,2.9979224
2025-12,МайПлей,206688I,10.0,8.137978
2026-01,МайПлей,206688I,2.0,3.004069
2026-02,МайПлей,206688I,2.0,1.1276901
2025-07,Мегамаркет,206688I,0.0,1.2078612
2025-08,Мегамаркет,206688I,4.0,0.7262809
2025-09,Мегамаркет,206688I,0.0,1.482555
2025-10,Мегамаркет,206688I,0.0,0.93430454
2025-11,Мегамаркет,206688I,1.0,0.6397109
2025-12,Мегамаркет,206688I,3.0,2.3098686
2026-01,Мегамаркет,206688I,0.0,0.06197954
2026-02,Мегамаркет,206688I,2.0,0.75267464
2025-07,Монако,206688I,0.0,0.0
2025-08,Монако,206688I,0.0,0.0
2025-09,Монако,206688I,0.0,0.0
2025-10,Монако,206688I,0.0,0.0
2025-11,Монако,206688I,1.0,2.5326965
2025-12,Монако,206688I,0.0,0.0
2026-01,Монако,206688I,1.0,1.634561
2026-02,Монако,206688I,0.0,0.0
2025-07,СмартБі Луцьк,206688I,0.0,0.0
2025-08,СмартБі Луцьк,206688I,0.0,0.0
2025-09,СмартБі Луцьк,206688I,2.0,1.9086006
2025-10,СмартБі Луцьк,206688I,0.0,0.0
2025-11,СмартБі Луцьк,206688I,0.0,0.0
2025-12,СмартБі Луцьк,206688I,2.0,2.3188493
2026-01,СмартБі Луцьк,206688I,0.0,0.0
2026-02,СмартБі Луцьк,206688I,0.0,0.0
2025-07,Смік,206688I,2.0,2.1725712
2025-08,Смік,206688I,1.0,1.8961146
2025-09,Смік,206688I,4.0,2.7650945
2025-10,Смік,206688I,3.0,2.4298942
2025-11,Смік,206688I,0.0,2.4140894
2025-12,Смік,206688I,4.0,3.5386522
2026-01,Смік,206688I,4.0,1.9454056
2026-02,Смік,206688I,1.0,1.4529831
2025-07,Супрун ФОП,206688I,0.0,0.0
2025-08,Супрун ФОП,206688I,0.0,0.0
2025-09,Супрун ФОП,206688I,0.0,0.0
2025-10,Супрун ФОП,206688I,2.0,1.7856876
2025-11,Супрун ФОП,206688I,0.0,0.0
2025-12,Супрун ФОП,206688I,1.0,2.642826
2026-01,Супрун ФОП,206688I,0.0,0.0
2026-02,Супрун ФОП,206688I,0.0,0.0
2025-07,Чудо Острів,206688I,6.0,11.567783
2025-08,Чудо Острів,206688I,10.0,8.911593
2025-09,Чудо Острів,206688I,13.0,6.915995
2025-10,Чудо Острів,206688I,9.0,9.731356
2025-11,Чудо Острів,206688I,11.0,12.526886
2025-12,Чудо Острів,206688I,45.0,26.420197
2026-01,Чудо Острів,206688I,11.0,8.757985
2026-02,Чудо Острів,206688I,4.0,3.0300689
2025-07,Антошка,206711,2.0,1.4847771
2025-08,Антошка,206711,2.0,2.0408533
2025-09,Антошка,206711,9.0,3.3005178
2025-10,Антошка,206711,2.0,4.3117404
2025-11,Антошка,206711,0.0,0.0
2025-12,Антошка,206711,0.0,0.0
2026-01,Антошка,206711,0.0,0.0
2026-02,Антошка,206711,0.0,0.0
2025-07,БІ,206711,0.0,0.0
2025-08,БІ,206711,0.0,0.0
2025-09,БІ,206711,0.0,0.0
2025-10,БІ,206711,0.0,0.0
2025-11,БІ,206711,0.0,0.0
2025-12,БІ,206711,0.0,0.0
2026-01,БІ,206711,0.0,0.0
2026-02,БІ,206711,0.0,0.0
2025-07,Епіцентр,206711,7.0,1.7888887
2025-08,Епіцентр,206711,5.0,3.1877337
2025-09,Епіцентр,206711,6.0,3.776471
2025-10,Епіцентр,206711,2.0,4.493283
2025-11,Епіцентр,206711,3.0,4.0597763
2025-12,Епіцентр,206711,3.0,3.9896321
2026-01,Епіцентр,206711,0.0,0.0
2026-02,Епіцентр,206711,0.0,0.0
2025-07,МайПлей,206711,0.0,0.4068021
2025-08,МайПлей,206711,0.0,0.40520772
2025-09,МайПлей,206711,1.0,0.42565832
2025-10,МайПлей,206711,0.0,0.45383838
2025-11,МайПлей,206711,0.0,0.43681994
2025-12,МайПлей,206711,0.0,0.9943279
2026-01,МайПлей,206711,0.0,0.009044218
2026-02,МайПлей,206711,0.0,0.010742043
2025-07,Чудо Острів,206711,0.0,0.0
2025-08,Чудо Острів,206711,1.0,1.4139372
2025-09,Чудо Острів,206711,4.0,2.354544
2025-10,Чудо Острів,206711,5.0,4.2927327
2025-11,Чудо Острів,206711,2.0,3.8717215
2025-12,Чудо Острів,206711,0.0,0.0
2026-01,Чудо Острів,206711,0.0,0.0
2026-02,Чудо Острів,206711,0.0,0.0
2025-07,Антошка,206893I,1.0,3.4613326
2025-08,Антошка,206893I,5.0,4.515834
2025-09,Антошка,206893I,5.0,6.2118692
2025-10,Антошка,206893I,6.0,6.798719
2025-11,Антошка,206893I,8.0,7.0404086
2025-12,Антошка,206893I,13.0,16.973675
2026-01,Антошка,206893I,12.0,4.258385
2026-02,Антошка,206893I,5.0,4.196549
2025-07,БІ,206893I,38.0,41.92733
2025-08,БІ,206893I,50.0,42.912075
2025-09,БІ,206893I,42.0,44.748478
2025-10,БІ,206893I,51.0,43.31503
2025-11,БІ,206893I,47.0,49.781242
2025-12,БІ,206893I,83.0,79.40132
2026-01,БІ,206893I,51.0,39.493046
2026-02,БІ,206893I,38.0,35.086742
2025-07,Епіцентр,206893I,23.0,4.851184
2025-08,Епіцентр,206893I,5.0,12.645354
2025-09,Епіцентр,206893I,10.0,8.662556
2025-10,Епіцентр,206893I,12.0,9.597548
2025-11,Епіцентр,206893I,9.0,9.131862
2025-12,Епіцентр,206893I,14.0,17.953228
2026-01,Епіцентр,206893I,5.0,8.360402
2026-02,Епіцентр,206893I,3.0,3.764709
2025-07,Країна Казок,206893I,0.0,0.77215976
2025-08,Країна Казок,206893I,0.0,0.398233
2025-09,Країна Казок,206893I,0.0,0.39135975
2025-10,Країна Казок,206893I,1.0,0.24245283
2025-11,Країна Казок,206893I,1.0,0.488324
2025-12,Країна Казок,206893I,0.0,0.7909483
2026-01,Країна Казок,206893I,1.0,0.092176296
2026-02,Країна Казок,206893I,0.0,0.13532135
2025-07,МайПлей,206893I,1.0,3.398432
2025-08,МайПлей,206893I,9.0,4.11022
2025-09,МайПлей,206893I,1.0,5.213832
2025-10,МайПлей,206893I,0.0,3.6352665
2025-11,МайПлей,206893I,3.0,2.5205817
2025-12,МайПлей,206893I,6.0,5.9891915
2026-01,МайПлей,206893I,3.0,3.5019624
2026-02,МайПлей,206893I,1.0,2.191729
2025-07,Мегамаркет,206893I,1.0,0.62571436
2025-08,Мегамаркет,206893I,0.0,0.41646454
2025-09,Мегамаркет,206893I,0.0,0.5128283
2025-10,Мегамаркет,206893I,0.0,0.4026231
2025-11,Мегамаркет,206893I,1.0,0.51736945
2025-12,Мегамаркет,206893I,0.0,0.8612929
2026-01,Мегамаркет,206893I,2.0,0.9755626
2026-02,Мегамаркет,206893I,0.0,0.0
2025-07,Монако,206893I,0.0,0.0
2025-08,Монако,206893I,3.0,1.5600061
2025-09,Монако,206893I,1.0,1.5935742
2025-10,Монако,206893I,4.0,1.4974546
2025-11,Монако,206893I,1.0,1.8186586
2025-12,Монако,206893I,0.0,0.0
2026-01,Монако,206893I,2.0,1.3329245
2026-02,Монако,206893I,0.0,0.0
2025-07,Смік,206893I,1.0,0.23918247
2025-08,Смік,206893I,1.0,0.24062191
2025-09,Смік,206893I,0.0,0.26814935
2025-10,Смік,206893I,0.0,0.4334876
2025-11,Смік,206893I,0.0,0.48674363
2025-12,Смік,206893I,0.0,1.3829442
2026-01,Смік,206893I,0.0,0.019118724
2026-02,Смік,206893I,0.0,0.04221843
2025-07,Супрун ФОП,206893I,0.0,0.011103706
2025-08,Супрун ФОП,206893I,0.0,0.010796206
2025-09,Супрун ФОП,206893I,0.0,0.0132818045
2025-10,Супрун ФОП,206893I,1.0,1.1236063
2025-11,Супрун ФОП,206893I,0.0,0.0
2025-12,Супрун ФОП,206893I,1.0,1.8776003
2026-01,Супрун ФОП,206893I,1.0,1.2254444
2026-02,Супрун ФОП,206893I,0.0,0.0
2025-07,Чудо Острів,206893I,9.0,8.838262
2025-08,Чудо Острів,206893I,9.0,10.508612
2025-09,Чудо Острів,206893I,9.0,7.720113
2025-10,Чудо Острів,206893I,6.0,7.527678
2025-11,Чудо Острів,206893I,16.0,7.122787
2025-12,Чудо Острів,206893I,12.0,25.255987
2026-01,Чудо Острів,206893I,6.0,8.138994
2026-02,Чудо Острів,206893I,7.0,4.524248
2025-07,ІМ-Розетка,212017I,1.0,1.6974233
2025-08,ІМ-Розетка,212017I,3.0,1.3338983
2025-09,ІМ-Розетка,212017I,0.0,0.38117185
2025-10,ІМ-Розетка,212017I,0.0,1.8595301
2025-11,ІМ-Розетка,212017I,8.0,1.8432115
2025-12,ІМ-Розетка,212017I,7.0,7.0148416
2026-01,ІМ-Розетка,212017I,0.0,0.0
2026-02,ІМ-Розетка,212017I,0.0,0.0
2025-07,Антошка,212017I,4.0,2.055795
2025-08,Антошка,212017I,4.0,3.456968
2025-09,Антошка,212017I,2.0,4.943637
2025-10,Антошка,212017I,8.0,4.721024
2025-11,Антошка,212017I,13.0,13.785075
2025-12,Антошка,212017I,47.0,23.399803
2026-01,Антошка,212017I,13.0,5.4169765
2026-02,Антошка,212017I,8.0,3.3009455
2025-07,БІ,212017I,25.0,33.03707
2025-08,БІ,212017I,24.0,34.09446
2025-09,БІ,212017I,28.0,28.257221
2025-10,БІ,212017I,34.0,28.508
2025-11,БІ,212017I,68.0,32.450024
2025-12,БІ,212017I,188.0,102.85912
2026-01,БІ,212017I,39.0,29.367634
2026-02,БІ,212017I,23.0,12.44145
2025-07,Епіцентр,212017I,3.0,0.9645211
2025-08,Епіцентр,212017I,0.0,0.80644506
2025-09,Епіцентр,212017I,0.0,0.098479345
2025-10,Епіцентр,212017I,0.0,0.10407005
2025-11,Епіцентр,212017I,0.0,0.010991112
2025-12,Епіцентр,212017I,1.0,0.86085993
2026-01,Епіцентр,212017I,0.0,0.0
2026-02,Епіцентр,212017I,0.0,0.0
2025-07,МайПлей,212017I,0.0,1.3015364
2025-08,МайПлей,212017I,1.0,1.6633418
2025-09,МайПлей,212017I,1.0,0.811156
2025-10,МайПлей,212017I,5.0,1.033069
2025-11,МайПлей,212017I,3.0,2.730106
2025-12,МайПлей,212017I,3.0,5.575446
2026-01,МайПлей,212017I,4.0,1.6803466
2026-02,МайПлей,212017I,0.0,0.0
2025-07,Мегамаркет,212017I,1.0,0.41691262
2025-08,Мегамаркет,212017I,0.0,0.40627122
2025-09,Мегамаркет,212017I,0.0,0.3681506
2025-10,Мегамаркет,212017I,3.0,0.40050933
2025-11,Мегамаркет,212017I,0.0,0.6314412
2025-12,Мегамаркет,212017I,1.0,1.7645564
2026-01,Мегамаркет,212017I,0.0,0.0
2026-02,Мегамаркет,212017I,0.0,0.0
2025-07,Монако,212017I,0.0,0.0
2025-08,Монако,212017I,0.0,0.013619151
2025-09,Монако,212017I,1.0,1.0081741
2025-10,Монако,212017I,1.0,1.2873917
2025-11,Монако,212017I,1.0,1.2670455
2025-12,Монако,212017I,0.0,0.0
2026-01,Монако,212017I,0.0,0.0
2026-02,Монако,212017I,0.0,0.0
2025-07,РОСТ,212017I,0.0,0.1227106
2025-08,РОСТ,212017I,0.0,0.2465073
2025-09,РОСТ,212017I,0.0,0.23945108
2025-10,РОСТ,212017I,0.0,0.24630919
2025-11,РОСТ,212017I,2.0,0.5737457
2025-12,РОСТ,212017I,0.0,0.5887177
2026-01,РОСТ,212017I,0.0,0.10860236
2026-02,РОСТ,212017I,1.0,0.10965796
2025-07,Смік,212017I,0.0,0.4505355
2025-08,Смік,212017I,0.0,0.40406054
2025-09,Смік,212017I,0.0,0.40077457
2025-10,Смік,212017I,0.0,0.36622706
2025-11,Смік,212017I,1.0,0.525415
2025-12,Смік,212017I,0.0,0.8523115
2026-01,Смік,212017I,0.0,0.03984065
2026-02,Смік,212017I,0.0,0.11072946
2025-07,Співробітники,212017I,0.0,0.0
2025-08,Співробітники,212017I,0.0,0.0
2025-09,Співробітники,212017I,1.0,1.2017025
2025-10,Співробітники,212017I,0.0,0.0
2025-11,Співробітники,212017I,1.0,1.255373
2025-12,Співробітники,212017I,2.0,1.0589466
2026-01,Співробітники,212017I,0.0,0.0
2026-02,Співробітники,212017I,0.0,0.0
2025-07,Чудо Острів,212017I,2.0,2.3682666
2025-08,Чудо Острів,212017I,4.0,2.6505868
2025-09,Чудо Острів,212017I,3.0,2.6943233
2025-10,Чудо Острів,212017I,3.0,3.0317342
2025-11,Чудо Острів,212017I,6.0,2.8048198
2025-12,Чудо Острів,212017I,8.0,7.758345
2026-01,Чудо Острів,212017I,2.0,2.3627322
2026-02,Чудо Острів,212017I,3.0,1.3447392
2025-07,ІМ-МауДау,216216I,4.0,2.237338
2025-08,ІМ-МауДау,216216I,4.0,2.2966647
2025-09,ІМ-МауДау,216216I,1.0,1.6889782
2025-10,ІМ-МауДау,216216I,1.0,0.43450475
2025-11,ІМ-МауДау,216216I,2.0,1.2931587
2025-12,ІМ-МауДау,216216I,2.0,2.8741999
2026-01,ІМ-МауДау,216216I,1.0,0.39944977
2026-02,ІМ-МауДау,216216I,0.0,0.0
2025-07,ІМ-Розетка,216216I,0.0,0.25236472
2025-08,ІМ-Розетка,216216I,0.0,0.14766099
2025-09,ІМ-Розетка,216216I,0.0,0.10275329
2025-10,ІМ-Розетка,216216I,1.0,1.310816
2025-11,ІМ-Розетка,216216I,0.0,0.1493261
2025-12,ІМ-Розетка,216216I,1.0,2.1478233
2026-01,ІМ-Розетка,216216I,1.0,1.1328984
2026-02,ІМ-Розетка,216216I,0.0,0.0
2025-07,Антошка,216216I,17.0,15.439222
2025-08,Антошка,216216I,11.0,14.0703945
2025-09,Антошка,216216I,14.0,11.678457
2025-10,Антошка,216216I,7.0,12.1632595
2025-11,Антошка,216216I,10.0,7.642816
2025-12,Антошка,216216I,10.0,16.872238
2026-01,Антошка,216216I,14.0,7.237753
2026-02,Антошка,216216I,6.0,3.1393816
2025-07,БІ,216216I,53.0,65.89428
2025-08,БІ,216216I,61.0,67.19363
2025-09,БІ,216216I,41.0,61.353073
2025-10,БІ,216216I,66.0,49.846325
2025-11,БІ,216216I,61.0,64.08176
2025-12,БІ,216216I,87.0,90.41041
2026-01,БІ,216216I,44.0,29.383493
2026-02,БІ,216216I,39.0,21.580013
2025-07,Епіцентр,216216I,22.0,10.023406
2025-08,Епіцентр,216216I,11.0,12.777194
2025-09,Епіцентр,216216I,10.0,9.28789
2025-10,Епіцентр,216216I,4.0,10.814103
2025-11,Епіцентр,216216I,11.0,7.546
2025-12,Епіцентр,216216I,18.0,9.69607
2026-01,Епіцентр,216216I,9.0,4.5351906
2026-02,Епіцентр,216216I,13.0,3.7260873
2025-07,Клас,216216I,0.0,0.25159726
2025-08,Клас,216216I,1.0,0.23391408
2025-09,Клас,216216I,0.0,0.22369885
2025-10,Клас,216216I,1.0,0.29723814
2025-11,Клас,216216I,0.0,0.24096246
2025-12,Клас,216216I,0.0,0.53056
2026-01,Клас,216216I,0.0,0.0
2026-02,Клас,216216I,0.0,0.0
2025-07,МайПлей,216216I,7.0,3.2461712
2025-08,МайПлей,216216I,2.0,3.0185256
2025-09,МайПлей,216216I,0.0,2.2866647
2025-10,МайПлей,216216I,6.0,2.7163575
2025-11,МайПлей,216216I,5.0,3.664928
2025-12,МайПлей,216216I,15.0,8.455648
2026-01,МайПлей,216216I,4.0,3.888074
2026-02,МайПлей,216216I,6.0,2.3791804
2025-07,Мегамаркет,216216I,1.0,0.8763784
2025-08,Мегамаркет,216216I,1.0,0.77273107
2025-09,Мегамаркет,216216I,0.0,0.60345393
2025-10,Мегамаркет,216216I,0.0,0.4019164
2025-11,Мегамаркет,216216I,0.0,0.40714276
2025-12,Мегамаркет,216216I,1.0,0.9702851
2026-01,Мегамаркет,216216I,0.0,0.0
2026-02,Мегамаркет,216216I,1.0,0.8200109
2025-07,Монако,216216I,0.0,0.0
2025-08,Монако,216216I,3.0,1.6835716
2025-09,Монако,216216I,1.0,1.8896097
2025-10,Монако,216216I,5.0,2.2564197
2025-11,Монако,216216I,1.0,2.3994675
2025-12,Монако,216216I,0.0,0.0
2026-01,Монако,216216I,3.0,1.9115057
2026-02,Монако,216216I,0.0,0.0
2025-07,Росицька ФОП,216216I,0.0,0.24291943
2025-08,Росицька ФОП,216216I,1.0,0.25900346
2025-09,Росицька ФОП,216216I,2.0,0.23709857
2025-10,Росицька ФОП,216216I,2.0,0.7142406
2025-11,Росицька ФОП,216216I,1.0,0.8291771
2025-12,Росицька ФОП,216216I,0.0,1.9345758
2026-01,Росицька ФОП,216216I,0.0,0.57620364
2026-02,Росицька ФОП,216216I,0.0,0.12051323
2025-07,Смік,216216I,1.0,2.852192
2025-08,Смік,216216I,1.0,1.7947013
2025-09,Смік,216216I,1.0,1.5570716
2025-10,Смік,216216I,4.0,2.2190778
2025-11,Смік,216216I,2.0,3.3650918
2025-12,Смік,216216I,1.0,2.7922432
2026-01,Смік,216216I,2.0,1.3210095
2026-02,Смік,216216I,1.0,1.0424577
2025-07,Чудо Острів,216216I,14.0,10.834035
2025-08,Чудо Острів,216216I,22.0,10.022618
2025-09,Чудо Острів,216216I,9.0,11.495159
2025-10,Чудо Острів,216216I,11.0,11.306782
2025-11,Чудо Острів,216216I,10.0,13.806661
2025-12,Чудо Острів,216216I,19.0,16.16955
2026-01,Чудо Острів,216216I,13.0,5.7735524
2026-02,Чудо Острів,216216I,9.0,3.997426
2025-07,БІ,216265I,0.0,0.0
2025-08,БІ,216265I,1.0,2.689645
2025-09,БІ,216265I,0.0,0.0
2025-10,БІ,216265I,1.0,2.5148032
2025-11,БІ,216265I,0.0,0.0
2025-12,БІ,216265I,0.0,0.0
2026-01,БІ,216265I,1.0,0.74214405
2026-02,БІ,216265I,0.0,0.0
2025-07,Епіцентр,216265I,2.0,1.2919486
2025-08,Епіцентр,216265I,1.0,1.6228043
2025-09,Епіцентр,216265I,4.0,2.314415
2025-10,Епіцентр,216265I,2.0,2.5695624
2025-11,Епіцентр,216265I,1.0,2.6107395
2025-12,Епіцентр,216265I,1.0,4.998215
2026-01,Епіцентр,216265I,0.0,0.0
2026-02,Епіцентр,216265I,0.0,0.0
2025-07,Чудо Острів,216265I,1.0,1.1650436
2025-08,Чудо Острів,216265I,0.0,0.0
2025-09,Чудо Острів,216265I,5.0,1.8514946
2025-10,Чудо Острів,216265I,2.0,2.2534645
2025-11,Чудо Острів,216265I,0.0,0.0
2025-12,Чудо Острів,216265I,0.0,0.0
2026-01,Чудо Острів,216265I,0.0,0.0
2026-02,Чудо Острів,216265I,0.0,0.0
2025-07,ІМ-МауДау,216267I,0.0,0.5864527
2025-08,ІМ-МауДау,216267I,4.0,0.6450846
2025-09,ІМ-МауДау,216267I,1.0,1.1132325
2025-10,ІМ-МауДау,216267I,0.0,0.64208853
2025-11,ІМ-МауДау,216267I,2.0,0.59522545
2025-12,ІМ-МауДау,216267I,0.0,2.878382
2026-01,ІМ-МауДау,216267I,0.0,0.3986536
2026-02,ІМ-МауДау,216267I,0.0,0.14518587
2025-07,ІМ-Розетка,216267I,0.0,0.32762346
2025-08,ІМ-Розетка,216267I,0.0,0.4519924
2025-09,ІМ-Розетка,216267I,0.0,0.4685648
2025-10,ІМ-Розетка,216267I,0.0,0.39848584
2025-11,ІМ-Розетка,216267I,0.0,0.42944506
2025-12,ІМ-Розетка,216267I,0.0,1.4164366
2026-01,ІМ-Розетка,216267I,1.0,0.3713666
2026-02,ІМ-Розетка,216267I,1.0,1.08734
2025-07,Антошка,216267I,28.0,15.6798725
2025-08,Антошка,216267I,32.0,24.763964
2025-09,Антошка,216267I,18.0,22.11107
2025-10,Антошка,216267I,11.0,17.916546
2025-11,Антошка,216267I,17.0,17.743572
2025-12,Антошка,216267I,23.0,30.04134
2026-01,Антошка,216267I,15.0,6.8708425
2026-02,Антошка,216267I,15.0,4.9440246
2025-07,БІ,216267I,64.0,60.266525
2025-08,БІ,216267I,75.0,61.390953
2025-09,БІ,216267I,46.0,61.589222
2025-10,БІ,216267I,75.0,58.313465
2025-11,БІ,216267I,102.0,63.605915
2025-12,БІ,216267I,159.0,94.17452
2026-01,БІ,216267I,67.0,48.909416
2026-02,БІ,216267I,47.0,24.562815
2025-07,Епіцентр,216267I,31.0,15.21074
2025-08,Епіцентр,216267I,14.0,21.814512
2025-09,Епіцентр,216267I,12.0,15.184859
2025-10,Епіцентр,216267I,14.0,16.126972
2025-11,Епіцентр,216267I,9.0,13.334381
2025-12,Епіцентр,216267I,31.0,31.020618
2026-01,Епіцентр,216267I,18.0,10.173011
2026-02,Епіцентр,216267I,11.0,5.90189
2025-07,Кубі,216267I,2.0,1.8022877
2025-08,Кубі,216267I,0.0,0.0
2025-09,Кубі,216267I,17.0,1.7836605
2025-10,Кубі,216267I,0.0,0.052610606
2025-11,Кубі,216267I,7.0,2.8842201
2025-12,Кубі,216267I,3.0,10.6367
2026-01,Кубі,216267I,4.0,3.263546
2026-02,Кубі,216267I,0.0,0.0
2025-07,МайПлей,216267I,6.0,4.7616467
2025-08,МайПлей,216267I,4.0,5.330024
2025-09,МайПлей,216267I,3.0,3.2779536
2025-10,МайПлей,216267I,8.0,3.347578
2025-11,МайПлей,216267I,4.0,5.8954544
2025-12,МайПлей,216267I,14.0,12.041551
2026-01,МайПлей,216267I,3.0,4.09439
2026-02,МайПлей,216267I,2.0,1.7980992
2025-07,Мегамаркет,216267I,0.0,1.2347475
2025-08,Мегамаркет,216267I,1.0,0.55680615
2025-09,Мегамаркет,216267I,2.0,0.36167517
2025-10,Мегамаркет,216267I,1.0,0.6028833
2025-11,Мегамаркет,216267I,1.0,0.83764315
2025-12,Мегамаркет,216267I,2.0,2.0097413
2026-01,Мегамаркет,216267I,0.0,0.02087424
2026-02,Мегамаркет,216267I,1.0,0.8764383
2025-07,Монако,216267I,0.0,0.0
2025-08,Монако,216267I,3.0,2.2080915
2025-09,Монако,216267I,0.0,0.0
2025-10,Монако,216267I,3.0,2.1262717
2025-11,Монако,216267I,2.0,1.593163
2025-12,Монако,216267I,0.0,0.0
2026-01,Монако,216267I,4.0,1.5815822
2026-02,Монако,216267I,0.0,0.0
2025-07,РОСТ,216267I,1.0,0.66492164
2025-08,РОСТ,216267I,1.0,0.57318836
2025-09,РОСТ,216267I,1.0,0.5870341
2025-10,РОСТ,216267I,1.0,1.1748217
2025-11,РОСТ,216267I,0.0,1.1381596
2025-12,РОСТ,216267I,0.0,1.2548364
2026-01,РОСТ,216267I,1.0,0.8759834
2026-02,РОСТ,216267I,0.0,0.0
2025-07,Росицька ФОП,216267I,2.0,0.1428614
2025-08,Росицька ФОП,216267I,1.0,0.9775683
2025-09,Росицька ФОП,216267I,0.0,0.38960004
2025-10,Росицька ФОП,216267I,0.0,0.42034462
2025-11,Росицька ФОП,216267I,1.0,0.79781204
2025-12,Росицька ФОП,216267I,2.0,0.70427775
2026-01,Росицька ФОП,216267I,0.0,0.33989805
2026-02,Росицька ФОП,216267I,0.0,0.10461642
2025-07,СмартБі Луцьк,216267I,0.0,0.0
2025-08,СмартБі Луцьк,216267I,3.0,2.245008
2025-09,СмартБі Луцьк,216267I,0.0,0.0
2025-10,СмартБі Луцьк,216267I,0.0,0.0
2025-11,СмартБі Луцьк,216267I,0.0,0.0
2025-12,СмартБі Луцьк,216267I,0.0,0.0
2026-01,СмартБі Луцьк,216267I,0.0,0.0
2026-02,СмартБі Луцьк,216267I,0.0,0.0
2025-07,Чудо Острів,216267I,17.0,17.358965
2025-08,Чудо Острів,216267I,20.0,18.739645
2025-09,Чудо Острів,216267I,14.0,12.360281
2025-10,Чудо Острів,216267I,16.0,13.485224
2025-11,Чудо Острів,216267I,10.0,15.00417
2025-12,Чудо Острів,216267I,30.0,28.392004
2026-01,Чудо Острів,216267I,8.0,9.874933
2026-02,Чудо Острів,216267I,9.0,3.749916
2025-07,ІМ-МауДау,216271I,0.0,0.24833727
2025-08,ІМ-МауДау,216271I,3.0,1.1432467
2025-09,ІМ-МауДау,216271I,0.0,0.34090185
2025-10,ІМ-МауДау,216271I,2.0,1.1059602
2025-11,ІМ-МауДау,216271I,6.0,2.65556
2025-12,ІМ-МауДау,216271I,2.0,4.3359547
2026-01,ІМ-МауДау,216271I,1.0,1.9074314
2026-02,ІМ-МауДау,216271I,0.0,0.0
2025-07,ІМ-Розетка,216271I,1.0,1.9814382
2025-08,ІМ-Розетка,216271I,0.0,0.18529925
2025-09,ІМ-Розетка,216271I,0.0,0.10249355
2025-10,ІМ-Розетка,216271I,0.0,0.04979055
2025-11,ІМ-Розетка,216271I,1.0,1.6487858
2025-12,ІМ-Розетка,216271I,2.0,3.0825062
2026-01,ІМ-Розетка,216271I,0.0,0.0
2026-02,ІМ-Розетка,216271I,0.0,0.0
2025-07,Антошка,216271I,14.0,14.43949
2025-08,Антошка,216271I,19.0,21.096428
2025-09,Антошка,216271I,23.0,21.877247
2025-10,Антошка,216271I,19.0,21.806993
2025-11,Антошка,216271I,29.0,28.08114
2025-12,Антошка,216271I,23.0,42.76237
2026-01,Антошка,216271I,15.0,11.435231
2026-02,Антошка,216271I,25.0,7.838557
2025-07,БІ,216271I,22.0,38.231728
2025-08,БІ,216271I,31.0,25.406652
2025-09,БІ,216271I,29.0,22.79727
2025-10,БІ,216271I,44.0,20.732265
2025-11,БІ,216271I,41.0,29.609035
2025-12,БІ,216271I,41.0,85.22489
2026-01,БІ,216271I,24.0,34.53147
2026-02,БІ,216271I,24.0,20.297169
2025-07,Епіцентр,216271I,20.0,13.2273445
2025-08,Епіцентр,216271I,12.0,15.924429
2025-09,Епіцентр,216271I,14.0,11.969733
2025-10,Епіцентр,216271I,17.0,12.087325
2025-11,Епіцентр,216271I,26.0,14.267656
2025-12,Епіцентр,216271I,39.0,46.203693
2026-01,Епіцентр,216271I,16.0,17.789843
2026-02,Епіцентр,216271I,14.0,4.9812884
2025-07,Країна Казок,216271I,0.0,0.28395584
2025-08,Країна Казок,216271I,0.0,0.24527325
2025-09,Країна Казок,216271I,1.0,0.36784247
2025-10,Країна Казок,216271I,0.0,0.13665348
2025-11,Країна Казок,216271I,0.0,0.4777596
2025-12,Країна Казок,216271I,1.0,0.52377975
2026-01,Країна Казок,216271I,0.0,0.36756894
2026-02,Країна Казок,216271I,0.0,0.099742614
2025-07,МайПлей,216271I,1.0,3.101949
2025-08,МайПлей,216271I,2.0,2.5358222
2025-09,МайПлей,216271I,4.0,3.2619772
2025-10,МайПлей,216271I,6.0,3.1277864
2025-11,МайПлей,216271I,2.0,4.613081
2025-12,МайПлей,216271I,7.0,9.060457
2026-01,МайПлей,216271I,4.0,4.8496003
2026-02,МайПлей,216271I,4.0,2.5447829
2025-07,Мегамаркет,216271I,1.0,0.6189726
2025-08,Мегамаркет,216271I,0.0,1.1419903
2025-09,Мегамаркет,216271I,5.0,0.52610356
2025-10,Мегамаркет,216271I,3.0,1.5934565
2025-11,Мегамаркет,216271I,1.0,1.5813487
2025-12,Мегамаркет,216271I,0.0,3.2017539
2026-01,Мегамаркет,216271I,0.0,0.0
2026-02,Мегамаркет,216271I,0.0,0.0
2025-07,Монако,216271I,1.0,1.3766791
2025-08,Монако,216271I,1.0,1.3390547
2025-09,Монако,216271I,0.0,0.0
2025-10,Монако,216271I,3.0,1.4063482
2025-11,Монако,216271I,1.0,1.7834613
2025-12,Монако,216271I,1.0,2.376996
2026-01,Монако,216271I,5.0,1.5164886
2026-02,Монако,216271I,0.0,0.0
2025-07,РОСТ,216271I,0.0,0.24018933
2025-08,РОСТ,216271I,1.0,0.25620368
2025-09,РОСТ,216271I,0.0,0.31618953
2025-10,РОСТ,216271I,1.0,0.58164865
2025-11,РОСТ,216271I,1.0,0.46301803
2025-12,РОСТ,216271I,0.0,0.8019832
2026-01,РОСТ,216271I,1.0,1.0607291
2026-02,РОСТ,216271I,0.0,0.0
2025-07,Росицька ФОП,216271I,1.0,0.10231983
2025-08,Росицька ФОП,216271I,0.0,0.7306878
2025-09,Росицька ФОП,216271I,1.0,0.49543986
2025-10,Росицька ФОП,216271I,0.0,0.77935106
2025-11,Росицька ФОП,216271I,1.0,0.5220867
2025-12,Росицька ФОП,216271I,1.0,0.6259975
2026-01,Росицька ФОП,216271I,1.0,1.0714933
2026-02,Росицька ФОП,216271I,0.0,0.23656411
2025-07,Смік,216271I,3.0,1.5977658
2025-08,Смік,216271I,6.0,2.4393835
2025-09,Смік,216271I,5.0,3.1887164
2025-10,Смік,216271I,2.0,2.8941262
2025-11,Смік,216271I,3.0,3.7848911
2025-12,Смік,216271I,5.0,8.667628
2026-01,Смік,216271I,1.0,2.6027384
2026-02,Смік,216271I,5.0,1.3354495
2025-07,Супрун ФОП,216271I,0.0,0.0
2025-08,Супрун ФОП,216271I,1.0,1.4777966
2025-09,Супрун ФОП,216271I,0.0,0.0
2025-10,Супрун ФОП,216271I,1.0,1.4118598
2025-11,Супрун ФОП,216271I,0.0,0.0
2025-12,Супрун ФОП,216271I,0.0,0.0
2026-01,Супрун ФОП,216271I,0.0,0.0
2026-02,Супрун ФОП,216271I,0.0,0.0
2025-07,Чудо Острів,216271I,17.0,11.862576
2025-08,Чудо Острів,216271I,16.0,15.779842
2025-09,Чудо Острів,216271I,11.0,12.039239
2025-10,Чудо Острів,216271I,15.0,16.08764
2025-11,Чудо Острів,216271I,19.0,13.914693
2025-12,Чудо Острів,216271I,23.0,45.45941
2026-01,Чудо Острів,216271I,14.0,13.578561
2026-02,Чудо Острів,216271I,17.0,9.800832
2025-07,Антошка,216273,25.0,33.797783
2025-08,Антошка,216273,26.0,28.742508
2025-09,Антошка,216273,15.0,26.425114
2025-10,Антошка,216273,11.0,15.785864
2025-11,Антошка,216273,16.0,15.36554
2025-12,Антошка,216273,27.0,25.552383
2026-01,Антошка,216273,10.0,8.700183
2026-02,Антошка,216273,9.0,3.8032534
2025-07,БІ,216273,57.0,67.37183
2025-08,БІ,216273,43.0,63.308365
2025-09,БІ,216273,45.0,49.296753
2025-10,БІ,216273,44.0,52.25853
2025-11,БІ,216273,50.0,45.41053
2025-12,БІ,216273,74.0,78.67616
2026-01,БІ,216273,56.0,40.21335
2026-02,БІ,216273,38.0,36.879368
2025-07,Епіцентр,216273,27.0,7.430927
2025-08,Епіцентр,216273,19.0,14.067722
2025-09,Епіцентр,216273,17.0,14.589309
2025-10,Епіцентр,216273,20.0,14.946852
2025-11,Епіцентр,216273,18.0,14.572347
2025-12,Епіцентр,216273,28.0,32.479965
2026-01,Епіцентр,216273,14.0,12.005839
2026-02,Епіцентр,216273,14.0,5.2786055
2025-07,Країна Казок,216273,0.0,0.27043456
2025-08,Країна Казок,216273,0.0,0.25489002
2025-09,Країна Казок,216273,1.0,0.14452383
2025-10,Країна Казок,216273,0.0,0.36226925
2025-11,Країна Казок,216273,2.0,1.2823187
2025-12,Країна Казок,216273,0.0,0.13976598
2026-01,Країна Казок,216273,1.0,1.3313055
2026-02,Країна Казок,216273,0.0,1.1174773
2025-07,МайПлей,216273,12.0,4.5634036
2025-08,МайПлей,216273,7.0,6.578447
2025-09,МайПлей,216273,2.0,6.757929
2025-10,МайПлей,216273,9.0,7.052235
2025-11,МайПлей,216273,10.0,6.8243866
2025-12,МайПлей,216273,22.0,12.597879
2026-01,МайПлей,216273,8.0,9.615511
2026-02,МайПлей,216273,7.0,5.6902843
2025-07,Монако,216273,2.0,3.3943667
2025-08,Монако,216273,2.0,3.0954351
2025-09,Монако,216273,0.0,0.0
2025-10,Монако,216273,5.0,2.0189416
2025-11,Монако,216273,3.0,2.5586174
2025-12,Монако,216273,0.0,0.0
2026-01,Монако,216273,4.0,3.1025777
2026-02,Монако,216273,0.0,0.0
2025-07,РОСТ,216273,0.0,1.2409039
2025-08,РОСТ,216273,0.0,0.51426333
2025-09,РОСТ,216273,0.0,0.55548066
2025-10,РОСТ,216273,0.0,0.7927902
2025-11,РОСТ,216273,0.0,0.3843812
2025-12,РОСТ,216273,0.0,0.5898394
2026-01,РОСТ,216273,1.0,1.0667188
2026-02,РОСТ,216273,0.0,0.7513565
2025-07,Росицька ФОП,216273,0.0,0.47464702
2025-08,Росицька ФОП,216273,0.0,0.27351555
2025-09,Росицька ФОП,216273,0.0,0.81215817
2025-10,Росицька ФОП,216273,1.0,0.4373229
2025-11,Росицька ФОП,216273,3.0,0.24936795
2025-12,Росицька ФОП,216273,1.0,1.6442578
2026-01,Росицька ФОП,216273,1.0,1.2002438
2026-02,Росицька ФОП,216273,0.0,0.29307616
2025-07,СмартБі Луцьк,216273,0.0,0.0
2025-08,СмартБі Луцьк,216273,1.0,2.0624712
2025-09,СмартБі Луцьк,216273,0.0,0.0
2025-10,СмартБі Луцьк,216273,0.0,0.0
2025-11,СмартБі Луцьк,216273,0.0,0.0
2025-12,СмартБі Луцьк,216273,2.0,1.6489004
2026-01,СмартБі Луцьк,216273,0.0,0.0
2026-02,СмартБі Луцьк,216273,0.0,0.0
2025-07,Чудо Острів,216273,0.0,1.4683226
2025-08,Чудо Острів,216273,0.0,1.2542084
2025-09,Чудо Острів,216273,0.0,1.1464453
2025-10,Чудо Острів,216273,0.0,0.88584936
2025-11,Чудо Острів,216273,0.0,0.84230876
2025-12,Чудо Острів,216273,1.0,1.3314238
2026-01,Чудо Острів,216273,0.0,0.0
2026-02,Чудо Острів,216273,0.0,0.0
2025-07,Епіцентр,216274I,17.0,3.9479456
2025-08,Епіцентр,216274I,6.0,7.6445856
2025-09,Епіцентр,216274I,3.0,4.88575
2025-10,Епіцентр,216274I,3.0,4.047323
2025-11,Епіцентр,216274I,5.0,3.8599172
2025-12,Епіцентр,216274I,1.0,4.674575
2026-01,Епіцентр,216274I,3.0,1.268591
2026-02,Епіцентр,216274I,1.0,0.96288985
2025-07,МайПлей,216274I,0.0,0.0
2025-08,МайПлей,216274I,1.0,1.3499782
2025-09,МайПлей,216274I,0.0,0.0
2025-10,МайПлей,216274I,1.0,1.3809909
2025-11,МайПлей,216274I,0.0,0.0
2025-12,МайПлей,216274I,0.0,0.0
2026-01,МайПлей,216274I,0.0,0.0
2026-02,МайПлей,216274I,0.0,0.0
2025-07,Мегамаркет,216274I,0.0,0.0
2025-08,Мегамаркет,216274I,0.0,0.0
2025-09,Мегамаркет,216274I,1.0,0.7934953
2025-10,Мегамаркет,216274I,0.0,0.0
2025-11,Мегамаркет,216274I,0.0,0.0
2025-12,Мегамаркет,216274I,0.0,0.0
2026-01,Мегамаркет,216274I,0.0,0.091268905
2026-02,Мегамаркет,216274I,0.0,0.0
2025-07,Чудо Острів,216274I,2.0,5.3685703
2025-08,Чудо Острів,216274I,2.0,4.3918037
2025-09,Чудо Острів,216274I,1.0,3.3365324
2025-10,Чудо Острів,216274I,3.0,2.6374395
2025-11,Чудо Острів,216274I,3.0,2.6839151
2025-12,Чудо Острів,216274I,1.0,5.4423103
2026-01,Чудо Острів,216274I,1.0,1.6842897
2026-02,Чудо Острів,216274I,1.0,1.3781283
2025-07,Антошка,216276,17.0,14.714419
2025-08,Антошка,216276,18.0,18.06195
2025-09,Антошка,216276,11.0,15.954682
2025-10,Антошка,216276,16.0,14.622144
2025-11,Антошка,216276,9.0,10.661457
2025-12,Антошка,216276,16.0,12.264159
2026-01,Антошка,216276,4.0,4.466317
2026-02,Антошка,216276,8.0,1.3989447
2025-07,БІ,216276,52.0,44.000725
2025-08,БІ,216276,67.0,50.599102
2025-09,БІ,216276,52.0,58.696648
2025-10,БІ,216276,37.0,46.8959
2025-11,БІ,216276,26.0,29.822887
2025-12,БІ,216276,29.0,52.178192
2026-01,БІ,216276,18.0,10.474144
2026-02,БІ,216276,9.0,7.2543845
2025-07,Епіцентр,216276,20.0,15.891849
2025-08,Епіцентр,216276,16.0,16.32436
2025-09,Епіцентр,216276,16.0,13.483318
2025-10,Епіцентр,216276,10.0,11.867364
2025-11,Епіцентр,216276,9.0,8.641076
2025-12,Епіцентр,216276,25.0,17.344389
2026-01,Епіцентр,216276,4.0,5.6436067
2026-02,Епіцентр,216276,2.0,1.470294
2025-07,Країна Казок,216276,0.0,0.4956614
2025-08,Країна Казок,216276,0.0,0.44013113
2025-09,Країна Казок,216276,3.0,0.44809285
2025-10,Країна Казок,216276,0.0,1.0428758
2025-11,Країна Казок,216276,0.0,0.4363078
2025-12,Країна Казок,216276,3.0,0.13749407
2026-01,Країна Казок,216276,0.0,0.33553752
2026-02,Країна Казок,216276,0.0,0.12528929
2025-07,МайПлей,216276,2.0,3.6869392
2025-08,МайПлей,216276,4.0,4.366926
2025-09,МайПлей,216276,8.0,4.1679163
2025-10,МайПлей,216276,3.0,3.7851193
2025-11,МайПлей,216276,1.0,2.584563
2025-12,МайПлей,216276,3.0,4.2713985
2026-01,МайПлей,216276,2.0,1.3246305
2026-02,МайПлей,216276,2.0,1.1399603
2025-07,Мегамаркет,216276,1.0,0.85762155
2025-08,Мегамаркет,216276,2.0,0.70635086
2025-09,Мегамаркет,216276,0.0,0.7537292
2025-10,Мегамаркет,216276,0.0,0.67833334
2025-11,Мегамаркет,216276,0.0,0.25512064
2025-12,Мегамаркет,216276,0.0,0.24182034
2026-01,Мегамаркет,216276,0.0,1.0726297
2026-02,Мегамаркет,216276,2.0,0.019988691
2025-07,Монако,216276,2.0,2.308769
2025-08,Монако,216276,6.0,2.18503
2025-09,Монако,216276,0.0,0.0
2025-10,Монако,216276,0.0,0.0
2025-11,Монако,216276,0.0,0.0
2025-12,Монако,216276,0.0,0.0
2026-01,Монако,216276,0.0,0.0
2026-02,Монако,216276,0.0,0.0
2025-07,Росицька ФОП,216276,1.0,0.14427787
2025-08,Росицька ФОП,216276,0.0,0.49689856
2025-09,Росицька ФОП,216276,0.0,0.8471229
2025-10,Росицька ФОП,216276,0.0,0.38473633
2025-11,Росицька ФОП,216276,1.0,0.14437523
2025-12,Росицька ФОП,216276,0.0,0.3770932
2026-01,Росицька ФОП,216276,0.0,0.08878046
2026-02,Росицька ФОП,216276,1.0,0.12018691
2025-07,Чудо Острів,216276,17.0,11.109573
2025-08,Чудо Острів,216276,24.0,20.209974
2025-09,Чудо Острів,216276,14.0,15.638605
2025-10,Чудо Острів,216276,13.0,11.489696
2025-11,Чудо Острів,216276,8.0,10.478733
2025-12,Чудо Острів,216276,16.0,12.322623
2026-01,Чудо Острів,216276,11.0,4.3179646
2026-02,Чудо Острів,216276,11.0,3.9771917
2025-07,Антошка,216279I,16.0,16.807257
2025-08,Антошка,216279I,2.0,16.525728
2025-09,Антошка,216279I,14.0,8.866187
2025-10,Антошка,216279I,5.0,12.540439
2025-11,Антошка,216279I,7.0,10.794693
2025-12,Антошка,216279I,11.0,9.777912
2026-01,Антошка,216279I,9.0,3.1783283
2026-02,Антошка,216279I,8.0,3.583217
2025-07,БІ,216279I,57.0,56.30474
2025-08,БІ,216279I,48.0,64.990204
2025-09,БІ,216279I,51.0,52.873543
2025-10,БІ,216279I,41.0,57.265354
2025-11,БІ,216279I,58.0,44.93192
2025-12,БІ,216279I,79.0,84.587166
2026-01,БІ,216279I,39.0,31.909565
2026-02,БІ,216279I,32.0,20.543158
2025-07,Епіцентр,216279I,43.0,13.569726
2025-08,Епіцентр,216279I,15.0,25.97444
2025-09,Епіцентр,216279I,22.0,17.241337
2025-10,Епіцентр,216279I,11.0,19.094557
2025-11,Епіцентр,216279I,25.0,14.088783
2025-12,Епіцентр,216279I,33.0,33.88018
2026-01,Епіцентр,216279I,10.0,9.859986
2026-02,Епіцентр,216279I,15.0,4.805696
2025-07,Клас,216279I,0.0,0.15788072
2025-08,Клас,216279I,0.0,0.24494356
2025-09,Клас,216279I,0.0,0.10169401
2025-10,Клас,216279I,0.0,0.044553284
2025-11,Клас,216279I,0.0,0.10850978
2025-12,Клас,216279I,0.0,0.1263563
2026-01,Клас,216279I,0.0,0.0
2026-02,Клас,216279I,0.0,0.0
2025-07,Країна Казок,216279I,1.0,0.25856313
2025-08,Країна Казок,216279I,1.0,0.55711204
2025-09,Країна Казок,216279I,1.0,0.8281785
2025-10,Країна Казок,216279I,0.0,0.41965193
2025-11,Країна Казок,216279I,0.0,0.44309196
2025-12,Країна Казок,216279I,0.0,0.49007794
2026-01,Країна Казок,216279I,0.0,0.017759865
2026-02,Країна Казок,216279I,0.0,0.021475365
2025-07,МайПлей,216279I,4.0,6.1543775
2025-08,МайПлей,216279I,5.0,5.841032
2025-09,МайПлей,216279I,5.0,4.582122
2025-10,МайПлей,216279I,5.0,4.830258
2025-11,МайПлей,216279I,8.0,5.0451417
2025-12,МайПлей,216279I,13.0,11.62812
2026-01,МайПлей,216279I,4.0,3.9092941
2026-02,МайПлей,216279I,8.0,1.6870009
2025-07,Мегамаркет,216279I,2.0,1.0606662
2025-08,Мегамаркет,216279I,0.0,0.7221201
2025-09,Мегамаркет,216279I,1.0,0.79316205
2025-10,Мегамаркет,216279I,2.0,0.93701047
2025-11,Мегамаркет,216279I,0.0,1.266866
2025-12,Мегамаркет,216279I,3.0,1.9550503
2026-01,Мегамаркет,216279I,0.0,0.022118188
2026-02,Мегамаркет,216279I,1.0,1.0482488
2025-07,Монако,216279I,2.0,1.8272382
2025-08,Монако,216279I,2.0,1.958155
2025-09,Монако,216279I,1.0,2.1504698
2025-10,Монако,216279I,4.0,1.9960648
2025-11,Монако,216279I,3.0,2.0941243
2025-12,Монако,216279I,0.0,0.0
2026-01,Монако,216279I,3.0,2.5221078
2026-02,Монако,216279I,0.0,0.0
2025-07,Новая Лінія,216279I,2.0,0.5036378
2025-08,Новая Лінія,216279I,1.0,0.2382499
2025-09,Новая Лінія,216279I,1.0,0.5716045
2025-10,Новая Лінія,216279I,1.0,1.1694016
2025-11,Новая Лінія,216279I,0.0,0.36859122
2025-12,Новая Лінія,216279I,2.0,0.30032408
2026-01,Новая Лінія,216279I,0.0,0.18613404
2026-02,Новая Лінія,216279I,0.0,0.0421402
2025-07,РОСТ,216279I,0.0,0.24626973
2025-08,РОСТ,216279I,0.0,0.23926328
2025-09,РОСТ,216279I,0.0,0.14292772
2025-10,РОСТ,216279I,0.0,0.5000879
2025-11,РОСТ,216279I,2.0,1.2108005
2025-12,РОСТ,216279I,1.0,1.6918492
2026-01,РОСТ,216279I,0.0,0.0
2026-02,РОСТ,216279I,2.0,0.8928515
2025-07,Росицька ФОП,216279I,0.0,0.43012875
2025-08,Росицька ФОП,216279I,0.0,0.45586443
2025-09,Росицька ФОП,216279I,0.0,0.41542366
2025-10,Росицька ФОП,216279I,2.0,0.31440684
2025-11,Росицька ФОП,216279I,2.0,0.6831445
2025-12,Росицька ФОП,216279I,0.0,1.8309551
2026-01,Росицька ФОП,216279I,1.0,0.5825331
2026-02,Росицька ФОП,216279I,0.0,0.15888336
2025-07,Смік,216279I,7.0,3.3375485
2025-08,Смік,216279I,3.0,3.9266047
2025-09,Смік,216279I,5.0,4.8043256
2025-10,Смік,216279I,5.0,4.2180758
2025-11,Смік,216279I,10.0,3.9534965
2025-12,Смік,216279I,9.0,11.449611
2026-01,Смік,216279I,4.0,3.0859144
2026-02,Смік,216279I,1.0,1.7758
2025-07,Чудо Острів,216279I,8.0,13.776323
2025-08,Чудо Острів,216279I,16.0,12.9973545
2025-09,Чудо Острів,216279I,10.0,12.243938
2025-10,Чудо Острів,216279I,16.0,13.1428385
2025-11,Чудо Острів,216279I,16.0,14.62932
2025-12,Чудо Острів,216279I,22.0,26.954468
2026-01,Чудо Острів,216279I,10.0,6.754651
2026-02,Чудо Острів,216279I,6.0,4.215045
2025-07,ІМ-Розетка,216289I,1.0,1.9234372
2025-08,ІМ-Розетка,216289I,0.0,0.15842393
2025-09,ІМ-Розетка,216289I,0.0,0.062217753
2025-10,ІМ-Розетка,216289I,1.0,2.2472324
2025-11,ІМ-Розетка,216289I,0.0,0.16598776
2025-12,ІМ-Розетка,216289I,1.0,2.953532
2026-01,ІМ-Розетка,216289I,0.0,0.0
2026-02,ІМ-Розетка,216289I,0.0,0.0
2025-07,Антошка,216289I,17.0,10.727927
2025-08,Антошка,216289I,19.0,14.734415
2025-09,Антошка,216289I,11.0,15.522064
2025-10,Антошка,216289I,10.0,14.210582
2025-11,Антошка,216289I,13.0,13.223685
2025-12,Антошка,216289I,19.0,22.380919
2026-01,Антошка,216289I,7.0,11.532034
2026-02,Антошка,216289I,14.0,4.182096
2025-07,БІ,216289I,28.0,32.096806
2025-08,БІ,216289I,35.0,33.225266
2025-09,БІ,216289I,29.0,32.45298
2025-10,БІ,216289I,29.0,35.196896
2025-11,БІ,216289I,31.0,31.23544
2025-12,БІ,216289I,57.0,56.11624
2026-01,БІ,216289I,16.0,29.409163
2026-02,БІ,216289I,23.0,14.28925
2025-07,Епіцентр,216289I,11.0,3.9969573
2025-08,Епіцентр,216289I,3.0,6.0976734
2025-09,Епіцентр,216289I,7.0,5.9798884
2025-10,Епіцентр,216289I,4.0,5.4275274
2025-11,Епіцентр,216289I,6.0,4.18151
2025-12,Епіцентр,216289I,10.0,12.042256
2026-01,Епіцентр,216289I,4.0,4.6981373
2026-02,Епіцентр,216289I,5.0,2.3049989
2025-07,Літл Бук,216289I,0.0,0.0
2025-08,Літл Бук,216289I,0.0,0.0
2025-09,Літл Бук,216289I,0.0,0.0
2025-10,Літл Бук,216289I,2.0,1.7441417
2025-11,Літл Бук,216289I,0.0,0.0
2025-12,Літл Бук,216289I,2.0,3.0184207
2026-01,Літл Бук,216289I,0.0,0.0
2026-02,Літл Бук,216289I,0.0,0.0
2025-07,МайПлей,216289I,1.0,2.6147375
2025-08,МайПлей,216289I,1.0,2.154974
2025-09,МайПлей,216289I,5.0,2.2041361
2025-10,МайПлей,216289I,2.0,2.0420234
2025-11,МайПлей,216289I,5.0,2.4905906
2025-12,МайПлей,216289I,3.0,6.323044
2026-01,МайПлей,216289I,4.0,4.9559474
2026-02,МайПлей,216289I,2.0,1.9031974
2025-07,Мегамаркет,216289I,0.0,1.1460525
2025-08,Мегамаркет,216289I,0.0,0.848766
2025-09,Мегамаркет,216289I,2.0,0.4714875
2025-10,Мегамаркет,216289I,1.0,0.739593
2025-11,Мегамаркет,216289I,1.0,1.1605271
2025-12,Мегамаркет,216289I,2.0,2.4452915
2026-01,Мегамаркет,216289I,0.0,0.022898939
2026-02,Мегамаркет,216289I,1.0,0.82875377
2025-07,Монако,216289I,1.0,2.0052142
2025-08,Монако,216289I,1.0,1.8864508
2025-09,Монако,216289I,1.0,1.8582021
2025-10,Монако,216289I,1.0,1.7624216
2025-11,Монако,216289I,2.0,1.6937004
2025-12,Монако,216289I,0.0,0.0
2026-01,Монако,216289I,1.0,1.7497909
2026-02,Монако,216289I,0.0,0.0
2025-07,РОСТ,216289I,0.0,0.24675865
2025-08,РОСТ,216289I,1.0,0.22992909
2025-09,РОСТ,216289I,0.0,0.22960591
2025-10,РОСТ,216289I,1.0,0.71731436
2025-11,РОСТ,216289I,1.0,0.74219024
2025-12,РОСТ,216289I,0.0,0.6348579
2026-01,РОСТ,216289I,0.0,0.0
2026-02,РОСТ,216289I,0.0,0.0
2025-07,Росицька ФОП,216289I,0.0,0.14813212
2025-08,Росицька ФОП,216289I,1.0,0.5354459
2025-09,Росицька ФОП,216289I,0.0,0.7332255
2025-10,Росицька ФОП,216289I,0.0,0.273498
2025-11,Росицька ФОП,216289I,1.0,0.29385236
2025-12,Росицька ФОП,216289I,1.0,0.85228926
2026-01,Росицька ФОП,216289I,1.0,0.6123222
2026-02,Росицька ФОП,216289I,0.0,0.2473776
2025-07,СмартБі Луцьк,216289I,0.0,0.0
2025-08,СмартБі Луцьк,216289I,0.0,1.7153424
2025-09,СмартБі Луцьк,216289I,1.0,1.3129773
2025-10,СмартБі Луцьк,216289I,0.0,0.0
2025-11,СмартБі Луцьк,216289I,0.0,0.0
2025-12,СмартБі Луцьк,216289I,0.0,0.0
2026-01,СмартБі Луцьк,216289I,1.0,1.6060244
2026-02,СмартБі Луцьк,216289I,0.0,0.0
2025-07,Смік,216289I,1.0,1.8841696
2025-08,Смік,216289I,4.0,2.3671582
2025-09,Смік,216289I,0.0,2.2665672
2025-10,Смік,216289I,3.0,2.5368006
2025-11,Смік,216289I,5.0,2.1646838
2025-12,Смік,216289I,4.0,4.613143
2026-01,Смік,216289I,2.0,2.5230575
2026-02,Смік,216289I,3.0,1.0784006
2025-07,Чарівник,216289I,0.0,0.25525045
2025-08,Чарівник,216289I,0.0,0.22912247
2025-09,Чарівник,216289I,0.0,0.22755398
2025-10,Чарівник,216289I,0.0,0.34862205
2025-11,Чарівник,216289I,1.0,0.43371078
2025-12,Чарівник,216289I,0.0,0.6973669
2026-01,Чарівник,216289I,1.0,0.4245747
2026-02,Чарівник,216289I,0.0,0.13393018
2025-07,Чудо Острів,216289I,7.0,10.019437
2025-08,Чудо Острів,216289I,9.0,8.06497
2025-09,Чудо Острів,216289I,8.0,6.4988976
2025-10,Чудо Острів,216289I,14.0,7.5627546
2025-11,Чудо Острів,216289I,16.0,10.056547
2025-12,Чудо Острів,216289I,15.0,24.500513
2026-01,Чудо Острів,216289I,8.0,8.297686
2026-02,Чудо Острів,216289I,5.0,4.119156
2025-07,ІМ-МауДау,216314_I,1.0,1.3197453
2025-08,ІМ-МауДау,216314_I,3.0,1.0290408
2025-09,ІМ-МауДау,216314_I,0.0,1.0589417
2025-10,ІМ-МауДау,216314_I,1.0,1.2715552
2025-11,ІМ-МауДау,216314_I,2.0,1.7751348
2025-12,ІМ-МауДау,216314_I,2.0,2.009565
2026-01,ІМ-МауДау,216314_I,0.0,0.42734924
2026-02,ІМ-МауДау,216314_I,0.0,0.07848077
2025-07,Антошка,216314_I,33.0,37.952003
2025-08,Антошка,216314_I,55.0,49.32449
2025-09,Антошка,216314_I,59.0,56.086334
2025-10,Антошка,216314_I,52.0,61.615715
2025-11,Антошка,216314_I,43.0,51.979218
2025-12,Антошка,216314_I,60.0,81.32239
2026-01,Антошка,216314_I,31.0,30.835724
2026-02,Антошка,216314_I,17.0,14.2874365
2025-07,БІ,216314_I,83.0,85.07701
2025-08,БІ,216314_I,134.0,85.17112
2025-09,БІ,216314_I,123.0,76.13412
2025-10,БІ,216314_I,106.0,85.55713
2025-11,БІ,216314_I,118.0,84.50085
2025-12,БІ,216314_I,145.0,101.43693
2026-01,БІ,216314_I,86.0,54.252533
2026-02,БІ,216314_I,78.0,45.1935
2025-07,Епіцентр,216314_I,54.0,25.19417
2025-08,Епіцентр,216314_I,18.0,41.239807
2025-09,Епіцентр,216314_I,26.0,23.906734
2025-10,Епіцентр,216314_I,20.0,24.210794
2025-11,Епіцентр,216314_I,29.0,20.427708
2025-12,Епіцентр,216314_I,59.0,45.26531
2026-01,Епіцентр,216314_I,29.0,22.309414
2026-02,Епіцентр,216314_I,30.0,11.863491
2025-07,МайПлей,216314_I,6.0,5.684073
2025-08,МайПлей,216314_I,9.0,7.217241
2025-09,МайПлей,216314_I,5.0,4.544643
2025-10,МайПлей,216314_I,3.0,3.6174803
2025-11,МайПлей,216314_I,2.0,2.4175987
2025-12,МайПлей,216314_I,0.0,2.5874856
2026-01,МайПлей,216314_I,1.0,1.3013824
2026-02,МайПлей,216314_I,1.0,0.95837575
2025-07,Мегамаркет,216314_I,1.0,0.546433
2025-08,Мегамаркет,216314_I,1.0,1.110147
2025-09,Мегамаркет,216314_I,1.0,0.41892228
2025-10,Мегамаркет,216314_I,2.0,0.577477
2025-11,Мегамаркет,216314_I,1.0,0.4942711
2025-12,Мегамаркет,216314_I,2.0,1.8068391
2026-01,Мегамаркет,216314_I,0.0,0.0
2026-02,Мегамаркет,216314_I,0.0,0.0
2025-07,Монако,216314_I,2.0,2.3520255
2025-08,Монако,216314_I,4.0,2.065038
2025-09,Монако,216314_I,5.0,2.0282815
2025-10,Монако,216314_I,5.0,2.8661275
2025-11,Монако,216314_I,2.0,3.6703014
2025-12,Монако,216314_I,0.0,0.0
2026-01,Монако,216314_I,5.0,2.740142
2026-02,Монако,216314_I,0.0,0.0
2025-07,Росицька ФОП,216314_I,0.0,0.33435997
2025-08,Росицька ФОП,216314_I,1.0,0.8364552
2025-09,Росицька ФОП,216314_I,2.0,1.1732998
2025-10,Росицька ФОП,216314_I,1.0,1.3464966
2025-11,Росицька ФОП,216314_I,2.0,1.0990087
2025-12,Росицька ФОП,216314_I,6.0,1.4038105
2026-01,Росицька ФОП,216314_I,1.0,2.0127392
2026-02,Росицька ФОП,216314_I,2.0,1.3087093
2025-07,Смік,216314_I,1.0,0.70120174
2025-08,Смік,216314_I,2.0,0.47219676
2025-09,Смік,216314_I,0.0,0.42542282
2025-10,Смік,216314_I,0.0,0.29747376
2025-11,Смік,216314_I,0.0,0.10214698
2025-12,Смік,216314_I,0.0,0.09081456
2026-01,Смік,216314_I,0.0,0.0
2026-02,Смік,216314_I,0.0,0.0
2025-07,Чудо Острів,216314_I,20.0,24.860697
2025-08,Чудо Острів,216314_I,33.0,27.810268
2025-09,Чудо Острів,216314_I,23.0,22.65809
2025-10,Чудо Острів,216314_I,24.0,21.235083
2025-11,Чудо Острів,216314_I,28.0,26.685991
2025-12,Чудо Острів,216314_I,41.0,53.643963
2026-01,Чудо Острів,216314_I,22.0,22.806488
2026-02,Чудо Острів,216314_I,26.0,16.123974
2025-07,ІМ-МауДау,216320I,3.0,1.4473403
2025-08,ІМ-МауДау,216320I,3.0,1.9110379
2025-09,ІМ-МауДау,216320I,3.0,1.2939926
2025-10,ІМ-МауДау,216320I,1.0,1.8900357
2025-11,ІМ-МауДау,216320I,1.0,2.0910835
2025-12,ІМ-МауДау,216320I,0.0,1.1087344
2026-01,ІМ-МауДау,216320I,1.0,0.8903184
2026-02,ІМ-МауДау,216320I,0.0,0.0
2025-07,ІМ-Розетка,216320I,0.0,0.3579754
2025-08,ІМ-Розетка,216320I,0.0,0.11888913
2025-09,ІМ-Розетка,216320I,0.0,0.04333128
2025-10,ІМ-Розетка,216320I,0.0,0.017720502
2025-11,ІМ-Розетка,216320I,0.0,0.009208026
2025-12,ІМ-Розетка,216320I,1.0,2.0415196
2026-01,ІМ-Розетка,216320I,0.0,0.0
2026-02,ІМ-Розетка,216320I,0.0,0.0
2025-07,Антошка,216320I,12.0,5.492078
2025-08,Антошка,216320I,7.0,8.866096
2025-09,Антошка,216320I,3.0,5.137875
2025-10,Антошка,216320I,2.0,4.017937
2025-11,Антошка,216320I,2.0,3.4507854
2025-12,Антошка,216320I,11.0,3.903668
2026-01,Антошка,216320I,2.0,2.2504869
2026-02,Антошка,216320I,5.0,0.98412323
2025-07,БІ,216320I,7.0,8.376904
2025-08,БІ,216320I,5.0,6.901058
2025-09,БІ,216320I,2.0,4.605963
2025-10,БІ,216320I,3.0,8.38891
2025-11,БІ,216320I,11.0,8.044485
2025-12,БІ,216320I,21.0,11.032502
2026-01,БІ,216320I,6.0,3.6830218
2026-02,БІ,216320I,8.0,3.5672061
2025-07,Епіцентр,216320I,14.0,3.0013094
2025-08,Епіцентр,216320I,3.0,7.0857115
2025-09,Епіцентр,216320I,2.0,4.522801
2025-10,Епіцентр,216320I,2.0,2.1804247
2025-11,Епіцентр,216320I,8.0,2.615429
2025-12,Епіцентр,216320I,7.0,5.1525383
2026-01,Епіцентр,216320I,4.0,2.2444868
2026-02,Епіцентр,216320I,3.0,2.0531764
2025-07,МайПлей,216320I,1.0,2.39314
2025-08,МайПлей,216320I,2.0,2.680406
2025-09,МайПлей,216320I,5.0,2.3377345
2025-10,МайПлей,216320I,7.0,2.5498056
2025-11,МайПлей,216320I,0.0,3.625254
2025-12,МайПлей,216320I,1.0,3.632047
2026-01,МайПлей,216320I,5.0,0.9955505
2026-02,МайПлей,216320I,0.0,0.0
2025-07,Мегамаркет,216320I,0.0,0.84761876
2025-08,Мегамаркет,216320I,2.0,1.0234314
2025-09,Мегамаркет,216320I,2.0,0.94662136
2025-10,Мегамаркет,216320I,2.0,1.0489256
2025-11,Мегамаркет,216320I,1.0,0.9985148
2025-12,Мегамаркет,216320I,0.0,1.2073328
2026-01,Мегамаркет,216320I,1.0,0.9053853
2026-02,Мегамаркет,216320I,1.0,0.95367235
2025-07,Монако,216320I,0.0,0.021617657
2025-08,Монако,216320I,1.0,1.4888461
2025-09,Монако,216320I,0.0,0.0
2025-10,Монако,216320I,0.0,0.0
2025-11,Монако,216320I,1.0,1.2469314
2025-12,Монако,216320I,0.0,0.0
2026-01,Монако,216320I,1.0,1.019893
2026-02,Монако,216320I,0.0,0.0
2025-07,Новая Лінія,216320I,1.0,0.35359916
2025-08,Новая Лінія,216320I,0.0,0.3663302
2025-09,Новая Лінія,216320I,3.0,0.5273064
2025-10,Новая Лінія,216320I,0.0,1.1090838
2025-11,Новая Лінія,216320I,0.0,0.6134986
2025-12,Новая Лінія,216320I,0.0,0.9745859
2026-01,Новая Лінія,216320I,1.0,0.43754983
2026-02,Новая Лінія,216320I,0.0,0.0
2025-07,РОСТ,216320I,1.0,0.23511973
2025-08,РОСТ,216320I,0.0,0.23719802
2025-09,РОСТ,216320I,0.0,0.38621143
2025-10,РОСТ,216320I,1.0,0.48572716
2025-11,РОСТ,216320I,0.0,0.71509564
2025-12,РОСТ,216320I,0.0,0.6109212
2026-01,РОСТ,216320I,1.0,0.6806301
2026-02,РОСТ,216320I,0.0,0.0
2025-07,Смік,216320I,1.0,1.1699785
2025-08,Смік,216320I,0.0,1.8103889
2025-09,Смік,216320I,1.0,0.77602285
2025-10,Смік,216320I,2.0,0.8420091
2025-11,Смік,216320I,0.0,1.1374362
2025-12,Смік,216320I,2.0,1.411431
2026-01,Смік,216320I,2.0,1.0506314
2026-02,Смік,216320I,0.0,0.0
2025-07,Чарівник,216320I,0.0,0.47359613
2025-08,Чарівник,216320I,1.0,0.71471345
2025-09,Чарівник,216320I,0.0,0.3554009
2025-10,Чарівник,216320I,0.0,0.30268875
2025-11,Чарівник,216320I,1.0,0.41073895
2025-12,Чарівник,216320I,0.0,0.25145096
2026-01,Чарівник,216320I,0.0,0.08999663
2026-02,Чарівник,216320I,0.0,0.10864829
2025-07,Чудо Острів,216320I,11.0,7.795957
2025-08,Чудо Острів,216320I,6.0,6.696894
2025-09,Чудо Острів,216320I,10.0,5.5620213
2025-10,Чудо Острів,216320I,3.0,6.6343703
2025-11,Чудо Острів,216320I,7.0,5.0426006
2025-12,Чудо Острів,216320I,12.0,8.673713
2026-01,Чудо Острів,216320I,6.0,4.824249
2026-02,Чудо Острів,216320I,4.0,3.6015623
2025-07,ІМ-МауДау,216429I,0.0,1.0254173
2025-08,ІМ-МауДау,216429I,7.0,0.9243394
2025-09,ІМ-МауДау,216429I,0.0,1.4690212
2025-10,ІМ-МауДау,216429I,4.0,2.258909
2025-11,ІМ-МауДау,216429I,0.0,1.5954102
2025-12,ІМ-МауДау,216429I,1.0,1.725184
2026-01,ІМ-МауДау,216429I,0.0,0.0
2026-02,ІМ-МауДау,216429I,0.0,0.0
2025-07,ІМ-Розетка,216429I,0.0,0.011523709
2025-08,ІМ-Розетка,216429I,1.0,1.631305
2025-09,ІМ-Розетка,216429I,1.0,1.5473487
2025-10,ІМ-Розетка,216429I,0.0,0.28405285
2025-11,ІМ-Розетка,216429I,2.0,1.6401949
2025-12,ІМ-Розетка,216429I,1.0,2.326602
2026-01,ІМ-Розетка,216429I,0.0,0.0
2026-02,ІМ-Розетка,216429I,0.0,0.0
2025-07,Антошка,216429I,6.0,7.7797036
2025-08,Антошка,216429I,7.0,10.210746
2025-09,Антошка,216429I,10.0,9.948029
2025-10,Антошка,216429I,9.0,8.324658
2025-11,Антошка,216429I,12.0,9.736435
2025-12,Антошка,216429I,8.0,16.449318
2026-01,Антошка,216429I,9.0,5.086546
2026-02,Антошка,216429I,7.0,3.3925042
2025-07,БІ,216429I,82.0,65.542274
2025-08,БІ,216429I,103.0,74.32227
2025-09,БІ,216429I,88.0,70.42516
2025-10,БІ,216429I,111.0,75.56819
2025-11,БІ,216429I,149.0,88.085846
2025-12,БІ,216429I,169.0,102.20677
2026-01,БІ,216429I,78.0,47.258953
2026-02,БІ,216429I,43.0,29.931604
2025-07,Епіцентр,216429I,26.0,10.027072
2025-08,Епіцентр,216429I,10.0,15.837982
2025-09,Епіцентр,216429I,4.0,8.687057
2025-10,Епіцентр,216429I,12.0,9.003713
2025-11,Епіцентр,216429I,10.0,9.415135
2025-12,Епіцентр,216429I,10.0,12.602091
2026-01,Епіцентр,216429I,14.0,3.8253586
2026-02,Епіцентр,216429I,8.0,4.032684
2025-07,Країна Казок,216429I,0.0,0.52174306
2025-08,Країна Казок,216429I,1.0,0.4513752
2025-09,Країна Казок,216429I,1.0,0.22364973
2025-10,Країна Казок,216429I,0.0,0.22862151
2025-11,Країна Казок,216429I,0.0,0.351672
2025-12,Країна Казок,216429I,0.0,0.36477253
2026-01,Країна Казок,216429I,0.0,0.01754798
2026-02,Країна Казок,216429I,1.0,0.013408304
2025-07,МайПлей,216429I,3.0,3.588015
2025-08,МайПлей,216429I,1.0,3.1256156
2025-09,МайПлей,216429I,1.0,1.7624797
2025-10,МайПлей,216429I,8.0,3.070511
2025-11,МайПлей,216429I,6.0,5.8934445
2025-12,МайПлей,216429I,12.0,12.609191
2026-01,МайПлей,216429I,4.0,3.3746724
2026-02,МайПлей,216429I,5.0,2.202916
2025-07,Мегамаркет,216429I,0.0,0.5436612
2025-08,Мегамаркет,216429I,0.0,0.43705663
2025-09,Мегамаркет,216429I,0.0,0.3829578
2025-10,Мегамаркет,216429I,0.0,0.38554195
2025-11,Мегамаркет,216429I,2.0,0.40120885
2025-12,Мегамаркет,216429I,1.0,0.82468
2026-01,Мегамаркет,216429I,0.0,0.0
2026-02,Мегамаркет,216429I,1.0,0.91332704
2025-07,Монако,216429I,2.0,1.7323271
2025-08,Монако,216429I,3.0,1.8861425
2025-09,Монако,216429I,0.0,0.0
2025-10,Монако,216429I,3.0,1.9154428
2025-11,Монако,216429I,2.0,1.6874608
2025-12,Монако,216429I,0.0,0.0
2026-01,Монако,216429I,2.0,2.6149333
2026-02,Монако,216429I,0.0,0.0
2025-07,Росицька ФОП,216429I,0.0,0.2516874
2025-08,Росицька ФОП,216429I,0.0,0.9026702
2025-09,Росицька ФОП,216429I,0.0,0.43818793
2025-10,Росицька ФОП,216429I,0.0,0.59045756
2025-11,Росицька ФОП,216429I,0.0,0.40751436
2025-12,Росицька ФОП,216429I,1.0,1.231795
2026-01,Росицька ФОП,216429I,0.0,0.57573366
2026-02,Росицька ФОП,216429I,1.0,0.11865497
2025-07,Смік,216429I,1.0,0.49661183
2025-08,Смік,216429I,0.0,0.35160583
2025-09,Смік,216429I,0.0,0.5050696
2025-10,Смік,216429I,0.0,0.4041911
2025-11,Смік,216429I,0.0,0.39228797
2025-12,Смік,216429I,0.0,0.788928
2026-01,Смік,216429I,0.0,0.0
2026-02,Смік,216429I,0.0,0.0
2025-07,Чудо Острів,216429I,20.0,13.534069
2025-08,Чудо Острів,216429I,17.0,20.227081
2025-09,Чудо Острів,216429I,15.0,13.744349
2025-10,Чудо Острів,216429I,15.0,13.827051
2025-11,Чудо Острів,216429I,14.0,15.027691
2025-12,Чудо Острів,216429I,32.0,24.466383
2026-01,Чудо Острів,216429I,17.0,7.3087306
2026-02,Чудо Острів,216429I,17.0,4.9076037
2025-07,ІМ-МауДау,216569,0.0,0.020561235
2025-08,ІМ-МауДау,216569,0.0,0.045538943
2025-09,ІМ-МауДау,216569,0.0,0.0
2025-10,ІМ-МауДау,216569,2.0,1.0765496
2025-11,ІМ-МауДау,216569,2.0,2.2888644
2025-12,ІМ-МауДау,216569,2.0,1.9336573
2026-01,ІМ-МауДау,216569,1.0,1.5163565
2026-02,ІМ-МауДау,216569,0.0,0.23661159
2025-07,Антошка,216569,42.0,47.58952
2025-08,Антошка,216569,17.0,38.220062
2025-09,Антошка,216569,12.0,24.056255
2025-10,Антошка,216569,25.0,36.459274
2025-11,Антошка,216569,39.0,48.03385
2025-12,Антошка,216569,49.0,61.009853
2026-01,Антошка,216569,33.0,17.02787
2026-02,Антошка,216569,23.0,12.511123
2025-07,БІ,216569,31.0,45.414
2025-08,БІ,216569,11.0,30.416515
2025-09,БІ,216569,7.0,29.577885
2025-10,БІ,216569,63.0,46.364147
2025-11,БІ,216569,81.0,58.33779
2025-12,БІ,216569,106.0,91.37423
2026-01,БІ,216569,48.0,36.57592
2026-02,БІ,216569,25.0,19.589455
2025-07,Епіцентр,216569,46.0,13.697145
2025-08,Епіцентр,216569,9.0,28.051008
2025-09,Епіцентр,216569,10.0,13.4591
2025-10,Епіцентр,216569,18.0,23.916454
2025-11,Епіцентр,216569,23.0,17.4531
2025-12,Епіцентр,216569,29.0,23.40804
2026-01,Епіцентр,216569,30.0,6.931887
2026-02,Епіцентр,216569,18.0,8.035763
2025-07,МайПлей,216569,4.0,3.2044647
2025-08,МайПлей,216569,0.0,0.0
2025-09,МайПлей,216569,1.0,0.14596282
2025-10,МайПлей,216569,6.0,3.575127
2025-11,МайПлей,216569,13.0,6.1792665
2025-12,МайПлей,216569,21.0,16.49753
2026-01,МайПлей,216569,4.0,4.3578124
2026-02,МайПлей,216569,1.0,1.9466926
2025-07,Монако,216569,0.0,0.0
2025-08,Монако,216569,0.0,0.0
2025-09,Монако,216569,0.0,0.0
2025-10,Монако,216569,5.0,2.1711786
2025-11,Монако,216569,4.0,3.9500902
2025-12,Монако,216569,0.0,0.0
2026-01,Монако,216569,0.0,0.0
2026-02,Монако,216569,0.0,0.0
2025-07,Чудо Острів,216569,28.0,18.68266
2025-08,Чудо Острів,216569,32.0,19.68888
2025-09,Чудо Острів,216569,22.0,19.487337
2025-10,Чудо Острів,216569,12.0,21.046751
2025-11,Чудо Острів,216569,15.0,23.206291
2025-12,Чудо Острів,216569,31.0,29.710081
2026-01,Чудо Острів,216569,10.0,7.616576
2026-02,Чудо Острів,216569,15.0,4.5875077
2025-07,Антошка,216570I,2.0,2.1401572
2025-08,Антошка,216570I,4.0,4.0862136
2025-09,Антошка,216570I,6.0,6.2571096
2025-10,Антошка,216570I,4.0,5.5507216
2025-11,Антошка,216570I,12.0,5.1046467
2025-12,Антошка,216570I,8.0,14.813438
2026-01,Антошка,216570I,12.0,2.6430316
2026-02,Антошка,216570I,6.0,3.015203
2025-07,БІ,216570I,6.0,10.69058
2025-08,БІ,216570I,11.0,14.294667
2025-09,БІ,216570I,12.0,21.085981
2025-10,БІ,216570I,22.0,26.400564
2025-11,БІ,216570I,31.0,24.992645
2025-12,БІ,216570I,37.0,36.535034
2026-01,БІ,216570I,16.0,8.598062
2026-02,БІ,216570I,17.0,5.281863
2025-07,Епіцентр,216570I,9.0,6.9499984
2025-08,Епіцентр,216570I,7.0,7.767213
2025-09,Епіцентр,216570I,5.0,7.482233
2025-10,Епіцентр,216570I,8.0,7.138454
2025-11,Епіцентр,216570I,8.0,7.0192976
2025-12,Епіцентр,216570I,10.0,8.998675
2026-01,Епіцентр,216570I,4.0,2.9004898
2026-02,Епіцентр,216570I,3.0,2.0506706
2025-07,Клас,216570I,0.0,0.3373825
2025-08,Клас,216570I,1.0,0.10920258
2025-09,Клас,216570I,0.0,0.25400946
2025-10,Клас,216570I,0.0,0.14730556
2025-11,Клас,216570I,0.0,0.14179626
2025-12,Клас,216570I,0.0,0.0
2026-01,Клас,216570I,0.0,0.0
2026-02,Клас,216570I,0.0,0.0
2025-07,МайПлей,216570I,6.0,1.7187904
2025-08,МайПлей,216570I,4.0,2.9472623
2025-09,МайПлей,216570I,4.0,4.0768914
2025-10,МайПлей,216570I,7.0,4.013523
2025-11,МайПлей,216570I,6.0,5.110091
2025-12,МайПлей,216570I,6.0,8.190585
2026-01,МайПлей,216570I,2.0,2.526642
2026-02,МайПлей,216570I,3.0,1.7928538
2025-07,Мегамаркет,216570I,0.0,1.0006618
2025-08,Мегамаркет,216570I,2.0,1.3492353
2025-09,Мегамаркет,216570I,0.0,1.2098198
2025-10,Мегамаркет,216570I,0.0,0.5686369
2025-11,Мегамаркет,216570I,2.0,0.39818537
2025-12,Мегамаркет,216570I,0.0,0.0
2026-01,Мегамаркет,216570I,1.0,1.130161
2026-02,Мегамаркет,216570I,0.0,0.0
2025-07,Монако,216570I,2.0,1.8870243
2025-08,Монако,216570I,2.0,1.914471
2025-09,Монако,216570I,3.0,2.0721533
2025-10,Монако,216570I,10.0,2.1301928
2025-11,Монако,216570I,2.0,4.1088285
2025-12,Монако,216570I,0.0,0.07179673
2026-01,Монако,216570I,0.0,0.0
2026-02,Монако,216570I,0.0,0.0
2025-07,Новая Лінія,216570I,1.0,0.40958366
2025-08,Новая Лінія,216570I,1.0,0.38104635
2025-09,Новая Лінія,216570I,0.0,0.51861125
2025-10,Новая Лінія,216570I,1.0,0.42150947
2025-11,Новая Лінія,216570I,1.0,0.23769668
2025-12,Новая Лінія,216570I,2.0,1.0777346
2026-01,Новая Лінія,216570I,0.0,0.0
2026-02,Новая Лінія,216570I,0.0,0.0
2025-07,Росицька ФОП,216570I,0.0,0.14171848
2025-08,Росицька ФОП,216570I,0.0,0.6208554
2025-09,Росицька ФОП,216570I,1.0,0.85635805
2025-10,Росицька ФОП,216570I,0.0,0.43548325
2025-11,Росицька ФОП,216570I,1.0,0.2547827
2025-12,Росицька ФОП,216570I,0.0,0.40395793
2026-01,Росицька ФОП,216570I,1.0,0.092725486
2026-02,Росицька ФОП,216570I,0.0,0.27564898
2025-07,Смік,216570I,1.0,0.6251284
2025-08,Смік,216570I,1.0,1.3945739
2025-09,Смік,216570I,1.0,1.2654916
2025-10,Смік,216570I,1.0,1.0024105
2025-11,Смік,216570I,4.0,0.83718824
2025-12,Смік,216570I,2.0,2.3750904
2026-01,Смік,216570I,1.0,1.1758566
2026-02,Смік,216570I,1.0,1.1619081
2025-07,Чудо Острів,216570I,6.0,5.7466793
2025-08,Чудо Острів,216570I,9.0,5.999518
2025-09,Чудо Острів,216570I,6.0,5.5714097
2025-10,Чудо Острів,216570I,5.0,5.480607
2025-11,Чудо Острів,216570I,5.0,5.201435
2025-12,Чудо Острів,216570I,7.0,6.5632033
2026-01,Чудо Острів,216570I,3.0,2.3058841
2026-02,Чудо Острів,216570I,3.0,1.8061911
2025-07,ІМ-МауДау,216571,0.0,0.009922715
2025-08,ІМ-МауДау,216571,0.0,0.48185363
2025-09,ІМ-МауДау,216571,2.0,0.58790106
2025-10,ІМ-МауДау,216571,3.0,1.0084825
2025-11,ІМ-МауДау,216571,0.0,0.82160187
2025-12,ІМ-МауДау,216571,1.0,1.8471706
2026-01,ІМ-МауДау,216571,0.0,0.47884518
2026-02,ІМ-МауДау,216571,0.0,0.10240065
2025-07,Антошка,216571,9.0,13.289328
2025-08,Антошка,216571,10.0,13.393869
2025-09,Антошка,216571,15.0,12.1417
2025-10,Антошка,216571,14.0,13.482208
2025-11,Антошка,216571,10.0,16.662468
2025-12,Антошка,216571,29.0,26.146338
2026-01,Антошка,216571,12.0,10.136816
2026-02,Антошка,216571,22.0,10.635
2025-07,БІ,216571,38.0,29.139269
2025-08,БІ,216571,35.0,34.367535
2025-09,БІ,216571,30.0,34.050545
2025-10,БІ,216571,27.0,34.601604
2025-11,БІ,216571,51.0,30.36952
2025-12,БІ,216571,63.0,81.347275
2026-01,БІ,216571,35.0,31.837667
2026-02,БІ,216571,22.0,24.900875
2025-07,Епіцентр,216571,7.0,4.5614924
2025-08,Епіцентр,216571,2.0,5.573935
2025-09,Епіцентр,216571,10.0,5.754154
2025-10,Епіцентр,216571,5.0,5.7104487
2025-11,Епіцентр,216571,4.0,6.1466427
2025-12,Епіцентр,216571,16.0,14.4172535
2026-01,Епіцентр,216571,1.0,6.789504
2026-02,Епіцентр,216571,10.0,2.67701
2025-07,Казковий Світ Малюка,216571,0.0,0.0
2025-08,Казковий Світ Малюка,216571,0.0,0.0
2025-09,Казковий Світ Малюка,216571,1.0,1.1496018
2025-10,Казковий Світ Малюка,216571,1.0,1.2555805
2025-11,Казковий Світ Малюка,216571,0.0,0.0
2025-12,Казковий Світ Малюка,216571,0.0,0.0
2026-01,Казковий Світ Малюка,216571,0.0,0.0
2026-02,Казковий Світ Малюка,216571,0.0,0.0
2025-07,МайПлей,216571,2.0,1.9508735
2025-08,МайПлей,216571,2.0,1.8972425
2025-09,МайПлей,216571,1.0,2.6513314
2025-10,МайПлей,216571,1.0,3.0189393
2025-11,МайПлей,216571,2.0,2.454304
2025-12,МайПлей,216571,9.0,6.1343536
2026-01,МайПлей,216571,2.0,5.3514824
2026-02,МайПлей,216571,4.0,1.930773
2025-07,Мегамаркет,216571,0.0,0.61746454
2025-08,Мегамаркет,216571,1.0,0.41968852
2025-09,Мегамаркет,216571,2.0,0.5455888
2025-10,Мегамаркет,216571,0.0,0.74882424
2025-11,Мегамаркет,216571,0.0,0.6134467
2025-12,Мегамаркет,216571,3.0,1.2995133
2026-01,Мегамаркет,216571,0.0,1.8428153
2026-02,Мегамаркет,216571,0.0,0.12621292
2025-07,Монако,216571,0.0,0.0
2025-08,Монако,216571,0.0,0.0
2025-09,Монако,216571,2.0,1.3654675
2025-10,Монако,216571,1.0,1.6547072
2025-11,Монако,216571,1.0,1.7629786
2025-12,Монако,216571,0.0,0.0
2026-01,Монако,216571,2.0,1.37997
2026-02,Монако,216571,0.0,0.0
2025-07,СмартБі Луцьк,216571,0.0,0.0
2025-08,СмартБі Луцьк,216571,0.0,0.0
2025-09,СмартБі Луцьк,216571,3.0,1.6966387
2025-10,СмартБі Луцьк,216571,0.0,0.0
2025-11,СмартБі Луцьк,216571,0.0,0.0
2025-12,СмартБі Луцьк,216571,2.0,3.0289838
2026-01,СмартБі Луцьк,216571,1.0,1.7276124
2026-02,СмартБі Луцьк,216571,0.0,0.0
2025-07,Чудо Острів,216571,5.0,4.811811
2025-08,Чудо Острів,216571,3.0,5.37271
2025-09,Чудо Острів,216571,6.0,3.962312
2025-10,Чудо Острів,216571,8.0,5.2355766
2025-11,Чудо Острів,216571,11.0,5.478768
2025-12,Чудо Острів,216571,11.0,14.40564
2026-01,Чудо Острів,216571,8.0,3.3100433
2026-02,Чудо Острів,216571,5.0,2.7829018
2025-07,Антошка,217023I,1.0,0.6229216
2025-08,Антошка,217023I,0.0,0.44749948
2025-09,Антошка,217023I,1.0,0.013753008
2025-10,Антошка,217023I,0.0,0.14342454
2025-11,Антошка,217023I,0.0,0.020462265
2025-12,Антошка,217023I,0.0,0.20826058
2026-01,Антошка,217023I,0.0,0.0
2026-02,Антошка,217023I,0.0,0.0
2025-07,БІ,217023I,4.0,2.5834005
2025-08,БІ,217023I,2.0,2.6410542
2025-09,БІ,217023I,2.0,1.635931
2025-10,БІ,217023I,2.0,1.2392855
2025-11,БІ,217023I,1.0,0.80082375
2025-12,БІ,217023I,2.0,2.960446
2026-01,БІ,217023I,1.0,1.360626
2026-02,БІ,217023I,0.0,0.0
2025-07,Антошка,227018I,0.0,0.0
2025-08,Антошка,227018I,2.0,2.3731506
2025-09,Антошка,227018I,2.0,2.0469332
2025-10,Антошка,227018I,2.0,1.7870338
2025-11,Антошка,227018I,3.0,1.6939838
2025-12,Антошка,227018I,3.0,4.0794773
2026-01,Антошка,227018I,0.0,0.0
2026-02,Антошка,227018I,0.0,0.0
2025-07,БІ,227018I,6.0,2.3980193
2025-08,БІ,227018I,1.0,3.2664256
2025-09,БІ,227018I,1.0,2.72914
2025-10,БІ,227018I,3.0,2.6488886
2025-11,БІ,227018I,0.0,0.0
2025-12,БІ,227018I,4.0,4.9478083
2026-01,БІ,227018I,1.0,1.6589034
2026-02,БІ,227018I,1.0,1.4645187
2025-07,МайПлей,227018I,2.0,0.9706708
2025-08,МайПлей,227018I,0.0,0.0
2025-09,МайПлей,227018I,2.0,0.9273345
2025-10,МайПлей,227018I,1.0,0.9666518
2025-11,МайПлей,227018I,0.0,0.0
2025-12,МайПлей,227018I,1.0,1.8803886
2026-01,МайПлей,227018I,1.0,0.8526532
2026-02,МайПлей,227018I,0.0,0.0
2025-07,Чудо Острів,227018I,2.0,1.3580146
2025-08,Чудо Острів,227018I,0.0,0.0
2025-09,Чудо Острів,227018I,5.0,1.4806801
2025-10,Чудо Острів,227018I,1.0,2.0252504
2025-11,Чудо Острів,227018I,2.0,2.274264
2025-12,Чудо Острів,227018I,5.0,4.418846
2026-01,Чудо Острів,227018I,0.0,0.0
2026-02,Чудо Острів,227018I,1.0,0.9662908
2025-07,Антошка,302021,3.0,1.7233163
2025-08,Антошка,302021,1.0,2.9971163
2025-09,Антошка,302021,3.0,2.1504114
2025-10,Антошка,302021,3.0,2.9708354
2025-11,Антошка,302021,0.0,3.5021482
2025-12,Антошка,302021,10.0,6.42937
2026-01,Антошка,302021,1.0,2.063831
2026-02,Антошка,302021,1.0,1.4215503
2025-07,БІ,302021,4.0,3.0946417
2025-08,БІ,302021,5.0,4.416861
2025-09,БІ,302021,2.0,3.5142143
2025-10,БІ,302021,0.0,3.4964244
2025-11,БІ,302021,0.0,2.8749137
2025-12,БІ,302021,11.0,4.086201
2026-01,БІ,302021,0.0,0.0
2026-02,БІ,302021,2.0,2.7581077
2025-07,Епіцентр,302021,1.0,0.4658557
2025-08,Епіцентр,302021,2.0,1.5446099
2025-09,Епіцентр,302021,4.0,1.5350832
2025-10,Епіцентр,302021,2.0,2.3458376
2025-11,Епіцентр,302021,2.0,1.9337401
2025-12,Епіцентр,302021,4.0,3.3919618
2026-01,Епіцентр,302021,2.0,0.9392977
2026-02,Епіцентр,302021,2.0,0.6284542
2025-07,МайПлей,302021,0.0,0.45686552
2025-08,МайПлей,302021,1.0,0.48995605
2025-09,МайПлей,302021,0.0,0.799925
2025-10,МайПлей,302021,1.0,0.47552517
2025-11,МайПлей,302021,2.0,0.6066944
2025-12,МайПлей,302021,0.0,1.8500506
2026-01,МайПлей,302021,3.0,0.12746233
2026-02,МайПлей,302021,0.0,0.39272305
2025-07,Чудо Острів,302021,2.0,2.9928656
2025-08,Чудо Острів,302021,3.0,2.8298404
2025-09,Чудо Острів,302021,4.0,3.2322009
2025-10,Чудо Острів,302021,5.0,3.3750525
2025-11,Чудо Острів,302021,5.0,3.3358314
2025-12,Чудо Острів,302021,9.0,6.7340326
2026-01,Чудо Острів,302021,8.0,2.3260486
2026-02,Чудо Острів,302021,4.0,2.2453525
2025-07,Антошка,302032,6.0,4.2667665
2025-08,Антошка,302032,4.0,5.7087307
2025-09,Антошка,302032,1.0,5.21544
2025-10,Антошка,302032,6.0,4.270456
2025-11,Антошка,302032,7.0,4.5028872
2025-12,Антошка,302032,6.0,6.724265
2026-01,Антошка,302032,1.0,2.9234436
2026-02,Антошка,302032,4.0,1.8268707
2025-07,БІ,302032,4.0,6.1502514
2025-08,БІ,302032,2.0,6.103063
2025-09,БІ,302032,8.0,5.679066
2025-10,БІ,302032,5.0,9.296299
2025-11,БІ,302032,3.0,8.899873
2025-12,БІ,302032,9.0,14.708225
2026-01,БІ,302032,1.0,5.22357
2026-02,БІ,302032,4.0,6.0197654
2025-07,Епіцентр,302032,5.0,1.0106071
2025-08,Епіцентр,302032,5.0,3.085691
2025-09,Епіцентр,302032,3.0,2.4182587
2025-10,Епіцентр,302032,3.0,2.3110895
2025-11,Епіцентр,302032,0.0,2.1816278
2025-12,Епіцентр,302032,1.0,2.6421623
2026-01,Епіцентр,302032,1.0,0.6959412
2026-02,Епіцентр,302032,1.0,1.1252526
2025-07,МайПлей,302032,2.0,0.83320224
2025-08,МайПлей,302032,0.0,0.9466119
2025-09,МайПлей,302032,1.0,0.65108377
2025-10,МайПлей,302032,3.0,0.6744393
2025-11,МайПлей,302032,0.0,0.8617136
2025-12,МайПлей,302032,0.0,1.6034191
2026-01,МайПлей,302032,0.0,0.13129388
2026-02,МайПлей,302032,2.0,0.0
2025-07,Чудо Острів,302032,4.0,3.6767645
2025-08,Чудо Острів,302032,0.0,3.2563596
2025-09,Чудо Острів,302032,6.0,2.1114817
2025-10,Чудо Острів,302032,5.0,3.1232316
2025-11,Чудо Острів,302032,3.0,3.0611908
2025-12,Чудо Острів,302032,4.0,6.395517
2026-01,Чудо Острів,302032,0.0,0.0
2026-02,Чудо Острів,302032,2.0,1.4053626
2025-07,Антошка,302035,2.0,2.0331776
2025-08,Антошка,302035,10.0,4.586386
2025-09,Антошка,302035,6.0,7.2409964
2025-10,Антошка,302035,5.0,5.100234
2025-11,Антошка,302035,6.0,5.8983836
2025-12,Антошка,302035,23.0,10.325898
2026-01,Антошка,302035,10.0,4.5014977
2026-02,Антошка,302035,6.0,3.4055362
2025-07,БІ,302035,1.0,6.2377043
2025-08,БІ,302035,10.0,6.1306143
2025-09,БІ,302035,2.0,3.8648462
2025-10,БІ,302035,2.0,3.7084053
2025-11,БІ,302035,33.0,14.502122
2025-12,БІ,302035,50.0,36.632828
2026-01,БІ,302035,17.0,7.312038
2026-02,БІ,302035,9.0,3.9919977
2025-07,Епіцентр,302035,3.0,0.98514396
2025-08,Епіцентр,302035,5.0,4.193773
2025-09,Епіцентр,302035,1.0,3.1589096
2025-10,Епіцентр,302035,0.0,2.0811064
2025-11,Епіцентр,302035,1.0,1.9203236
2025-12,Епіцентр,302035,16.0,2.7261112
2026-01,Епіцентр,302035,1.0,1.8760155
2026-02,Епіцентр,302035,1.0,1.6676224
2025-07,МайПлей,302035,1.0,1.9692154
2025-08,МайПлей,302035,3.0,2.7982993
2025-09,МайПлей,302035,4.0,1.8997837
2025-10,МайПлей,302035,2.0,1.7987798
2025-11,МайПлей,302035,3.0,2.4241836
2025-12,МайПлей,302035,13.0,4.430299
2026-01,МайПлей,302035,3.0,1.8356925
2026-02,МайПлей,302035,0.0,0.0
2025-07,Мегамаркет,302035,1.0,0.5290201
2025-08,Мегамаркет,302035,1.0,1.230569
2025-09,Мегамаркет,302035,1.0,0.54736876
2025-10,Мегамаркет,302035,1.0,0.48952907
2025-11,Мегамаркет,302035,1.0,0.63149947
2025-12,Мегамаркет,302035,1.0,0.69736487
2026-01,Мегамаркет,302035,0.0,0.7737433
2026-02,Мегамаркет,302035,1.0,0.087333836
2025-07,Монако,302035,1.0,1.234547
2025-08,Монако,302035,2.0,2.6328254
2025-09,Монако,302035,0.0,0.0
2025-10,Монако,302035,0.0,0.0
2025-11,Монако,302035,0.0,0.0
2025-12,Монако,302035,0.0,0.0
2026-01,Монако,302035,0.0,0.0
2026-02,Монако,302035,0.0,0.0
2025-07,Смік,302035,0.0,1.2968194
2025-08,Смік,302035,1.0,1.31936
2025-09,Смік,302035,1.0,1.3857813
2025-10,Смік,302035,1.0,1.2114924
2025-11,Смік,302035,0.0,1.2398461
2025-12,Смік,302035,2.0,1.0112542
2026-01,Смік,302035,1.0,0.25878087
2026-02,Смік,302035,0.0,0.18649876
2025-07,Чудо Острів,302035,9.0,6.321647
2025-08,Чудо Острів,302035,9.0,12.6201935
2025-09,Чудо Острів,302035,10.0,5.2506676
2025-10,Чудо Острів,302035,4.0,7.649132
2025-11,Чудо Острів,302035,14.0,7.230904
2025-12,Чудо Острів,302035,16.0,15.949384
2026-01,Чудо Острів,302035,9.0,3.440184
2026-02,Чудо Острів,302035,4.0,3.3033528
2025-07,ІМ-МауДау,304889I,0.0,0.43785304
2025-08,ІМ-МауДау,304889I,6.0,1.2431195
2025-09,ІМ-МауДау,304889I,2.0,2.7926912
2025-10,ІМ-МауДау,304889I,0.0,1.0721692
2025-11,ІМ-МауДау,304889I,0.0,0.8603498
2025-12,ІМ-МауДау,304889I,0.0,0.5239017
2026-01,ІМ-МауДау,304889I,1.0,0.0115995845
2026-02,ІМ-МауДау,304889I,0.0,0.25760794
2025-07,Антошка,304889I,13.0,16.727425
2025-08,Антошка,304889I,22.0,21.266514
2025-09,Антошка,304889I,24.0,22.324886
2025-10,Антошка,304889I,18.0,23.31638
2025-11,Антошка,304889I,17.0,20.353943
2025-12,Антошка,304889I,32.0,32.749413
2026-01,Антошка,304889I,11.0,9.7367325
2026-02,Антошка,304889I,16.0,5.120734
2025-07,БІ,304889I,89.0,68.54693
2025-08,БІ,304889I,73.0,79.6128
2025-09,БІ,304889I,72.0,75.308334
2025-10,БІ,304889I,78.0,77.313545
2025-11,БІ,304889I,69.0,72.75941
2025-12,БІ,304889I,86.0,83.15913
2026-01,БІ,304889I,30.0,25.483713
2026-02,БІ,304889I,29.0,14.854652
2025-07,Епіцентр,304889I,36.0,16.697872
2025-08,Епіцентр,304889I,13.0,23.140913
2025-09,Епіцентр,304889I,21.0,14.164817
2025-10,Епіцентр,304889I,16.0,17.9188
2025-11,Епіцентр,304889I,23.0,14.256319
2025-12,Епіцентр,304889I,31.0,25.55225
2026-01,Епіцентр,304889I,13.0,7.270761
2026-02,Епіцентр,304889I,8.0,4.9654446
2025-07,Кадор Кідс,304889I,2.0,2.6708634
2025-08,Кадор Кідс,304889I,2.0,2.497402
2025-09,Кадор Кідс,304889I,0.0,0.0
2025-10,Кадор Кідс,304889I,0.0,0.0
2025-11,Кадор Кідс,304889I,0.0,0.0
2025-12,Кадор Кідс,304889I,0.0,0.0
2026-01,Кадор Кідс,304889I,0.0,0.0
2026-02,Кадор Кідс,304889I,0.0,0.0
2025-07,Країна Казок,304889I,1.0,0.43350187
2025-08,Країна Казок,304889I,2.0,1.4818069
2025-09,Країна Казок,304889I,0.0,1.2553794
2025-10,Країна Казок,304889I,0.0,0.95331156
2025-11,Країна Казок,304889I,0.0,0.34996536
2025-12,Країна Казок,304889I,0.0,0.37289047
2026-01,Країна Казок,304889I,1.0,0.010485654
2026-02,Країна Казок,304889I,1.0,0.1703488
2025-07,Кубі,304889I,2.0,2.6113849
2025-08,Кубі,304889I,0.0,0.0
2025-09,Кубі,304889I,7.0,2.007434
2025-10,Кубі,304889I,0.0,0.02648539
2025-11,Кубі,304889I,0.0,0.0
2025-12,Кубі,304889I,0.0,0.0
2026-01,Кубі,304889I,0.0,0.0
2026-02,Кубі,304889I,0.0,0.0
2025-07,МайПлей,304889I,7.0,5.92123
2025-08,МайПлей,304889I,7.0,5.7306614
2025-09,МайПлей,304889I,7.0,6.3636346
2025-10,МайПлей,304889I,9.0,7.401281
2025-11,МайПлей,304889I,9.0,9.366425
2025-12,МайПлей,304889I,7.0,7.8974733
2026-01,МайПлей,304889I,6.0,2.7920966
2026-02,МайПлей,304889I,2.0,2.9900136
2025-07,Мегамаркет,304889I,1.0,1.2438287
2025-08,Мегамаркет,304889I,0.0,1.450172
2025-09,Мегамаркет,304889I,0.0,0.7452433
2025-10,Мегамаркет,304889I,3.0,0.97031504
2025-11,Мегамаркет,304889I,1.0,0.9570989
2025-12,Мегамаркет,304889I,1.0,1.7948174
2026-01,Мегамаркет,304889I,0.0,0.021638794
2026-02,Мегамаркет,304889I,0.0,0.0
2025-07,Монако,304889I,2.0,2.3515406
2025-08,Монако,304889I,5.0,2.271627
2025-09,Монако,304889I,1.0,2.3084307
2025-10,Монако,304889I,5.0,2.5391085
2025-11,Монако,304889I,1.0,2.9045815
2025-12,Монако,304889I,0.0,0.0
2026-01,Монако,304889I,0.0,0.0
2026-02,Монако,304889I,0.0,0.0
2025-07,Новая Лінія,304889I,1.0,0.54856163
2025-08,Новая Лінія,304889I,2.0,1.0731503
2025-09,Новая Лінія,304889I,0.0,0.5126754
2025-10,Новая Лінія,304889I,1.0,0.5061883
2025-11,Новая Лінія,304889I,0.0,0.20511702
2025-12,Новая Лінія,304889I,0.0,0.41043207
2026-01,Новая Лінія,304889I,0.0,0.04149143
2026-02,Новая Лінія,304889I,0.0,0.019794324
2025-07,РОСТ,304889I,0.0,0.32369065
2025-08,РОСТ,304889I,0.0,0.30011243
2025-09,РОСТ,304889I,0.0,0.36531565
2025-10,РОСТ,304889I,0.0,0.34000033
2025-11,РОСТ,304889I,2.0,0.39016345
2025-12,РОСТ,304889I,1.0,1.0086851
2026-01,РОСТ,304889I,0.0,0.0
2026-02,РОСТ,304889I,0.0,0.0
2025-07,Росицька ФОП,304889I,0.0,0.26484704
2025-08,Росицька ФОП,304889I,2.0,1.4175732
2025-09,Росицька ФОП,304889I,1.0,1.0438223
2025-10,Росицька ФОП,304889I,0.0,0.7649234
2025-11,Росицька ФОП,304889I,1.0,0.3995034
2025-12,Росицька ФОП,304889I,2.0,0.2531376
2026-01,Росицька ФОП,304889I,0.0,0.2225977
2026-02,Росицька ФОП,304889I,0.0,0.10981643
2025-07,СмартБі Луцьк,304889I,0.0,0.0
2025-08,СмартБі Луцьк,304889I,1.0,1.8948811
2025-09,СмартБі Луцьк,304889I,3.0,1.6657963
2025-10,СмартБі Луцьк,304889I,0.0,0.0
2025-11,СмартБі Луцьк,304889I,0.0,0.0
2025-12,СмартБі Луцьк,304889I,0.0,0.0
2026-01,СмартБі Луцьк,304889I,0.0,0.0
2026-02,СмартБі Луцьк,304889I,0.0,0.0
2025-07,Чарівник,304889I,2.0,0.5852839
2025-08,Чарівник,304889I,1.0,0.8477756
2025-09,Чарівник,304889I,1.0,0.8147563
2025-10,Чарівник,304889I,1.0,0.6411241
2025-11,Чарівник,304889I,0.0,0.4486404
2025-12,Чарівник,304889I,0.0,0.38172913
2026-01,Чарівник,304889I,0.0,0.018342037
2026-02,Чарівник,304889I,1.0,0.012346939
2025-07,Чудо Острів,304889I,20.0,15.685583
2025-08,Чудо Острів,304889I,21.0,19.218159
2025-09,Чудо Острів,304889I,17.0,15.108255
2025-10,Чудо Острів,304889I,10.0,16.175066
2025-11,Чудо Острів,304889I,12.0,14.472828
2025-12,Чудо Острів,304889I,18.0,14.555723
2026-01,Чудо Острів,304889I,3.0,5.9724345
2026-02,Чудо Острів,304889I,12.0,1.8365545
2025-07,ІМ-МауДау,304890I,0.0,0.43634924
2025-08,ІМ-МауДау,304890I,2.0,0.5988895
2025-09,ІМ-МауДау,304890I,0.0,1.0391535
2025-10,ІМ-МауДау,304890I,1.0,0.41452596
2025-11,ІМ-МауДау,304890I,1.0,0.38285154
2025-12,ІМ-МауДау,304890I,1.0,0.6422926
2026-01,ІМ-МауДау,304890I,1.0,0.2565864
2026-02,ІМ-МауДау,304890I,0.0,0.30309597
2025-07,ІМ-Розетка,304890I,0.0,0.018309508
2025-08,ІМ-Розетка,304890I,0.0,0.10678253
2025-09,ІМ-Розетка,304890I,1.0,1.3173376
2025-10,ІМ-Розетка,304890I,1.0,1.2159625
2025-11,ІМ-Розетка,304890I,0.0,0.27473283
2025-12,ІМ-Розетка,304890I,1.0,1.7661517
2026-01,ІМ-Розетка,304890I,0.0,0.0
2026-02,ІМ-Розетка,304890I,1.0,0.94552124
2025-07,Антошка,304890I,22.0,13.62105
2025-08,Антошка,304890I,14.0,19.316858
2025-09,Антошка,304890I,9.0,16.449804
2025-10,Антошка,304890I,14.0,15.893229
2025-11,Антошка,304890I,13.0,15.483627
2025-12,Антошка,304890I,16.0,14.012134
2026-01,Антошка,304890I,18.0,5.2419143
2026-02,Антошка,304890I,14.0,5.502808
2025-07,БІ,304890I,53.0,35.16305
2025-08,БІ,304890I,58.0,51.31067
2025-09,БІ,304890I,46.0,51.794502
2025-10,БІ,304890I,53.0,53.267372
2025-11,БІ,304890I,48.0,51.514084
2025-12,БІ,304890I,68.0,65.95666
2026-01,БІ,304890I,27.0,20.908674
2026-02,БІ,304890I,21.0,11.8346815
2025-07,Епіцентр,304890I,22.0,11.040354
2025-08,Епіцентр,304890I,13.0,13.626694
2025-09,Епіцентр,304890I,9.0,12.921292
2025-10,Епіцентр,304890I,9.0,10.688438
2025-11,Епіцентр,304890I,15.0,8.782771
2025-12,Епіцентр,304890I,20.0,12.425448
2026-01,Епіцентр,304890I,12.0,5.370684
2026-02,Епіцентр,304890I,7.0,3.7048993
2025-07,Країна Казок,304890I,1.0,0.7163867
2025-08,Країна Казок,304890I,0.0,0.84043485
2025-09,Країна Казок,304890I,2.0,0.2836446
2025-10,Країна Казок,304890I,0.0,0.33256444
2025-11,Країна Казок,304890I,0.0,0.5838764
2025-12,Країна Казок,304890I,0.0,0.5975486
2026-01,Країна Казок,304890I,0.0,0.018284867
2026-02,Країна Казок,304890I,1.0,0.02106348
2025-07,МайПлей,304890I,8.0,4.9886603
2025-08,МайПлей,304890I,7.0,7.1625953
2025-09,МайПлей,304890I,7.0,6.899843
2025-10,МайПлей,304890I,6.0,7.2360516
2025-11,МайПлей,304890I,7.0,6.663123
2025-12,МайПлей,304890I,16.0,8.306606
2026-01,МайПлей,304890I,5.0,3.7544706
2026-02,МайПлей,304890I,7.0,2.6037405
2025-07,Мегамаркет,304890I,1.0,0.97573394
2025-08,Мегамаркет,304890I,2.0,1.1255308
2025-09,Мегамаркет,304890I,0.0,1.455563
2025-10,Мегамаркет,304890I,2.0,1.4219683
2025-11,Мегамаркет,304890I,2.0,0.76155365
2025-12,Мегамаркет,304890I,1.0,1.3127865
2026-01,Мегамаркет,304890I,1.0,1.2192765
2026-02,Мегамаркет,304890I,1.0,0.95450956
2025-07,Монако,304890I,2.0,2.6298501
2025-08,Монако,304890I,3.0,2.4077818
2025-09,Монако,304890I,2.0,1.9914573
2025-10,Монако,304890I,1.0,2.8477952
2025-11,Монако,304890I,1.0,2.6445603
2025-12,Монако,304890I,0.0,0.0
2026-01,Монако,304890I,4.0,1.7834814
2026-02,Монако,304890I,0.0,0.0
2025-07,Новая Лінія,304890I,3.0,0.5388452
2025-08,Новая Лінія,304890I,0.0,0.86133
2025-09,Новая Лінія,304890I,1.0,0.8633676
2025-10,Новая Лінія,304890I,0.0,0.3852601
2025-11,Новая Лінія,304890I,0.0,0.24893808
2025-12,Новая Лінія,304890I,0.0,0.4164823
2026-01,Новая Лінія,304890I,0.0,0.017660461
2026-02,Новая Лінія,304890I,0.0,0.019365525
2025-07,РОСТ,304890I,0.0,0.42910004
2025-08,РОСТ,304890I,0.0,0.35866448
2025-09,РОСТ,304890I,0.0,0.39711455
2025-10,РОСТ,304890I,1.0,0.60114086
2025-11,РОСТ,304890I,0.0,1.2478573
2025-12,РОСТ,304890I,2.0,0.5325469
2026-01,РОСТ,304890I,1.0,0.22370775
2026-02,РОСТ,304890I,1.0,0.2946008
2025-07,Росицька ФОП,304890I,0.0,0.49226788
2025-08,Росицька ФОП,304890I,0.0,0.3361565
2025-09,Росицька ФОП,304890I,2.0,0.85531783
2025-10,Росицька ФОП,304890I,0.0,0.59956557
2025-11,Росицька ФОП,304890I,1.0,0.41153273
2025-12,Росицька ФОП,304890I,2.0,0.44265673
2026-01,Росицька ФОП,304890I,0.0,0.22911184
2026-02,Росицька ФОП,304890I,1.0,0.11762555
2025-07,Смік,304890I,2.0,2.493153
2025-08,Смік,304890I,3.0,3.060377
2025-09,Смік,304890I,4.0,2.0517476
2025-10,Смік,304890I,4.0,2.1914392
2025-11,Смік,304890I,6.0,3.7878664
2025-12,Смік,304890I,1.0,5.3882937
2026-01,Смік,304890I,2.0,1.2429781
2026-02,Смік,304890I,0.0,0.0
2025-07,Чарівник,304890I,1.0,0.23916748
2025-08,Чарівник,304890I,1.0,0.3105784
2025-09,Чарівник,304890I,0.0,0.23843855
2025-10,Чарівник,304890I,1.0,0.24329612
2025-11,Чарівник,304890I,1.0,0.6109727
2025-12,Чарівник,304890I,1.0,0.57734114
2026-01,Чарівник,304890I,0.0,0.24314827
2026-02,Чарівник,304890I,1.0,0.098281205
2025-07,Чудо Острів,304890I,14.0,14.3699
2025-08,Чудо Острів,304890I,21.0,14.826685
2025-09,Чудо Острів,304890I,17.0,12.997295
2025-10,Чудо Острів,304890I,14.0,14.338874
2025-11,Чудо Острів,304890I,15.0,17.092117
2025-12,Чудо Острів,304890I,17.0,15.971613
2026-01,Чудо Острів,304890I,12.0,5.535446
2026-02,Чудо Острів,304890I,17.0,5.049067
2025-07,ІМ-Розетка,305031,1.0,2.9864483
2025-08,ІМ-Розетка,305031,3.0,2.6341174
2025-09,ІМ-Розетка,305031,1.0,1.2336364
2025-10,ІМ-Розетка,305031,0.0,0.6792697
2025-11,ІМ-Розетка,305031,1.0,0.13188967
2025-12,ІМ-Розетка,305031,0.0,1.4153281
2026-01,ІМ-Розетка,305031,0.0,0.2556891
2026-02,ІМ-Розетка,305031,0.0,0.15261051
2025-07,Антошка,305031,23.0,27.418472
2025-08,Антошка,305031,34.0,30.497944
2025-09,Антошка,305031,24.0,31.12222
2025-10,Антошка,305031,27.0,30.605263
2025-11,Антошка,305031,32.0,33.63569
2025-12,Антошка,305031,54.0,64.7587
2026-01,Антошка,305031,24.0,29.69024
2026-02,Антошка,305031,19.0,10.217768
2025-07,БІ,305031,57.0,40.97041
2025-08,БІ,305031,52.0,49.959404
2025-09,БІ,305031,41.0,45.297806
2025-10,БІ,305031,45.0,44.936478
2025-11,БІ,305031,62.0,46.078793
2025-12,БІ,305031,128.0,85.05899
2026-01,БІ,305031,39.0,45.97114
2026-02,БІ,305031,59.0,36.37026
2025-07,Епіцентр,305031,12.0,5.55835
2025-08,Епіцентр,305031,8.0,8.046075
2025-09,Епіцентр,305031,5.0,7.155038
2025-10,Епіцентр,305031,11.0,6.0180297
2025-11,Епіцентр,305031,10.0,6.740796
2025-12,Епіцентр,305031,22.0,17.480923
2026-01,Епіцентр,305031,7.0,7.908943
2026-02,Епіцентр,305031,8.0,5.826868
2025-07,Казковий Світ Малюка,305031,1.0,1.1308682
2025-08,Казковий Світ Малюка,305031,2.0,1.3706125
2025-09,Казковий Світ Малюка,305031,0.0,0.0
2025-10,Казковий Світ Малюка,305031,0.0,0.0
2025-11,Казковий Світ Малюка,305031,0.0,0.0
2025-12,Казковий Світ Малюка,305031,1.0,1.7106419
2026-01,Казковий Світ Малюка,305031,0.0,0.0
2026-02,Казковий Світ Малюка,305031,0.0,0.0
2025-07,МайПлей,305031,5.0,2.823116
2025-08,МайПлей,305031,3.0,3.2715898
2025-09,МайПлей,305031,4.0,3.2855375
2025-10,МайПлей,305031,11.0,2.6671243
2025-11,МайПлей,305031,3.0,6.5670094
2025-12,МайПлей,305031,14.0,12.846276
2026-01,МайПлей,305031,13.0,5.498539
2026-02,МайПлей,305031,7.0,5.760923
2025-07,Мегамаркет,305031,0.0,0.66945577
2025-08,Мегамаркет,305031,0.0,0.40851948
2025-09,Мегамаркет,305031,0.0,0.37196568
2025-10,Мегамаркет,305031,2.0,0.41950724
2025-11,Мегамаркет,305031,0.0,0.550427
2025-12,Мегамаркет,305031,0.0,0.575244
2026-01,Мегамаркет,305031,1.0,0.11082197
2026-02,Мегамаркет,305031,0.0,0.2339081
2025-07,Монако,305031,1.0,2.2095747
2025-08,Монако,305031,2.0,1.7721726
2025-09,Монако,305031,1.0,1.9537784
2025-10,Монако,305031,1.0,1.7433953
2025-11,Монако,305031,0.0,0.0
2025-12,Монако,305031,1.0,2.8438616
2026-01,Монако,305031,2.0,1.7946013
2026-02,Монако,305031,0.0,0.0
2025-07,СмартБі Луцьк,305031,0.0,0.0
2025-08,СмартБі Луцьк,305031,1.0,1.3766925
2025-09,СмартБі Луцьк,305031,0.0,0.0
2025-10,СмартБі Луцьк,305031,0.0,0.0
2025-11,СмартБі Луцьк,305031,0.0,0.0
2025-12,СмартБі Луцьк,305031,2.0,1.5409806
2026-01,СмартБі Луцьк,305031,1.0,1.567752
2026-02,СмартБі Луцьк,305031,0.0,0.0
2025-07,Чудо Острів,305031,18.0,11.876527
2025-08,Чудо Острів,305031,13.0,12.338192
2025-09,Чудо Острів,305031,12.0,11.808359
2025-10,Чудо Острів,305031,17.0,14.578673
2025-11,Чудо Острів,305031,27.0,13.911818
2025-12,Чудо Острів,305031,33.0,47.07363
2026-01,Чудо Острів,305031,17.0,14.462457
2026-02,Чудо Острів,305031,14.0,10.7360735
2025-07,Антошка,305048I,3.0,3.0659454
2025-08,Антошка,305048I,6.0,2.72877
2025-09,Антошка,305048I,5.0,3.0630996
2025-10,Антошка,305048I,2.0,2.9083917
2025-11,Антошка,305048I,6.0,2.704051
2025-12,Антошка,305048I,2.0,6.0168843
2026-01,Антошка,305048I,2.0,2.1637325
2026-02,Антошка,305048I,1.0,1.5024109
2025-07,БІ,305048I,15.0,16.991558
2025-08,БІ,305048I,9.0,13.4727
2025-09,БІ,305048I,7.0,10.3388605
2025-10,БІ,305048I,13.0,8.261769
2025-11,БІ,305048I,2.0,8.86953
2025-12,БІ,305048I,9.0,14.972878
2026-01,БІ,305048I,6.0,4.8289843
2026-02,БІ,305048I,3.0,4.139415
2025-07,Епіцентр,305048I,6.0,1.7778885
2025-08,Епіцентр,305048I,3.0,2.8302085
2025-09,Епіцентр,305048I,1.0,2.2785618
2025-10,Епіцентр,305048I,1.0,1.9637958
2025-11,Епіцентр,305048I,2.0,2.032668
2025-12,Епіцентр,305048I,1.0,3.44234
2026-01,Епіцентр,305048I,2.0,1.2414896
2026-02,Епіцентр,305048I,0.0,0.0
2025-07,МайПлей,305048I,3.0,2.1326702
2025-08,МайПлей,305048I,4.0,1.9610676
2025-09,МайПлей,305048I,0.0,0.0
2025-10,МайПлей,305048I,0.0,0.0
2025-11,МайПлей,305048I,1.0,1.604436
2025-12,МайПлей,305048I,1.0,3.3052566
2026-01,МайПлей,305048I,1.0,1.1929562
2026-02,МайПлей,305048I,0.0,0.0
2025-07,Мегамаркет,305048I,0.0,0.0
2025-08,Мегамаркет,305048I,0.0,0.0
2025-09,Мегамаркет,305048I,1.0,1.1434377
2025-10,Мегамаркет,305048I,0.0,0.0
2025-11,Мегамаркет,305048I,1.0,1.0939841
2025-12,Мегамаркет,305048I,0.0,0.0
2026-01,Мегамаркет,305048I,0.0,0.0
2026-02,Мегамаркет,305048I,0.0,0.0
2025-07,РОСТ,305048I,0.0,0.0
2025-08,РОСТ,305048I,1.0,0.83559203
2025-09,РОСТ,305048I,0.0,0.0
2025-10,РОСТ,305048I,0.0,0.0
2025-11,РОСТ,305048I,0.0,0.0
2025-12,РОСТ,305048I,0.0,0.0
2026-01,РОСТ,305048I,0.0,0.0
2026-02,РОСТ,305048I,1.0,0.3972779
2025-07,Смік,305048I,3.0,1.7299513
2025-08,Смік,305048I,3.0,1.6069981
2025-09,Смік,305048I,0.0,0.0
2025-10,Смік,305048I,0.0,0.0
2025-11,Смік,305048I,1.0,1.358804
2025-12,Смік,305048I,0.0,0.0
2026-01,Смік,305048I,0.0,0.0
2026-02,Смік,305048I,0.0,0.0
2025-07,Чудо Острів,305048I,9.0,5.2305446
2025-08,Чудо Острів,305048I,7.0,5.2517323
2025-09,Чудо Острів,305048I,5.0,5.4096475
2025-10,Чудо Острів,305048I,5.0,4.9118423
2025-11,Чудо Острів,305048I,6.0,4.2125916
2025-12,Чудо Острів,305048I,14.0,8.00655
2026-01,Чудо Острів,305048I,5.0,3.110472
2026-02,Чудо Острів,305048I,4.0,2.9055338
2025-07,ІМ-МауДау,305079,0.0,0.28047267
2025-08,ІМ-МауДау,305079,1.0,0.2621564
2025-09,ІМ-МауДау,305079,1.0,0.14575273
2025-10,ІМ-МауДау,305079,0.0,0.13259843
2025-11,ІМ-МауДау,305079,0.0,0.6374506
2025-12,ІМ-МауДау,305079,0.0,0.67740667
2026-01,ІМ-МауДау,305079,0.0,0.014964622
2026-02,ІМ-МауДау,305079,0.0,0.017260341
2025-07,ІМ-Розетка,305079,1.0,2.2136102
2025-08,ІМ-Розетка,305079,0.0,0.9060443
2025-09,ІМ-Розетка,305079,1.0,1.2499229
2025-10,ІМ-Розетка,305079,0.0,0.45806104
2025-11,ІМ-Розетка,305079,1.0,0.70749646
2025-12,ІМ-Розетка,305079,3.0,1.8738788
2026-01,ІМ-Розетка,305079,0.0,0.0
2026-02,ІМ-Розетка,305079,0.0,0.0
2025-07,Антошка,305079,16.0,14.7270355
2025-08,Антошка,305079,21.0,18.899267
2025-09,Антошка,305079,10.0,15.938491
2025-10,Антошка,305079,19.0,14.238067
2025-11,Антошка,305079,31.0,17.407196
2025-12,Антошка,305079,38.0,43.31559
2026-01,Антошка,305079,27.0,13.716476
2026-02,Антошка,305079,18.0,8.17336
2025-07,БІ,305079,54.0,42.990665
2025-08,БІ,305079,59.0,54.16837
2025-09,БІ,305079,53.0,47.65901
2025-10,БІ,305079,77.0,54.37276
2025-11,БІ,305079,97.0,63.716805
2025-12,БІ,305079,128.0,90.193306
2026-01,БІ,305079,42.0,24.574734
2026-02,БІ,305079,23.0,25.929642
2025-07,Епіцентр,305079,7.0,1.9569724
2025-08,Епіцентр,305079,0.0,2.761975
2025-09,Епіцентр,305079,1.0,1.8927594
2025-10,Епіцентр,305079,0.0,1.9536867
2025-11,Епіцентр,305079,2.0,1.5155734
2025-12,Епіцентр,305079,2.0,3.7407823
2026-01,Епіцентр,305079,1.0,1.3430016
2026-02,Епіцентр,305079,1.0,1.4099158
2025-07,МайПлей,305079,6.0,2.3769548
2025-08,МайПлей,305079,2.0,2.4274127
2025-09,МайПлей,305079,2.0,2.6642213
2025-10,МайПлей,305079,4.0,3.513863
2025-11,МайПлей,305079,2.0,2.4243941
2025-12,МайПлей,305079,10.0,3.5186992
2026-01,МайПлей,305079,1.0,2.6993353
2026-02,МайПлей,305079,2.0,1.2913275
2025-07,Мегамаркет,305079,0.0,0.7498465
2025-08,Мегамаркет,305079,4.0,1.0828867
2025-09,Мегамаркет,305079,2.0,1.1418626
2025-10,Мегамаркет,305079,0.0,1.1174818
2025-11,Мегамаркет,305079,2.0,1.027573
2025-12,Мегамаркет,305079,2.0,1.2511691
2026-01,Мегамаркет,305079,0.0,0.9545089
2026-02,Мегамаркет,305079,0.0,0.1437363
2025-07,Монако,305079,0.0,0.0
2025-08,Монако,305079,1.0,1.3455555
2025-09,Монако,305079,0.0,0.0
2025-10,Монако,305079,1.0,1.1591665
2025-11,Монако,305079,1.0,1.4242227
2025-12,Монако,305079,0.0,0.0
2026-01,Монако,305079,0.0,0.0
2026-02,Монако,305079,0.0,0.0
2025-07,Росицька ФОП,305079,2.0,0.31395057
2025-08,Росицька ФОП,305079,0.0,0.28710753
2025-09,Росицька ФОП,305079,0.0,0.44761598
2025-10,Росицька ФОП,305079,0.0,0.4616912
2025-11,Росицька ФОП,305079,1.0,0.45565784
2025-12,Росицька ФОП,305079,0.0,0.44124484
2026-01,Росицька ФОП,305079,0.0,0.09940593
2026-02,Росицька ФОП,305079,0.0,0.14659038
2025-07,Чудо Острів,305079,15.0,9.686412
2025-08,Чудо Острів,305079,18.0,17.552765
2025-09,Чудо Острів,305079,14.0,11.858855
2025-10,Чудо Острів,305079,13.0,12.119968
2025-11,Чудо Острів,305079,20.0,12.694186
2025-12,Чудо Острів,305079,36.0,36.60181
2026-01,Чудо Острів,305079,15.0,8.797287
2026-02,Чудо Острів,305079,10.0,4.520236
2025-07,Антошка,305087,2.0,4.7016892
2025-08,Антошка,305087,4.0,4.5129147
2025-09,Антошка,305087,7.0,3.6111097
2025-10,Антошка,305087,8.0,5.605793
2025-11,Антошка,305087,4.0,9.926792
2025-12,Антошка,305087,6.0,13.370653
2026-01,Антошка,305087,11.0,6.2495775
2026-02,Антошка,305087,3.0,4.4238253
2025-07,БІ,305087,22.0,24.956966
2025-08,БІ,305087,14.0,28.112932
2025-09,БІ,305087,21.0,16.849897
2025-10,БІ,305087,15.0,23.877302
2025-11,БІ,305087,28.0,20.316872
2025-12,БІ,305087,40.0,46.10477
2026-01,БІ,305087,15.0,23.16371
2026-02,БІ,305087,20.0,16.6733
2025-07,Епіцентр,305087,3.0,1.7797593
2025-08,Епіцентр,305087,3.0,2.1454875
2025-09,Епіцентр,305087,1.0,1.6851802
2025-10,Епіцентр,305087,3.0,1.7630289
2025-11,Епіцентр,305087,0.0,1.7757291
2025-12,Епіцентр,305087,2.0,2.9848647
2026-01,Епіцентр,305087,2.0,1.5158043
2026-02,Епіцентр,305087,0.0,0.0
2025-07,Країна Казок,305087,0.0,0.32620478
2025-08,Країна Казок,305087,0.0,0.22444059
2025-09,Країна Казок,305087,0.0,0.33652395
2025-10,Країна Казок,305087,1.0,0.026283944
2025-11,Країна Казок,305087,0.0,0.45456332
2025-12,Країна Казок,305087,1.0,0.66222936
2026-01,Країна Казок,305087,0.0,0.9669164
2026-02,Країна Казок,305087,0.0,0.5094624
2025-07,МайПлей,305087,1.0,1.7312942
2025-08,МайПлей,305087,0.0,1.497375
2025-09,МайПлей,305087,1.0,1.9146161
2025-10,МайПлей,305087,4.0,1.6722534
2025-11,МайПлей,305087,3.0,2.6521206
2025-12,МайПлей,305087,7.0,4.209305
2026-01,МайПлей,305087,3.0,6.8733797
2026-02,МайПлей,305087,4.0,1.9405982
2025-07,Мегамаркет,305087,0.0,0.6232555
2025-08,Мегамаркет,305087,1.0,1.0496695
2025-09,Мегамаркет,305087,0.0,0.70237786
2025-10,Мегамаркет,305087,0.0,0.4604549
2025-11,Мегамаркет,305087,2.0,0.38111877
2025-12,Мегамаркет,305087,2.0,1.0929064
2026-01,Мегамаркет,305087,0.0,1.1847138
2026-02,Мегамаркет,305087,0.0,0.13376789
2025-07,Монако,305087,0.0,0.0
2025-08,Монако,305087,2.0,1.6035682
2025-09,Монако,305087,0.0,0.0
2025-10,Монако,305087,1.0,1.7373497
2025-11,Монако,305087,1.0,1.6434027
2025-12,Монако,305087,0.0,0.0
2026-01,Монако,305087,4.0,1.6778916
2026-02,Монако,305087,0.0,0.0
2025-07,РОСТ,305087,0.0,0.5125483
2025-08,РОСТ,305087,1.0,0.44569284
2025-09,РОСТ,305087,0.0,0.40471193
2025-10,РОСТ,305087,1.0,0.51478094
2025-11,РОСТ,305087,0.0,0.7822746
2025-12,РОСТ,305087,0.0,0.7767147
2026-01,РОСТ,305087,0.0,0.11388733
2026-02,РОСТ,305087,0.0,0.038515154
2025-07,Смік,305087,4.0,1.5473938
2025-08,Смік,305087,1.0,1.8513422
2025-09,Смік,305087,2.0,1.9503121
2025-10,Смік,305087,0.0,1.4559424
2025-11,Смік,305087,0.0,0.9114336
2025-12,Смік,305087,1.0,2.9446084
2026-01,Смік,305087,3.0,0.93776315
2026-02,Смік,305087,2.0,0.7159473
2025-07,Супрун ФОП,305087,0.0,0.0
2025-08,Супрун ФОП,305087,0.0,0.0
2025-09,Супрун ФОП,305087,0.0,0.0
2025-10,Супрун ФОП,305087,0.0,0.0
2025-11,Супрун ФОП,305087,1.0,1.3054318
2025-12,Супрун ФОП,305087,0.0,0.0
2026-01,Супрун ФОП,305087,0.0,0.0
2026-02,Супрун ФОП,305087,0.0,0.0
2025-07,Чудо Острів,305087,7.0,7.8047013
2025-08,Чудо Острів,305087,7.0,8.2231245
2025-09,Чудо Острів,305087,7.0,7.5742598
2025-10,Чудо Острів,305087,9.0,7.7331796
2025-11,Чудо Острів,305087,4.0,9.78299
2025-12,Чудо Острів,305087,8.0,13.521846
2026-01,Чудо Острів,305087,7.0,4.2249513
2026-02,Чудо Острів,305087,7.0,3.6484208
2025-07,МайПлей,305093,0.0,0.0
2025-08,МайПлей,305093,1.0,1.1715646
2025-09,МайПлей,305093,0.0,0.0
2025-10,МайПлей,305093,1.0,1.0780337
2025-11,МайПлей,305093,0.0,0.0
2025-12,МайПлей,305093,0.0,0.0
2026-01,МайПлей,305093,2.0,0.89330065
2026-02,МайПлей,305093,0.0,0.0
2025-07,Антошка,305100,1.0,1.2795286
2025-08,Антошка,305100,1.0,1.3078811
2025-09,Антошка,305100,0.0,0.0
2025-10,Антошка,305100,0.0,0.0
2025-11,Антошка,305100,0.0,0.0
2025-12,Антошка,305100,0.0,0.0
2026-01,Антошка,305100,0.0,0.0
2026-02,Антошка,305100,0.0,0.0
2025-07,Антошка,305102,1.0,1.4113724
2025-08,Антошка,305102,0.0,0.0
2025-09,Антошка,305102,0.0,0.0
2025-10,Антошка,305102,1.0,0.91537654
2025-11,Антошка,305102,0.0,0.0
2025-12,Антошка,305102,0.0,0.0
2026-01,Антошка,305102,0.0,0.0
2026-02,Антошка,305102,0.0,0.0
2025-07,Епіцентр,305109,1.0,1.2531099
2025-08,Епіцентр,305109,0.0,0.0
2025-09,Епіцентр,305109,0.0,0.0
2025-10,Епіцентр,305109,0.0,0.0
2025-11,Епіцентр,305109,1.0,1.0114951
2025-12,Епіцентр,305109,0.0,0.0
2026-01,Епіцентр,305109,0.0,0.0
2026-02,Епіцентр,305109,0.0,0.0
2025-07,Епіцентр,305111,0.0,0.0
2025-08,Епіцентр,305111,3.0,2.3473604
2025-09,Епіцентр,305111,0.0,0.0
2025-10,Епіцентр,305111,1.0,2.1620688
2025-11,Епіцентр,305111,0.0,0.0
2025-12,Епіцентр,305111,1.0,2.5188189
2026-01,Епіцентр,305111,0.0,0.0
2026-02,Епіцентр,305111,0.0,0.0
2025-07,МайПлей,305111,0.0,0.0
2025-08,МайПлей,305111,0.0,0.0
2025-09,МайПлей,305111,1.0,1.3686706
2025-10,МайПлей,305111,0.0,0.0
2025-11,МайПлей,305111,0.0,0.0
2025-12,МайПлей,305111,0.0,0.0
2026-01,МайПлей,305111,0.0,0.0
2026-02,МайПлей,305111,0.0,0.0
2025-07,Мегамаркет,305111,0.0,0.4874423
2025-08,Мегамаркет,305111,0.0,0.42045796
2025-09,Мегамаркет,305111,0.0,0.36180595
2025-10,Мегамаркет,305111,0.0,0.39375573
2025-11,Мегамаркет,305111,1.0,0.009277103
2025-12,Мегамаркет,305111,0.0,0.31397572
2026-01,Мегамаркет,305111,0.0,0.087546445
2026-02,Мегамаркет,305111,0.0,0.10758366
2025-07,Чудо Острів,305111,0.0,0.0
2025-08,Чудо Острів,305111,0.0,0.0
2025-09,Чудо Острів,305111,1.0,1.3496969
2025-10,Чудо Острів,305111,0.0,0.0
2025-11,Чудо Острів,305111,0.0,0.0
2025-12,Чудо Острів,305111,1.0,2.212536
2026-01,Чудо Острів,305111,0.0,0.0
2026-02,Чудо Острів,305111,0.0,0.0
2025-07,БІ,305112,0.0,0.0
2025-08,БІ,305112,0.0,0.0
2025-09,БІ,305112,0.0,0.0
2025-10,БІ,305112,1.0,0.84384525
2025-11,БІ,305112,0.0,0.0
2025-12,БІ,305112,0.0,0.0
2026-01,БІ,305112,0.0,0.0
2026-02,БІ,305112,0.0,0.0
2025-07,Епіцентр,305112,1.0,1.8585601
2025-08,Епіцентр,305112,1.0,2.5687785
2025-09,Епіцентр,305112,2.0,1.8162552
2025-10,Епіцентр,305112,1.0,1.6763519
2025-11,Епіцентр,305112,3.0,1.9031979
2025-12,Епіцентр,305112,0.0,0.0
2026-01,Епіцентр,305112,2.0,1.3818247
2026-02,Епіцентр,305112,0.0,0.0
2025-07,МайПлей,305112,1.0,1.1974548
2025-08,МайПлей,305112,1.0,1.20862
2025-09,МайПлей,305112,3.0,1.1810782
2025-10,МайПлей,305112,0.0,0.0
2025-11,МайПлей,305112,0.0,0.0
2025-12,МайПлей,305112,2.0,2.364425
2026-01,МайПлей,305112,0.0,0.0
2026-02,МайПлей,305112,0.0,0.0
2025-07,Смік,305112,1.0,0.15649657
2025-08,Смік,305112,0.0,0.23735222
2025-09,Смік,305112,0.0,0.08904803
2025-10,Смік,305112,0.0,0.094417416
2025-11,Смік,305112,0.0,0.01019918
2025-12,Смік,305112,0.0,0.023489749
2026-01,Смік,305112,0.0,0.010288912
2026-02,Смік,305112,0.0,0.018154878
2025-07,Чудо Острів,305112,0.0,0.0
2025-08,Чудо Острів,305112,0.0,0.0
2025-09,Чудо Острів,305112,0.0,0.0
2025-10,Чудо Острів,305112,0.0,0.0
2025-11,Чудо Острів,305112,1.0,1.3593613
2025-12,Чудо Острів,305112,0.0,0.0
2026-01,Чудо Острів,305112,1.0,0.8807417
2026-02,Чудо Острів,305112,0.0,0.0
2025-07,Епіцентр,305113,3.0,1.8488086
2025-08,Епіцентр,305113,0.0,0.0
2025-09,Епіцентр,305113,0.0,0.0
2025-10,Епіцентр,305113,0.0,0.0
2025-11,Епіцентр,305113,0.0,0.0
2025-12,Епіцентр,305113,0.0,0.0
2026-01,Епіцентр,305113,0.0,0.0
2026-02,Епіцентр,305113,0.0,0.0
2025-07,МайПлей,305113,2.0,1.5464985
2025-08,МайПлей,305113,0.0,0.0
2025-09,МайПлей,305113,0.0,0.0
2025-10,МайПлей,305113,0.0,0.0
2025-11,МайПлей,305113,0.0,0.0
2025-12,МайПлей,305113,2.0,0.883143
2026-01,МайПлей,305113,0.0,0.0
2026-02,МайПлей,305113,0.0,0.0
2025-07,Смік,305113,0.0,0.55643773
2025-08,Смік,305113,0.0,0.53435546
2025-09,Смік,305113,0.0,0.46901426
2025-10,Смік,305113,0.0,0.40169382
2025-11,Смік,305113,1.0,0.54778904
2025-12,Смік,305113,1.0,0.38701546
2026-01,Смік,305113,0.0,0.3018173
2026-02,Смік,305113,0.0,0.11557963
2025-07,Антошка,305114,1.0,0.7277262
2025-08,Антошка,305114,3.0,1.270422
2025-09,Антошка,305114,1.0,0.9604567
2025-10,Антошка,305114,0.0,1.1945935
2025-11,Антошка,305114,0.0,1.0630952
2025-12,Антошка,305114,0.0,1.4072412
2026-01,Антошка,305114,2.0,0.45655856
2026-02,Антошка,305114,0.0,0.0
2025-07,Епіцентр,305114,2.0,1.3464352
2025-08,Епіцентр,305114,3.0,3.5258956
2025-09,Епіцентр,305114,0.0,1.6904533
2025-10,Епіцентр,305114,0.0,1.4687338
2025-11,Епіцентр,305114,1.0,1.0472844
2025-12,Епіцентр,305114,0.0,2.5206864
2026-01,Епіцентр,305114,1.0,1.0011418
2026-02,Епіцентр,305114,0.0,0.0
2025-07,МайПлей,305114,5.0,0.7350427
2025-08,МайПлей,305114,2.0,2.8583734
2025-09,МайПлей,305114,1.0,1.2543539
2025-10,МайПлей,305114,0.0,1.3371844
2025-11,МайПлей,305114,2.0,0.75756633
2025-12,МайПлей,305114,0.0,2.256273
2026-01,МайПлей,305114,0.0,0.0
2026-02,МайПлей,305114,0.0,0.0
2025-07,Смік,305114,0.0,0.4437593
2025-08,Смік,305114,1.0,0.56579554
2025-09,Смік,305114,1.0,0.47609028
2025-10,Смік,305114,1.0,0.43674263
2025-11,Смік,305114,2.0,0.5245269
2025-12,Смік,305114,2.0,1.3228817
2026-01,Смік,305114,0.0,0.39789736
2026-02,Смік,305114,1.0,0.11169304
2025-07,Чудо Острів,305114,0.0,1.0635394
2025-08,Чудо Острів,305114,3.0,2.3037646
2025-09,Чудо Острів,305114,5.0,2.059768
2025-10,Чудо Острів,305114,2.0,2.3528855
2025-11,Чудо Острів,305114,4.0,2.1966746
2025-12,Чудо Острів,305114,3.0,4.328526
2026-01,Чудо Острів,305114,2.0,1.7693942
2026-02,Чудо Острів,305114,1.0,1.4783055
2025-07,Епіцентр,305115,3.0,1.9665586
2025-08,Епіцентр,305115,0.0,0.0
2025-09,Епіцентр,305115,0.0,0.0
2025-10,Епіцентр,305115,0.0,0.0
2025-11,Епіцентр,305115,0.0,0.0
2025-12,Епіцентр,305115,0.0,0.0
2026-01,Епіцентр,305115,0.0,0.0
2026-02,Епіцентр,305115,1.0,0.39384934
2025-07,МайПлей,305115,0.0,0.0
2025-08,МайПлей,305115,1.0,1.4439796
2025-09,МайПлей,305115,1.0,1.2020488
2025-10,МайПлей,305115,1.0,1.293694
2025-11,МайПлей,305115,1.0,1.2515677
2025-12,МайПлей,305115,0.0,0.0
2026-01,МайПлей,305115,0.0,0.0
2026-02,МайПлей,305115,0.0,0.0
2025-07,Мегамаркет,305115,1.0,0.45318332
2025-08,Мегамаркет,305115,0.0,0.4158554
2025-09,Мегамаркет,305115,0.0,0.33183348
2025-10,Мегамаркет,305115,1.0,0.35955882
2025-11,Мегамаркет,305115,1.0,0.38894975
2025-12,Мегамаркет,305115,1.0,0.57324004
2026-01,Мегамаркет,305115,0.0,0.13745879
2026-02,Мегамаркет,305115,0.0,0.09821042
2025-07,Чудо Острів,305116,0.0,0.0
2025-08,Чудо Острів,305116,0.0,0.0
2025-09,Чудо Острів,305116,0.0,0.0
2025-10,Чудо Острів,305116,1.0,1.3617616
2025-11,Чудо Острів,305116,1.0,1.6651893
2025-12,Чудо Острів,305116,0.0,0.0
2026-01,Чудо Острів,305116,0.0,0.0
2026-02,Чудо Острів,305116,0.0,0.0
2025-07,Антошка,305221,3.0,2.5623293
2025-08,Антошка,305221,4.0,9.579032
2025-09,Антошка,305221,2.0,3.31029
2025-10,Антошка,305221,7.0,3.7766485
2025-11,Антошка,305221,2.0,4.625585
2025-12,Антошка,305221,9.0,7.704367
2026-01,Антошка,305221,4.0,2.950049
2026-02,Антошка,305221,2.0,1.8364286
2025-07,БІ,305221,5.0,14.996337
2025-08,БІ,305221,8.0,10.146376
2025-09,БІ,305221,6.0,11.12136
2025-10,БІ,305221,10.0,9.986591
2025-11,БІ,305221,6.0,18.158909
2025-12,БІ,305221,31.0,25.359964
2026-01,БІ,305221,21.0,7.2578845
2026-02,БІ,305221,5.0,6.594898
2025-07,Епіцентр,305221,4.0,2.380988
2025-08,Епіцентр,305221,1.0,3.1768818
2025-09,Епіцентр,305221,3.0,2.389544
2025-10,Епіцентр,305221,0.0,3.0104203
2025-11,Епіцентр,305221,2.0,1.4531806
2025-12,Епіцентр,305221,5.0,3.7569282
2026-01,Епіцентр,305221,0.0,0.0
2026-02,Епіцентр,305221,2.0,1.116048
2025-07,МайПлей,305221,4.0,1.7000746
2025-08,МайПлей,305221,0.0,2.124416
2025-09,МайПлей,305221,1.0,1.8824215
2025-10,МайПлей,305221,5.0,1.6682229
2025-11,МайПлей,305221,3.0,2.4461467
2025-12,МайПлей,305221,6.0,4.414636
2026-01,МайПлей,305221,2.0,2.3911812
2026-02,МайПлей,305221,2.0,1.1513155
2025-07,Монако,305221,0.0,0.0
2025-08,Монако,305221,0.0,0.0
2025-09,Монако,305221,1.0,1.2641797
2025-10,Монако,305221,0.0,0.0
2025-11,Монако,305221,0.0,0.0
2025-12,Монако,305221,1.0,1.866415
2026-01,Монако,305221,0.0,0.0
2026-02,Монако,305221,0.0,0.0
2025-07,Чудо Острів,305221,11.0,5.0074553
2025-08,Чудо Острів,305221,3.0,10.354827
2025-09,Чудо Острів,305221,2.0,6.207045
2025-10,Чудо Острів,305221,5.0,5.998385
2025-11,Чудо Острів,305221,4.0,5.4422083
2025-12,Чудо Острів,305221,29.0,12.067921
2026-01,Чудо Острів,305221,11.0,3.6214767
2026-02,Чудо Острів,305221,1.0,3.2704248
2025-07,ІМ-МауДау,306161I,10.0,2.9366844
2025-08,ІМ-МауДау,306161I,3.0,4.4397564
2025-09,ІМ-МауДау,306161I,6.0,3.6431284
2025-10,ІМ-МауДау,306161I,3.0,4.3076935
2025-11,ІМ-МауДау,306161I,11.0,4.527978
2025-12,ІМ-МауДау,306161I,7.0,13.076803
2026-01,ІМ-МауДау,306161I,2.0,5.669097
2026-02,ІМ-МауДау,306161I,0.0,0.0
2025-07,ІМ-Розетка,306161I,0.0,0.16296937
2025-08,ІМ-Розетка,306161I,5.0,1.9498746
2025-09,ІМ-Розетка,306161I,4.0,3.1684911
2025-10,ІМ-Розетка,306161I,2.0,3.9270735
2025-11,ІМ-Розетка,306161I,1.0,0.9654587
2025-12,ІМ-Розетка,306161I,0.0,2.0465546
2026-01,ІМ-Розетка,306161I,0.0,0.0
2026-02,ІМ-Розетка,306161I,0.0,0.0
2025-07,Антошка,306161I,37.0,30.63445
2025-08,Антошка,306161I,28.0,39.94516
2025-09,Антошка,306161I,16.0,31.080368
2025-10,Антошка,306161I,24.0,24.55296
2025-11,Антошка,306161I,41.0,38.505768
2025-12,Антошка,306161I,111.0,85.167114
2026-01,Антошка,306161I,38.0,46.125
2026-02,Антошка,306161I,40.0,16.203318
2025-07,БІ,306161I,82.0,69.35881
2025-08,БІ,306161I,76.0,70.60013
2025-09,БІ,306161I,71.0,64.83431
2025-10,БІ,306161I,71.0,77.68934
2025-11,БІ,306161I,114.0,78.13576
2025-12,БІ,306161I,283.0,119.111336
2026-01,БІ,306161I,111.0,70.14513
2026-02,БІ,306161I,74.0,44.682808
2025-07,Епіцентр,306161I,30.0,12.944455
2025-08,Епіцентр,306161I,17.0,21.274662
2025-09,Епіцентр,306161I,20.0,15.903769
2025-10,Епіцентр,306161I,22.0,17.069498
2025-11,Епіцентр,306161I,22.0,20.523546
2025-12,Епіцентр,306161I,41.0,66.11367
2026-01,Епіцентр,306161I,20.0,16.844341
2026-02,Епіцентр,306161I,17.0,7.9106984
2025-07,Казковий Світ Малюка,306161I,1.0,1.4003918
2025-08,Казковий Світ Малюка,306161I,0.0,0.0
2025-09,Казковий Світ Малюка,306161I,0.0,0.0
2025-10,Казковий Світ Малюка,306161I,1.0,1.3234417
2025-11,Казковий Світ Малюка,306161I,0.0,0.0
2025-12,Казковий Світ Малюка,306161I,1.0,1.3734443
2026-01,Казковий Світ Малюка,306161I,0.0,0.0
2026-02,Казковий Світ Малюка,306161I,0.0,0.0
2025-07,Кубі,306161I,0.0,0.01489449
2025-08,Кубі,306161I,4.0,1.376323
2025-09,Кубі,306161I,8.0,2.4761379
2025-10,Кубі,306161I,0.0,0.0
2025-11,Кубі,306161I,2.0,2.486548
2025-12,Кубі,306161I,6.0,5.5405912
2026-01,Кубі,306161I,4.0,3.1025648
2026-02,Кубі,306161I,0.0,0.0
2025-07,МайПлей,306161I,5.0,4.576949
2025-08,МайПлей,306161I,2.0,5.880806
2025-09,МайПлей,306161I,5.0,4.673869
2025-10,МайПлей,306161I,5.0,4.8012877
2025-11,МайПлей,306161I,7.0,6.2831893
2025-12,МайПлей,306161I,27.0,15.260236
2026-01,МайПлей,306161I,6.0,9.130018
2026-02,МайПлей,306161I,7.0,4.949378
2025-07,Мегамаркет,306161I,1.0,1.5834793
2025-08,Мегамаркет,306161I,1.0,1.2485772
2025-09,Мегамаркет,306161I,1.0,1.0468053
2025-10,Мегамаркет,306161I,1.0,1.1434729
2025-11,Мегамаркет,306161I,1.0,0.76322186
2025-12,Мегамаркет,306161I,1.0,2.1085076
2026-01,Мегамаркет,306161I,1.0,1.1950245
2026-02,Мегамаркет,306161I,0.0,0.0
2025-07,Монако,306161I,1.0,1.8739275
2025-08,Монако,306161I,2.0,1.9104799
2025-09,Монако,306161I,0.0,0.0
2025-10,Монако,306161I,2.0,1.9243934
2025-11,Монако,306161I,0.0,0.0
2025-12,Монако,306161I,1.0,2.5795505
2026-01,Монако,306161I,4.0,1.6951395
2026-02,Монако,306161I,0.0,0.0
2025-07,Росицька ФОП,306161I,0.0,0.31234214
2025-08,Росицька ФОП,306161I,2.0,1.2098707
2025-09,Росицька ФОП,306161I,0.0,1.1285287
2025-10,Росицька ФОП,306161I,0.0,0.5448701
2025-11,Росицька ФОП,306161I,1.0,0.4414849
2025-12,Росицька ФОП,306161I,0.0,1.3523594
2026-01,Росицька ФОП,306161I,0.0,0.7151741
2026-02,Росицька ФОП,306161I,1.0,0.10017088
2025-07,Смік,306161I,1.0,0.6546955
2025-08,Смік,306161I,1.0,1.1796842
2025-09,Смік,306161I,2.0,2.4990995
2025-10,Смік,306161I,2.0,1.687312
2025-11,Смік,306161I,3.0,2.845353
2025-12,Смік,306161I,10.0,5.9547415
2026-01,Смік,306161I,5.0,2.672199
2026-02,Смік,306161I,0.0,0.0
2025-07,Супрун ФОП,306161I,0.0,0.0
2025-08,Супрун ФОП,306161I,0.0,0.011697533
2025-09,Супрун ФОП,306161I,0.0,0.021476807
2025-10,Супрун ФОП,306161I,0.0,0.015566881
2025-11,Супрун ФОП,306161I,1.0,1.966903
2025-12,Супрун ФОП,306161I,2.0,2.002736
2026-01,Супрун ФОП,306161I,1.0,2.026457
2026-02,Супрун ФОП,306161I,0.0,0.0
2025-07,Чудо Острів,306161I,19.0,14.932554
2025-08,Чудо Острів,306161I,19.0,16.713346
2025-09,Чудо Острів,306161I,14.0,13.677868
2025-10,Чудо Острів,306161I,21.0,17.018831
2025-11,Чудо Острів,306161I,18.0,21.943186
2025-12,Чудо Острів,306161I,63.0,55.916584
2026-01,Чудо Острів,306161I,27.0,14.529969
2026-02,Чудо Острів,306161I,13.0,17.202208
2025-07,ІМ-МауДау,306307I,0.0,0.56120485
2025-08,ІМ-МауДау,306307I,2.0,0.7047412
2025-09,ІМ-МауДау,306307I,0.0,0.14031014
2025-10,ІМ-МауДау,306307I,0.0,0.096764155
2025-11,ІМ-МауДау,306307I,1.0,0.53585
2025-12,ІМ-МауДау,306307I,0.0,0.44224805
2026-01,ІМ-МауДау,306307I,1.0,0.10778177
2026-02,ІМ-МауДау,306307I,0.0,0.25152722
2025-07,Антошка,306307I,3.0,4.782126
2025-08,Антошка,306307I,10.0,6.2198577
2025-09,Антошка,306307I,11.0,8.358968
2025-10,Антошка,306307I,9.0,8.391803
2025-11,Антошка,306307I,7.0,6.6056743
2025-12,Антошка,306307I,11.0,13.072783
2026-01,Антошка,306307I,6.0,3.43229
2026-02,Антошка,306307I,10.0,2.166714
2025-07,БІ,306307I,32.0,35.69711
2025-08,БІ,306307I,41.0,40.884254
2025-09,БІ,306307I,36.0,35.299156
2025-10,БІ,306307I,42.0,34.36376
2025-11,БІ,306307I,54.0,38.5264
2025-12,БІ,306307I,74.0,80.16506
2026-01,БІ,306307I,34.0,34.08591
2026-02,БІ,306307I,41.0,13.571156
2025-07,Епіцентр,306307I,26.0,9.622732
2025-08,Епіцентр,306307I,13.0,13.340833
2025-09,Епіцентр,306307I,6.0,11.733459
2025-10,Епіцентр,306307I,12.0,7.640456
2025-11,Епіцентр,306307I,12.0,8.696602
2025-12,Епіцентр,306307I,26.0,16.31494
2026-01,Епіцентр,306307I,8.0,12.051841
2026-02,Епіцентр,306307I,10.0,3.4057422
2025-07,МайПлей,306307I,4.0,2.369533
2025-08,МайПлей,306307I,4.0,2.7358239
2025-09,МайПлей,306307I,6.0,2.6156003
2025-10,МайПлей,306307I,2.0,3.534764
2025-11,МайПлей,306307I,4.0,3.074435
2025-12,МайПлей,306307I,5.0,7.2943783
2026-01,МайПлей,306307I,6.0,3.3195262
2026-02,МайПлей,306307I,5.0,1.8608483
2025-07,Мегамаркет,306307I,0.0,0.38485703
2025-08,Мегамаркет,306307I,0.0,0.26281735
2025-09,Мегамаркет,306307I,0.0,0.3370089
2025-10,Мегамаркет,306307I,5.0,0.3530661
2025-11,Мегамаркет,306307I,0.0,1.3863674
2025-12,Мегамаркет,306307I,0.0,2.3916762
2026-01,Мегамаркет,306307I,0.0,0.014997919
2026-02,Мегамаркет,306307I,2.0,0.5872638
2025-07,Монако,306307I,1.0,1.628182
2025-08,Монако,306307I,0.0,0.0
2025-09,Монако,306307I,0.0,0.0
2025-10,Монако,306307I,1.0,1.1557369
2025-11,Монако,306307I,1.0,1.190086
2025-12,Монако,306307I,0.0,0.0
2026-01,Монако,306307I,1.0,1.1185507
2026-02,Монако,306307I,0.0,0.0
2025-07,Смік,306307I,1.0,1.4112229
2025-08,Смік,306307I,4.0,2.4286935
2025-09,Смік,306307I,2.0,2.1690226
2025-10,Смік,306307I,1.0,1.7708629
2025-11,Смік,306307I,4.0,1.7989153
2025-12,Смік,306307I,6.0,6.2752094
2026-01,Смік,306307I,3.0,2.293081
2026-02,Смік,306307I,0.0,0.0
2025-07,Чудо Острів,306307I,6.0,3.3490462
2025-08,Чудо Острів,306307I,7.0,3.9530413
2025-09,Чудо Острів,306307I,6.0,3.9839976
2025-10,Чудо Острів,306307I,6.0,4.329273
2025-11,Чудо Острів,306307I,8.0,4.4671326
2025-12,Чудо Острів,306307I,12.0,9.45813
2026-01,Чудо Острів,306307I,5.0,2.6095066
2026-02,Чудо Острів,306307I,5.0,1.907111
2025-07,ІМ-МауДау,306606,0.0,0.7216204
2025-08,ІМ-МауДау,306606,2.0,0.90483534
2025-09,ІМ-МауДау,306606,4.0,1.1737816
2025-10,ІМ-МауДау,306606,4.0,0.5273565
2025-11,ІМ-МауДау,306606,0.0,0.0
2025-12,ІМ-МауДау,306606,0.0,0.0
2026-01,ІМ-МауДау,306606,0.0,0.0
2026-02,ІМ-МауДау,306606,0.0,0.0
2025-07,ІМ-Розетка,306606,0.0,0.657301
2025-08,ІМ-Розетка,306606,1.0,2.3446918
2025-09,ІМ-Розетка,306606,0.0,2.4248185
2025-10,ІМ-Розетка,306606,0.0,1.0922798
2025-11,ІМ-Розетка,306606,1.0,1.0705638
2025-12,ІМ-Розетка,306606,0.0,0.0
2026-01,ІМ-Розетка,306606,0.0,0.0
2026-02,ІМ-Розетка,306606,0.0,0.0
2025-07,Антошка,306606,5.0,2.3044171
2025-08,Антошка,306606,2.0,3.834295
2025-09,Антошка,306606,7.0,2.0912385
2025-10,Антошка,306606,5.0,3.870221
2025-11,Антошка,306606,4.0,3.576243
2025-12,Антошка,306606,6.0,5.680364
2026-01,Антошка,306606,5.0,1.994624
2026-02,Антошка,306606,2.0,1.8181804
2025-07,БІ,306606,8.0,12.0482645
2025-08,БІ,306606,14.0,11.017922
2025-09,БІ,306606,4.0,12.0508795
2025-10,БІ,306606,12.0,9.584959
2025-11,БІ,306606,16.0,11.647414
2025-12,БІ,306606,19.0,19.117884
2026-01,БІ,306606,10.0,3.9346247
2026-02,БІ,306606,3.0,4.577391
2025-07,Епіцентр,306606,4.0,1.8007072
2025-08,Епіцентр,306606,1.0,2.8106537
2025-09,Епіцентр,306606,1.0,1.8683953
2025-10,Епіцентр,306606,2.0,1.6891779
2025-11,Епіцентр,306606,1.0,1.5193565
2025-12,Епіцентр,306606,3.0,2.362588
2026-01,Епіцентр,306606,1.0,1.2549334
2026-02,Епіцентр,306606,0.0,0.0
2025-07,МайПлей,306606,2.0,1.3612312
2025-08,МайПлей,306606,2.0,1.5455264
2025-09,МайПлей,306606,2.0,1.6937329
2025-10,МайПлей,306606,2.0,1.5642067
2025-11,МайПлей,306606,1.0,2.2183337
2025-12,МайПлей,306606,2.0,2.3338041
2026-01,МайПлей,306606,1.0,0.9714335
2026-02,МайПлей,306606,2.0,0.90681624
2025-07,Смік,306606,3.0,1.5281838
2025-08,Смік,306606,1.0,2.0544722
2025-09,Смік,306606,3.0,2.167202
2025-10,Смік,306606,1.0,1.4260879
2025-11,Смік,306606,1.0,1.6663163
2025-12,Смік,306606,1.0,2.2800336
2026-01,Смік,306606,0.0,0.0
2026-02,Смік,306606,0.0,0.0
2025-07,Чудо Острів,306606,2.0,4.5711737
2025-08,Чудо Острів,306606,6.0,3.0560832
2025-09,Чудо Острів,306606,9.0,3.5224895
2025-10,Чудо Острів,306606,6.0,4.179328
2025-11,Чудо Острів,306606,7.0,5.0120573
2025-12,Чудо Острів,306606,10.0,7.5821285
2026-01,Чудо Острів,306606,5.0,2.5898976
2026-02,Чудо Острів,306606,2.0,2.632014
2025-07,Антошка,306832,6.0,2.8270917
2025-08,Антошка,306832,1.0,2.5918846
2025-09,Антошка,306832,2.0,2.2699776
2025-10,Антошка,306832,0.0,0.0
2025-11,Антошка,306832,2.0,2.1324253
2025-12,Антошка,306832,1.0,2.1974683
2026-01,Антошка,306832,1.0,0.9462047
2026-02,Антошка,306832,0.0,0.0
2025-07,БІ,306832,1.0,3.47165
2025-08,БІ,306832,1.0,2.5593295
2025-09,БІ,306832,1.0,1.611157
2025-10,БІ,306832,3.0,2.0539882
2025-11,БІ,306832,0.0,0.0
2025-12,БІ,306832,0.0,0.0
2026-01,БІ,306832,0.0,0.0
2026-02,БІ,306832,0.0,0.0
2025-07,Епіцентр,306832,7.0,1.2765666
2025-08,Епіцентр,306832,4.0,3.3739078
2025-09,Епіцентр,306832,5.0,3.193607
2025-10,Епіцентр,306832,0.0,0.0
2025-11,Епіцентр,306832,3.0,2.1090944
2025-12,Епіцентр,306832,6.0,3.8172398
2026-01,Епіцентр,306832,5.0,1.7248653
2026-02,Епіцентр,306832,4.0,1.9701546
2025-07,МайПлей,306832,3.0,1.7411453
2025-08,МайПлей,306832,1.0,1.3436755
2025-09,МайПлей,306832,3.0,1.6203723
2025-10,МайПлей,306832,2.0,2.0994053
2025-11,МайПлей,306832,0.0,0.0
2025-12,МайПлей,306832,2.0,2.2791054
2026-01,МайПлей,306832,0.0,0.0
2026-02,МайПлей,306832,0.0,0.0
2025-07,Мегамаркет,306832,0.0,0.48683196
2025-08,Мегамаркет,306832,0.0,0.231625
2025-09,Мегамаркет,306832,0.0,0.2671549
2025-10,Мегамаркет,306832,0.0,0.38665536
2025-11,Мегамаркет,306832,1.0,0.37717652
2025-12,Мегамаркет,306832,0.0,0.6127355
2026-01,Мегамаркет,306832,0.0,1.0032909
2026-02,Мегамаркет,306832,1.0,0.10887999
2025-07,Смік,306832,1.0,1.0269551
2025-08,Смік,306832,4.0,1.1827303
2025-09,Смік,306832,3.0,1.299491
2025-10,Смік,306832,3.0,1.7176982
2025-11,Смік,306832,1.0,1.9980909
2025-12,Смік,306832,0.0,0.0
2026-01,Смік,306832,0.0,0.0
2026-02,Смік,306832,0.0,0.0
2025-07,Чудо Острів,306832,5.0,2.960915
2025-08,Чудо Острів,306832,0.0,0.0
2025-09,Чудо Острів,306832,5.0,1.628425
2025-10,Чудо Острів,306832,6.0,3.8125606
2025-11,Чудо Острів,306832,6.0,4.233736
2025-12,Чудо Острів,306832,12.0,6.7772517
2026-01,Чудо Острів,306832,4.0,2.2184112
2026-02,Чудо Острів,306832,3.0,2.0306957
2025-07,Антошка,306912I,18.0,15.394749
2025-08,Антошка,306912I,25.0,19.08791
2025-09,Антошка,306912I,13.0,28.873627
2025-10,Антошка,306912I,23.0,25.347113
2025-11,Антошка,306912I,22.0,30.623665
2025-12,Антошка,306912I,44.0,69.99991
2026-01,Антошка,306912I,21.0,25.599867
2026-02,Антошка,306912I,14.0,8.250787
2025-07,БІ,306912I,35.0,34.84566
2025-08,БІ,306912I,37.0,38.959263
2025-09,БІ,306912I,41.0,35.87957
2025-10,БІ,306912I,40.0,54.908077
2025-11,БІ,306912I,59.0,50.990307
2025-12,БІ,306912I,79.0,89.270096
2026-01,БІ,306912I,39.0,34.65193
2026-02,БІ,306912I,32.0,29.797874
2025-07,Епіцентр,306912I,15.0,3.5663986
2025-08,Епіцентр,306912I,3.0,8.7807045
2025-09,Епіцентр,306912I,4.0,7.7559824
2025-10,Епіцентр,306912I,5.0,5.872405
2025-11,Епіцентр,306912I,6.0,6.2809486
2025-12,Епіцентр,306912I,18.0,13.225587
2026-01,Епіцентр,306912I,5.0,6.761757
2026-02,Епіцентр,306912I,3.0,4.299184
2025-07,Клас,306912I,0.0,0.24702424
2025-08,Клас,306912I,0.0,0.25289866
2025-09,Клас,306912I,1.0,0.31372267
2025-10,Клас,306912I,0.0,0.24634412
2025-11,Клас,306912I,0.0,0.265148
2025-12,Клас,306912I,1.0,1.4344729
2026-01,Клас,306912I,1.0,0.9323722
2026-02,Клас,306912I,0.0,0.0
2025-07,Країна Казок,306912I,0.0,0.2451416
2025-08,Країна Казок,306912I,1.0,0.36461937
2025-09,Країна Казок,306912I,0.0,0.5356539
2025-10,Країна Казок,306912I,1.0,0.53759253
2025-11,Країна Казок,306912I,0.0,0.6632745
2025-12,Країна Казок,306912I,0.0,0.61498976
2026-01,Країна Казок,306912I,0.0,0.121143274
2026-02,Країна Казок,306912I,0.0,0.010988676
2025-07,МайПлей,306912I,4.0,3.2494788
2025-08,МайПлей,306912I,2.0,4.2948165
2025-09,МайПлей,306912I,3.0,3.4418964
2025-10,МайПлей,306912I,6.0,3.2345462
2025-11,МайПлей,306912I,4.0,3.8522599
2025-12,МайПлей,306912I,11.0,10.439605
2026-01,МайПлей,306912I,4.0,7.8139353
2026-02,МайПлей,306912I,5.0,3.446271
2025-07,Мегамаркет,306912I,0.0,0.4261951
2025-08,Мегамаркет,306912I,0.0,0.4003028
2025-09,Мегамаркет,306912I,0.0,0.5019761
2025-10,Мегамаркет,306912I,0.0,0.6167042
2025-11,Мегамаркет,306912I,1.0,0.51410747
2025-12,Мегамаркет,306912I,3.0,1.4457262
2026-01,Мегамаркет,306912I,0.0,0.0
2026-02,Мегамаркет,306912I,1.0,0.8304576
2025-07,Монако,306912I,1.0,1.4644551
2025-08,Монако,306912I,0.0,0.0
2025-09,Монако,306912I,1.0,1.3611652
2025-10,Монако,306912I,1.0,1.3305876
2025-11,Монако,306912I,1.0,1.7738575
2025-12,Монако,306912I,1.0,1.8525256
2026-01,Монако,306912I,2.0,1.5113344
2026-02,Монако,306912I,0.0,0.0
2025-07,РОСТ,306912I,0.0,0.018781291
2025-08,РОСТ,306912I,0.0,0.108538285
2025-09,РОСТ,306912I,0.0,0.13153468
2025-10,РОСТ,306912I,0.0,0.45754486
2025-11,РОСТ,306912I,1.0,0.6873401
2025-12,РОСТ,306912I,1.0,1.7240192
2026-01,РОСТ,306912I,4.0,2.724034
2026-02,РОСТ,306912I,1.0,0.7583193
2025-07,Росицька ФОП,306912I,0.0,0.11603236
2025-08,Росицька ФОП,306912I,1.0,0.5933803
2025-09,Росицька ФОП,306912I,2.0,1.4261694
2025-10,Росицька ФОП,306912I,2.0,0.6567532
2025-11,Росицька ФОП,306912I,2.0,1.707856
2025-12,Росицька ФОП,306912I,2.0,2.7210593
2026-01,Росицька ФОП,306912I,0.0,1.6516454
2026-02,Росицька ФОП,306912I,1.0,0.49379027
2025-07,Смік,306912I,4.0,1.7977364
2025-08,Смік,306912I,1.0,2.370741
2025-09,Смік,306912I,6.0,3.2700744
2025-10,Смік,306912I,2.0,3.0228918
2025-11,Смік,306912I,3.0,3.5182893
2025-12,Смік,306912I,8.0,8.704089
2026-01,Смік,306912I,2.0,3.0052984
2026-02,Смік,306912I,2.0,1.1273851
2025-07,Чудо Острів,306912I,8.0,9.692373
2025-08,Чудо Острів,306912I,8.0,10.364952
2025-09,Чудо Острів,306912I,7.0,7.031485
2025-10,Чудо Острів,306912I,8.0,9.701107
2025-11,Чудо Острів,306912I,11.0,7.9775677
2025-12,Чудо Острів,306912I,17.0,18.34138
2026-01,Чудо Острів,306912I,3.0,7.8459888
2026-02,Чудо Острів,306912I,14.0,5.3104086
2025-07,Антошка,307015,2.0,2.5605195
2025-08,Антошка,307015,5.0,2.6839986
2025-09,Антошка,307015,1.0,4.7078433
2025-10,Антошка,307015,1.0,3.473631
2025-11,Антошка,307015,3.0,3.2924817
2025-12,Антошка,307015,8.0,10.428999
2026-01,Антошка,307015,11.0,3.5663295
2026-02,Антошка,307015,7.0,3.4923186
2025-07,БІ,307015,0.0,0.025658285
2025-08,БІ,307015,0.0,0.015954422
2025-09,БІ,307015,0.0,0.02038416
2025-10,БІ,307015,0.0,0.022337114
2025-11,БІ,307015,0.0,0.0
2025-12,БІ,307015,0.0,3.0649273
2026-01,БІ,307015,5.0,4.732636
2026-02,БІ,307015,2.0,3.3594553
2025-07,Епіцентр,307015,1.0,2.3346686
2025-08,Епіцентр,307015,5.0,2.8452692
2025-09,Епіцентр,307015,3.0,3.159722
2025-10,Епіцентр,307015,1.0,3.0207772
2025-11,Епіцентр,307015,3.0,3.147224
2025-12,Епіцентр,307015,9.0,7.938158
2026-01,Епіцентр,307015,2.0,1.8590251
2026-02,Епіцентр,307015,5.0,0.54632777
2025-07,МайПлей,307015,2.0,0.61669
2025-08,МайПлей,307015,1.0,0.91171634
2025-09,МайПлей,307015,0.0,1.510645
2025-10,МайПлей,307015,4.0,0.90633917
2025-11,МайПлей,307015,2.0,1.8863187
2025-12,МайПлей,307015,4.0,4.532361
2026-01,МайПлей,307015,1.0,2.2033548
2026-02,МайПлей,307015,1.0,0.4439807
2025-07,Чудо Острів,307015,3.0,1.5958875
2025-08,Чудо Острів,307015,3.0,2.909477
2025-09,Чудо Острів,307015,5.0,2.7478878
2025-10,Чудо Острів,307015,1.0,3.1707418
2025-11,Чудо Острів,307015,0.0,2.543735
2025-12,Чудо Острів,307015,4.0,4.1579976
2026-01,Чудо Острів,307015,0.0,0.6638914
2026-02,Чудо Острів,307015,4.0,0.16135795
2025-07,Антошка,310231,0.0,0.0
2025-08,Антошка,310231,0.0,0.0
2025-09,Антошка,310231,0.0,0.0
2025-10,Антошка,310231,0.0,0.0
2025-11,Антошка,310231,0.0,0.0
2025-12,Антошка,310231,0.0,0.0
2026-01,Антошка,310231,0.0,0.0
2026-02,Антошка,310231,0.0,0.0
2025-07,Епіцентр,310231,0.0,0.0
2025-08,Епіцентр,310231,2.0,1.3057885
2025-09,Епіцентр,310231,2.0,1.2534983
2025-10,Епіцентр,310231,4.0,1.1317354
2025-11,Епіцентр,310231,2.0,2.1892035
2025-12,Епіцентр,310231,2.0,4.3649116
2026-01,Епіцентр,310231,0.0,0.0
2026-02,Епіцентр,310231,0.0,0.0
2025-07,МайПлей,310231,0.0,0.0
2025-08,МайПлей,310231,0.0,0.0
2025-09,МайПлей,310231,0.0,0.0
2025-10,МайПлей,310231,0.0,0.0
2025-11,МайПлей,310231,0.0,0.0
2025-12,МайПлей,310231,1.0,1.4927235
2026-01,МайПлей,310231,0.0,0.0
2026-02,МайПлей,310231,0.0,0.0
2025-07,Чудо Острів,310231,2.0,1.7105842
2025-08,Чудо Острів,310231,0.0,0.0
2025-09,Чудо Острів,310231,3.0,2.4975865
2025-10,Чудо Острів,310231,1.0,1.9903431
2025-11,Чудо Острів,310231,1.0,2.2969613
2025-12,Чудо Острів,310231,3.0,4.0982485
2026-01,Чудо Острів,310231,0.0,0.0
2026-02,Чудо Острів,310231,2.0,0.947492
2025-07,Епіцентр,310247I,0.0,0.0
2025-08,Епіцентр,310247I,0.0,0.0
2025-09,Епіцентр,310247I,0.0,0.0
2025-10,Епіцентр,310247I,0.0,0.0
2025-11,Епіцентр,310247I,1.0,1.1934377
2025-12,Епіцентр,310247I,0.0,0.0
2026-01,Епіцентр,310247I,0.0,0.0
2026-02,Епіцентр,310247I,1.0,0.824316
2025-07,Антошка,313021I,2.0,1.7935591
2025-08,Антошка,313021I,1.0,3.3262563
2025-09,Антошка,313021I,4.0,3.475622
2025-10,Антошка,313021I,2.0,2.9999478
2025-11,Антошка,313021I,2.0,2.8480685
2025-12,Антошка,313021I,1.0,5.3666053
2026-01,Антошка,313021I,2.0,1.3244506
2026-02,Антошка,313021I,3.0,0.60097283
2025-07,БІ,313021I,23.0,12.760282
2025-08,БІ,313021I,20.0,16.746239
2025-09,БІ,313021I,17.0,13.594381
2025-10,БІ,313021I,9.0,14.260437
2025-11,БІ,313021I,13.0,12.172852
2025-12,БІ,313021I,11.0,17.671148
2026-01,БІ,313021I,4.0,2.9440987
2026-02,БІ,313021I,1.0,2.2190945
2025-07,Епіцентр,313021I,2.0,0.49891347
2025-08,Епіцентр,313021I,2.0,1.2534895
2025-09,Епіцентр,313021I,0.0,0.8651161
2025-10,Епіцентр,313021I,1.0,0.5979379
2025-11,Епіцентр,313021I,1.0,0.8095862
2025-12,Епіцентр,313021I,1.0,1.6770493
2026-01,Епіцентр,313021I,0.0,0.0
2026-02,Епіцентр,313021I,1.0,0.664118
2025-07,Літл Бук,313021I,0.0,0.0
2025-08,Літл Бук,313021I,0.0,0.0
2025-09,Літл Бук,313021I,0.0,0.0
2025-10,Літл Бук,313021I,1.0,1.1277251
2025-11,Літл Бук,313021I,0.0,0.0
2025-12,Літл Бук,313021I,2.0,1.4377418
2026-01,Літл Бук,313021I,0.0,0.0
2026-02,Літл Бук,313021I,0.0,0.0
2025-07,МайПлей,313021I,0.0,1.8100214
2025-08,МайПлей,313021I,3.0,1.2970341
2025-09,МайПлей,313021I,1.0,3.105018
2025-10,МайПлей,313021I,1.0,1.977292
2025-11,МайПлей,313021I,2.0,1.8010645
2025-12,МайПлей,313021I,1.0,3.8032851
2026-01,МайПлей,313021I,0.0,0.0
2026-02,МайПлей,313021I,1.0,0.7683245
2025-07,Смік,313021I,3.0,0.578847
2025-08,Смік,313021I,1.0,1.045723
2025-09,Смік,313021I,0.0,0.92978996
2025-10,Смік,313021I,2.0,0.5903475
2025-11,Смік,313021I,4.0,0.90913594
2025-12,Смік,313021I,2.0,3.309099
2026-01,Смік,313021I,2.0,0.43562433
2026-02,Смік,313021I,0.0,0.4088455
2025-07,Чудо Острів,313021I,3.0,1.9481242
2025-08,Чудо Острів,313021I,6.0,2.6810372
2025-09,Чудо Острів,313021I,0.0,3.3816738
2025-10,Чудо Острів,313021I,2.0,2.016879
2025-11,Чудо Острів,313021I,3.0,2.5455625
2025-12,Чудо Острів,313021I,5.0,5.0298147
2026-01,Чудо Острів,313021I,0.0,0.0
2026-02,Чудо Острів,313021I,0.0,0.0
2025-07,Антошка,313037,1.0,0.5681415
2025-08,Антошка,313037,0.0,0.42034152
2025-09,Антошка,313037,1.0,0.6479665
2025-10,Антошка,313037,1.0,0.7338844
2025-11,Антошка,313037,0.0,0.73033744
2025-12,Антошка,313037,1.0,1.1783268
2026-01,Антошка,313037,1.0,0.24005985
2026-02,Антошка,313037,1.0,0.2495078
2025-07,БІ,313037,1.0,1.3358741
2025-08,БІ,313037,0.0,0.4669925
2025-09,БІ,313037,0.0,1.6568861
2025-10,БІ,313037,2.0,0.20050207
2025-11,БІ,313037,0.0,0.57900107
2025-12,БІ,313037,0.0,0.33763996
2026-01,БІ,313037,0.0,0.1125343
2026-02,БІ,313037,0.0,0.017584551
2025-07,Антошка,315023,1.0,1.1748037
2025-08,Антошка,315023,8.0,1.3589658
2025-09,Антошка,315023,13.0,4.18216
2025-10,Антошка,315023,4.0,3.655965
2025-11,Антошка,315023,1.0,2.8685372
2025-12,Антошка,315023,1.0,5.416539
2026-01,Антошка,315023,0.0,0.0
2026-02,Антошка,315023,2.0,1.0565851
2025-07,Епіцентр,315023,6.0,0.67031735
2025-08,Епіцентр,315023,3.0,2.455266
2025-09,Епіцентр,315023,8.0,4.272871
2025-10,Епіцентр,315023,5.0,2.0597525
2025-11,Епіцентр,315023,3.0,2.2563663
2025-12,Епіцентр,315023,5.0,5.6527667
2026-01,Епіцентр,315023,3.0,1.8139575
2026-02,Епіцентр,315023,3.0,1.6291602
2025-07,МайПлей,315023,0.0,0.99628633
2025-08,МайПлей,315023,7.0,1.34788
2025-09,МайПлей,315023,2.0,3.3798423
2025-10,МайПлей,315023,2.0,1.5505033
2025-11,МайПлей,315023,3.0,1.3950279
2025-12,МайПлей,315023,6.0,2.7545576
2026-01,МайПлей,315023,1.0,1.9796001
2026-02,МайПлей,315023,1.0,0.86849266
2025-07,Смік,315023,1.0,0.52219373
2025-08,Смік,315023,1.0,0.60416704
2025-09,Смік,315023,2.0,0.92134184
2025-10,Смік,315023,0.0,0.46387118
2025-11,Смік,315023,2.0,0.47648117
2025-12,Смік,315023,5.0,1.1522577
2026-01,Смік,315023,1.0,0.6476291
2026-02,Смік,315023,0.0,0.30467564
2025-07,Чудо Острів,315023,3.0,1.0555159
2025-08,Чудо Острів,315023,16.0,2.072359
2025-09,Чудо Острів,315023,8.0,7.6215596
2025-10,Чудо Острів,315023,1.0,2.7395368
2025-11,Чудо Острів,315023,3.0,2.7206628
2025-12,Чудо Острів,315023,4.0,4.9656787
2026-01,Чудо Острів,315023,0.0,0.0
2026-02,Чудо Острів,315023,0.0,0.0
2025-07,Антошка,315058,1.0,1.4413983
2025-08,Антошка,315058,1.0,1.2613245
2025-09,Антошка,315058,0.0,0.0
2025-10,Антошка,315058,1.0,1.2776941
2025-11,Антошка,315058,1.0,1.6513456
2025-12,Антошка,315058,0.0,0.0
2026-01,Антошка,315058,0.0,0.0
2026-02,Антошка,315058,0.0,0.0
2025-07,БІ,315058,9.0,4.4118466
2025-08,БІ,315058,6.0,6.269466
2025-09,БІ,315058,5.0,8.522645
2025-10,БІ,315058,4.0,4.558668
2025-11,БІ,315058,5.0,3.7081847
2025-12,БІ,315058,8.0,8.174183
2026-01,БІ,315058,2.0,2.6550174
2026-02,БІ,315058,1.0,1.7933909
2025-07,Епіцентр,315058,0.0,0.0
2025-08,Епіцентр,315058,1.0,1.1335121
2025-09,Епіцентр,315058,2.0,1.6072634
2025-10,Епіцентр,315058,3.0,1.1903858
2025-11,Епіцентр,315058,2.0,1.6045517
2025-12,Епіцентр,315058,3.0,3.6871612
2026-01,Епіцентр,315058,0.0,0.0
2026-02,Епіцентр,315058,1.0,1.0897344
2025-07,МайПлей,315058,0.0,0.0
2025-08,МайПлей,315058,1.0,0.926032
2025-09,МайПлей,315058,2.0,1.4670341
2025-10,МайПлей,315058,1.0,1.0594987
2025-11,МайПлей,315058,0.0,0.0
2025-12,МайПлей,315058,0.0,0.0
2026-01,МайПлей,315058,1.0,0.72478056
2026-02,МайПлей,315058,0.0,0.0
2025-07,Чудо Острів,315058,2.0,1.4694536
2025-08,Чудо Острів,315058,3.0,2.3023276
2025-09,Чудо Острів,315058,4.0,4.612451
2025-10,Чудо Острів,315058,1.0,2.4406114
2025-11,Чудо Острів,315058,3.0,2.150217
2025-12,Чудо Острів,315058,7.0,4.475468
2026-01,Чудо Острів,315058,4.0,2.2365882
2026-02,Чудо Острів,315058,1.0,1.6324216
2025-07,БІ,315068,0.0,0.06356946
2025-08,БІ,315068,0.0,0.0
2025-09,БІ,315068,0.0,0.0
2025-10,БІ,315068,0.0,0.0
2025-11,БІ,315068,0.0,0.0
2025-12,БІ,315068,0.0,0.0
2026-01,БІ,315068,0.0,0.0
2026-02,БІ,315068,0.0,0.0
2025-07,МайПлей,315068,3.0,1.3777784
2025-08,МайПлей,315068,4.0,1.3655732
2025-09,МайПлей,315068,1.0,3.491884
2025-10,МайПлей,315068,2.0,1.6932175
2025-11,МайПлей,315068,0.0,0.0
2025-12,МайПлей,315068,3.0,3.0029552
2026-01,МайПлей,315068,0.0,0.0
2026-02,МайПлей,315068,0.0,0.0
2025-07,Чудо Острів,315068,3.0,1.7193043
2025-08,Чудо Острів,315068,0.0,0.0
2025-09,Чудо Острів,315068,3.0,3.8439507
2025-10,Чудо Острів,315068,2.0,2.1487281
2025-11,Чудо Острів,315068,1.0,1.9561014
2025-12,Чудо Острів,315068,4.0,3.4473872
2026-01,Чудо Острів,315068,2.0,1.8778269
2026-02,Чудо Острів,315068,5.0,1.136986
2025-07,Чудо Острів,315072I,0.0,0.0
2025-08,Чудо Острів,315072I,1.0,1.4467078
2025-09,Чудо Острів,315072I,1.0,1.399441
2025-10,Чудо Острів,315072I,0.0,0.0
2025-11,Чудо Острів,315072I,0.0,0.0
2025-12,Чудо Острів,315072I,0.0,0.0
2026-01,Чудо Острів,315072I,1.0,0.39048952
2026-02,Чудо Острів,315072I,0.0,0.0
2025-07,Антошка,315092,4.0,3.2563446
2025-08,Антошка,315092,5.0,5.576876
2025-09,Антошка,315092,9.0,3.85365
2025-10,Антошка,315092,2.0,6.8256497
2025-11,Антошка,315092,4.0,7.511816
2025-12,Антошка,315092,8.0,8.250436
2026-01,Антошка,315092,3.0,3.2805345
2026-02,Антошка,315092,4.0,1.8666813
2025-07,БІ,315092,13.0,13.161343
2025-08,БІ,315092,15.0,14.18627
2025-09,БІ,315092,12.0,12.933997
2025-10,БІ,315092,10.0,14.224986
2025-11,БІ,315092,21.0,16.70655
2025-12,БІ,315092,42.0,48.73836
2026-01,БІ,315092,16.0,14.218979
2026-02,БІ,315092,12.0,11.606174
2025-07,Епіцентр,315092,8.0,1.7006513
2025-08,Епіцентр,315092,3.0,5.6547194
2025-09,Епіцентр,315092,1.0,3.223634
2025-10,Епіцентр,315092,2.0,2.2907817
2025-11,Епіцентр,315092,2.0,2.5362072
2025-12,Епіцентр,315092,5.0,6.212052
2026-01,Епіцентр,315092,3.0,1.9922223
2026-02,Епіцентр,315092,4.0,1.6644768
2025-07,МайПлей,315092,0.0,0.9217608
2025-08,МайПлей,315092,0.0,0.53477997
2025-09,МайПлей,315092,0.0,0.49028116
2025-10,МайПлей,315092,3.0,0.94378316
2025-11,МайПлей,315092,0.0,1.6779695
2025-12,МайПлей,315092,4.0,2.3616328
2026-01,МайПлей,315092,2.0,4.891581
2026-02,МайПлей,315092,2.0,1.108388
2025-07,Мегамаркет,315092,0.0,0.73639745
2025-08,Мегамаркет,315092,1.0,0.6852399
2025-09,Мегамаркет,315092,0.0,0.618837
2025-10,Мегамаркет,315092,3.0,0.5901417
2025-11,Мегамаркет,315092,0.0,0.98036724
2025-12,Мегамаркет,315092,1.0,1.1499007
2026-01,Мегамаркет,315092,0.0,0.25303748
2026-02,Мегамаркет,315092,1.0,0.09444054
2025-07,Смік,315092,0.0,0.6849302
2025-08,Смік,315092,0.0,0.5487551
2025-09,Смік,315092,0.0,0.4223494
2025-10,Смік,315092,0.0,0.30828175
2025-11,Смік,315092,0.0,0.5328635
2025-12,Смік,315092,0.0,0.92197245
2026-01,Смік,315092,0.0,0.0098065995
2026-02,Смік,315092,0.0,0.093174316
2025-07,Чудо Острів,315092,3.0,2.4100034
2025-08,Чудо Острів,315092,5.0,2.6729565
2025-09,Чудо Острів,315092,6.0,3.018132
2025-10,Чудо Острів,315092,9.0,2.9257367
2025-11,Чудо Острів,315092,3.0,4.4544964
2025-12,Чудо Острів,315092,7.0,8.896535
2026-01,Чудо Острів,315092,1.0,2.847397
2026-02,Чудо Острів,315092,2.0,1.8354547
2025-07,ІМ-МауДау,315093I,0.0,0.35864118
2025-08,ІМ-МауДау,315093I,1.0,0.10790143
2025-09,ІМ-МауДау,315093I,1.0,1.2716936
2025-10,ІМ-МауДау,315093I,3.0,0.7611549
2025-11,ІМ-МауДау,315093I,2.0,2.1296258
2025-12,ІМ-МауДау,315093I,1.0,2.2855532
2026-01,ІМ-МауДау,315093I,1.0,0.41896522
2026-02,ІМ-МауДау,315093I,0.0,0.22702022
2025-07,ІМ-Розетка,315093I,1.0,0.9204979
2025-08,ІМ-Розетка,315093I,3.0,1.5895119
2025-09,ІМ-Розетка,315093I,1.0,2.473837
2025-10,ІМ-Розетка,315093I,0.0,0.3365799
2025-11,ІМ-Розетка,315093I,0.0,0.107623406
2025-12,ІМ-Розетка,315093I,0.0,0.5456348
2026-01,ІМ-Розетка,315093I,0.0,0.0
2026-02,ІМ-Розетка,315093I,0.0,0.0
2025-07,Антошка,315093I,4.0,4.787316
2025-08,Антошка,315093I,8.0,5.606255
2025-09,Антошка,315093I,4.0,5.5789356
2025-10,Антошка,315093I,5.0,6.269635
2025-11,Антошка,315093I,7.0,5.3582034
2025-12,Антошка,315093I,11.0,15.283176
2026-01,Антошка,315093I,8.0,6.8973017
2026-02,Антошка,315093I,10.0,5.794624
2025-07,БІ,315093I,11.0,17.551998
2025-08,БІ,315093I,9.0,18.234001
2025-09,БІ,315093I,13.0,11.624829
2025-10,БІ,315093I,19.0,13.852856
2025-11,БІ,315093I,35.0,25.874044
2025-12,БІ,315093I,41.0,56.318954
2026-01,БІ,315093I,27.0,25.385965
2026-02,БІ,315093I,25.0,11.123052
2025-07,Епіцентр,315093I,1.0,2.1558247
2025-08,Епіцентр,315093I,2.0,1.840777
2025-09,Епіцентр,315093I,1.0,1.6767373
2025-10,Епіцентр,315093I,2.0,1.8622566
2025-11,Епіцентр,315093I,2.0,2.1084297
2025-12,Епіцентр,315093I,8.0,4.3553467
2026-01,Епіцентр,315093I,1.0,1.9252868
2026-02,Епіцентр,315093I,1.0,1.1881995
2025-07,МайПлей,315093I,3.0,1.8974882
2025-08,МайПлей,315093I,1.0,1.8263953
2025-09,МайПлей,315093I,2.0,2.3317208
2025-10,МайПлей,315093I,2.0,2.0432913
2025-11,МайПлей,315093I,0.0,2.3903546
2025-12,МайПлей,315093I,5.0,4.4580393
2026-01,МайПлей,315093I,1.0,4.146347
2026-02,МайПлей,315093I,3.0,1.0467408
2025-07,Мегамаркет,315093I,0.0,0.6791181
2025-08,Мегамаркет,315093I,1.0,0.39341235
2025-09,Мегамаркет,315093I,0.0,0.63626647
2025-10,Мегамаркет,315093I,0.0,0.53874457
2025-11,Мегамаркет,315093I,0.0,0.42751834
2025-12,Мегамаркет,315093I,2.0,0.6627918
2026-01,Мегамаркет,315093I,0.0,1.1810713
2026-02,Мегамаркет,315093I,1.0,0.39112398
2025-07,Монако,315093I,0.0,0.013196534
2025-08,Монако,315093I,1.0,1.1795881
2025-09,Монако,315093I,1.0,1.2470989
2025-10,Монако,315093I,0.0,0.0
2025-11,Монако,315093I,1.0,1.4615747
2025-12,Монако,315093I,0.0,0.0
2026-01,Монако,315093I,0.0,0.0
2026-02,Монако,315093I,0.0,0.0
2025-07,Чудо Острів,315093I,3.0,4.429473
2025-08,Чудо Острів,315093I,8.0,3.5421515
2025-09,Чудо Острів,315093I,2.0,3.7862108
2025-10,Чудо Острів,315093I,3.0,3.9716334
2025-11,Чудо Острів,315093I,6.0,3.440024
2025-12,Чудо Острів,315093I,8.0,8.529394
2026-01,Чудо Острів,315093I,5.0,2.9579742
2026-02,Чудо Острів,315093I,7.0,2.1401637
2025-07,Антошка,315107,3.0,3.7778745
2025-08,Антошка,315107,8.0,4.230568
2025-09,Антошка,315107,10.0,6.4793468
2025-10,Антошка,315107,4.0,6.0404677
2025-11,Антошка,315107,5.0,4.1512184
2025-12,Антошка,315107,2.0,8.206693
2026-01,Антошка,315107,3.0,1.5876215
2026-02,Антошка,315107,3.0,1.6865826
2025-07,БІ,315107,4.0,5.6826153
2025-08,БІ,315107,8.0,6.9486628
2025-09,БІ,315107,1.0,6.2432103
2025-10,БІ,315107,2.0,5.580196
2025-11,БІ,315107,0.0,4.852285
2025-12,БІ,315107,3.0,4.849249
2026-01,БІ,315107,2.0,1.0387685
2026-02,БІ,315107,0.0,0.0
2025-07,Епіцентр,315107,6.0,3.6163967
2025-08,Епіцентр,315107,3.0,4.0682864
2025-09,Епіцентр,315107,1.0,4.4392657
2025-10,Епіцентр,315107,6.0,2.6508853
2025-11,Епіцентр,315107,7.0,3.2581582
2025-12,Епіцентр,315107,3.0,5.633995
2026-01,Епіцентр,315107,2.0,1.7243644
2026-02,Епіцентр,315107,1.0,1.2036594
2025-07,МайПлей,315107,1.0,1.3315854
2025-08,МайПлей,315107,1.0,1.4849861
2025-09,МайПлей,315107,2.0,2.0310926
2025-10,МайПлей,315107,3.0,1.574532
2025-11,МайПлей,315107,3.0,1.6475755
2025-12,МайПлей,315107,0.0,2.8398104
2026-01,МайПлей,315107,1.0,0.20478265
2026-02,МайПлей,315107,1.0,0.83438164
2025-07,Мегамаркет,315107,1.0,0.52307147
2025-08,Мегамаркет,315107,0.0,0.50088334
2025-09,Мегамаркет,315107,0.0,0.6336977
2025-10,Мегамаркет,315107,2.0,0.40685448
2025-11,Мегамаркет,315107,0.0,0.6164261
2025-12,Мегамаркет,315107,3.0,1.0370877
2026-01,Мегамаркет,315107,0.0,0.86009365
2026-02,Мегамаркет,315107,1.0,0.10712262
2025-07,Монако,315107,1.0,1.3792045
2025-08,Монако,315107,0.0,0.0
2025-09,Монако,315107,0.0,0.0
2025-10,Монако,315107,4.0,1.438113
2025-11,Монако,315107,0.0,0.0
2025-12,Монако,315107,0.0,0.0
2026-01,Монако,315107,1.0,1.1416774
2026-02,Монако,315107,0.0,0.0
2025-07,Чудо Острів,315107,11.0,7.0074654
2025-08,Чудо Острів,315107,11.0,11.563278
2025-09,Чудо Острів,315107,8.0,10.565597
2025-10,Чудо Острів,315107,6.0,7.4632397
2025-11,Чудо Острів,315107,0.0,7.305161
2025-12,Чудо Острів,315107,9.0,4.702307
2026-01,Чудо Острів,315107,2.0,2.0961275
2026-02,Чудо Острів,315107,4.0,1.0554329
2025-07,Епіцентр,315132,3.0,1.133165
2025-08,Епіцентр,315132,0.0,0.0
2025-09,Епіцентр,315132,1.0,1.2303259
2025-10,Епіцентр,315132,0.0,0.0
2025-11,Епіцентр,315132,0.0,0.0
2025-12,Епіцентр,315132,0.0,0.0
2026-01,Епіцентр,315132,0.0,0.0
2026-02,Епіцентр,315132,0.0,0.0
2025-07,Смік,315132,0.0,0.4171082
2025-08,Смік,315132,0.0,0.46557215
2025-09,Смік,315132,1.0,0.4827704
2025-10,Смік,315132,0.0,0.3982647
2025-11,Смік,315132,0.0,0.4041112
2025-12,Смік,315132,3.0,0.91510046
2026-01,Смік,315132,2.0,0.27325934
2026-02,Смік,315132,0.0,0.3192431
2025-07,Епіцентр,315133,7.0,1.8871694
2025-08,Епіцентр,315133,3.0,2.5510976
2025-09,Епіцентр,315133,1.0,2.2218087
2025-10,Епіцентр,315133,2.0,2.0531063
2025-11,Епіцентр,315133,0.0,0.0
2025-12,Епіцентр,315133,1.0,2.8508508
2026-01,Епіцентр,315133,0.0,0.0
2026-02,Епіцентр,315133,1.0,0.7835654
2025-07,МайПлей,315133,0.0,0.0
2025-08,МайПлей,315133,0.0,0.0
2025-09,МайПлей,315133,0.0,0.0
2025-10,МайПлей,315133,0.0,0.0
2025-11,МайПлей,315133,0.0,0.0
2025-12,МайПлей,315133,0.0,0.0
2026-01,МайПлей,315133,0.0,0.0
2026-02,МайПлей,315133,0.0,0.0
2025-07,Мегамаркет,315133,0.0,0.4664196
2025-08,Мегамаркет,315133,0.0,0.39667207
2025-09,Мегамаркет,315133,0.0,0.38232473
2025-10,Мегамаркет,315133,0.0,0.38292417
2025-11,Мегамаркет,315133,0.0,0.40050858
2025-12,Мегамаркет,315133,1.0,0.47851783
2026-01,Мегамаркет,315133,0.0,0.095145635
2026-02,Мегамаркет,315133,0.0,0.10541253
2025-07,Смік,315133,0.0,0.4854894
2025-08,Смік,315133,3.0,0.49086082
2025-09,Смік,315133,1.0,0.59460086
2025-10,Смік,315133,1.0,0.5409863
2025-11,Смік,315133,1.0,0.5591965
2025-12,Смік,315133,0.0,1.583191
2026-01,Смік,315133,0.0,0.09165528
2026-02,Смік,315133,0.0,0.107219
2025-07,Чудо Острів,315133,0.0,0.0
2025-08,Чудо Острів,315133,1.0,1.79025
2025-09,Чудо Острів,315133,1.0,1.4548745
2025-10,Чудо Острів,315133,0.0,0.0
2025-11,Чудо Острів,315133,0.0,0.0
2025-12,Чудо Острів,315133,0.0,0.0
2026-01,Чудо Острів,315133,1.0,0.4231592
2026-02,Чудо Острів,315133,0.0,0.0
2025-07,Епіцентр,315134,3.0,1.9265097
2025-08,Епіцентр,315134,1.0,2.5038881
2025-09,Епіцентр,315134,1.0,1.9213542
2025-10,Епіцентр,315134,0.0,0.0
2025-11,Епіцентр,315134,0.0,0.0
2025-12,Епіцентр,315134,0.0,0.0
2026-01,Епіцентр,315134,0.0,0.0
2026-02,Епіцентр,315134,1.0,0.5107375
2025-07,Антошка,315193,5.0,3.0239708
2025-08,Антошка,315193,3.0,3.1686542
2025-09,Антошка,315193,2.0,3.4657643
2025-10,Антошка,315193,3.0,3.742551
2025-11,Антошка,315193,3.0,2.8830342
2025-12,Антошка,315193,6.0,6.755209
2026-01,Антошка,315193,2.0,1.5557413
2026-02,Антошка,315193,4.0,1.5615611
2025-07,БІ,315193,1.0,0.87299883
2025-08,БІ,315193,0.0,1.0076617
2025-09,БІ,315193,0.0,1.5742171
2025-10,БІ,315193,1.0,2.3152292
2025-11,БІ,315193,6.0,7.1227736
2025-12,БІ,315193,15.0,8.177832
2026-01,БІ,315193,1.0,2.4573793
2026-02,БІ,315193,6.0,0.893862
2025-07,МайПлей,315193,0.0,0.9861649
2025-08,МайПлей,315193,2.0,0.8384323
2025-09,МайПлей,315193,1.0,1.0508329
2025-10,МайПлей,315193,1.0,1.0843564
2025-11,МайПлей,315193,3.0,1.0285407
2025-12,МайПлей,315193,2.0,3.9398248
2026-01,МайПлей,315193,0.0,0.6142831
2026-02,МайПлей,315193,0.0,0.21141556
2025-07,Антошка,315238,1.0,3.5969465
2025-08,Антошка,315238,8.0,4.727636
2025-09,Антошка,315238,10.0,8.355444
2025-10,Антошка,315238,5.0,6.000646
2025-11,Антошка,315238,13.0,6.7666984
2025-12,Антошка,315238,14.0,15.47134
2026-01,Антошка,315238,10.0,3.197336
2026-02,Антошка,315238,7.0,2.9338455
2025-07,БІ,315238,8.0,3.009885
2025-08,БІ,315238,1.0,4.9605503
2025-09,БІ,315238,3.0,5.322344
2025-10,БІ,315238,5.0,2.9921575
2025-11,БІ,315238,3.0,3.0604634
2025-12,БІ,315238,5.0,10.0748415
2026-01,БІ,315238,3.0,2.1726058
2026-02,БІ,315238,1.0,1.6637331
2025-07,Чудо Острів,315238,2.0,3.251735
2025-08,Чудо Острів,315238,9.0,3.743373
2025-09,Чудо Острів,315238,5.0,7.263352
2025-10,Чудо Острів,315238,8.0,4.111292
2025-11,Чудо Острів,315238,20.0,5.8827996
2025-12,Чудо Острів,315238,34.0,22.201567
2026-01,Чудо Острів,315238,14.0,4.3494473
2026-02,Чудо Острів,315238,6.0,2.8838785
2025-07,ІМ-Розетка,316051I,1.0,0.60296524
2025-08,ІМ-Розетка,316051I,0.0,0.4647328
2025-09,ІМ-Розетка,316051I,0.0,0.13849983
2025-10,ІМ-Розетка,316051I,0.0,0.0
2025-11,ІМ-Розетка,316051I,0.0,0.0
2025-12,ІМ-Розетка,316051I,0.0,0.0
2026-01,ІМ-Розетка,316051I,0.0,0.0
2026-02,ІМ-Розетка,316051I,0.0,0.0
2025-07,Антошка,316051I,0.0,2.2510355
2025-08,Антошка,316051I,2.0,1.81278
2025-09,Антошка,316051I,1.0,1.9484644
2025-10,Антошка,316051I,2.0,2.1895702
2025-11,Антошка,316051I,0.0,0.0
2025-12,Антошка,316051I,4.0,4.179109
2026-01,Антошка,316051I,1.0,2.1950843
2026-02,Антошка,316051I,0.0,0.0
2025-07,БІ,316051I,20.0,15.819463
2025-08,БІ,316051I,12.0,16.624367
2025-09,БІ,316051I,28.0,10.934345
2025-10,БІ,316051I,19.0,19.405668
2025-11,БІ,316051I,28.0,16.37062
2025-12,БІ,316051I,41.0,40.981377
2026-01,БІ,316051I,14.0,8.59645
2026-02,БІ,316051I,3.0,4.467962
2025-07,Епіцентр,316051I,8.0,1.0153877
2025-08,Епіцентр,316051I,4.0,2.9950452
2025-09,Епіцентр,316051I,5.0,2.4916065
2025-10,Епіцентр,316051I,7.0,3.0152955
2025-11,Епіцентр,316051I,7.0,3.4348006
2025-12,Епіцентр,316051I,9.0,12.061818
2026-01,Епіцентр,316051I,5.0,2.824029
2026-02,Епіцентр,316051I,3.0,1.8602297
2025-07,МайПлей,316051I,1.0,1.0643054
2025-08,МайПлей,316051I,1.0,1.2413248
2025-09,МайПлей,316051I,0.0,1.2740471
2025-10,МайПлей,316051I,6.0,1.3444833
2025-11,МайПлей,316051I,1.0,1.8435496
2025-12,МайПлей,316051I,7.0,5.0506516
2026-01,МайПлей,316051I,0.0,0.0
2026-02,МайПлей,316051I,1.0,0.7432473
2025-07,Чудо Острів,316051I,3.0,1.9001088
2025-08,Чудо Острів,316051I,9.0,3.151519
2025-09,Чудо Острів,316051I,6.0,3.5211048
2025-10,Чудо Острів,316051I,2.0,4.187881
2025-11,Чудо Острів,316051I,8.0,3.686423
2025-12,Чудо Острів,316051I,17.0,12.179059
2026-01,Чудо Острів,316051I,7.0,3.4317722
2026-02,Чудо Острів,316051I,4.0,1.8568113
2025-07,ІМ-Розетка,316188I,0.0,0.09676259
2025-08,ІМ-Розетка,316188I,2.0,1.0131419
2025-09,ІМ-Розетка,316188I,0.0,0.0822022
2025-10,ІМ-Розетка,316188I,1.0,1.2972817
2025-11,ІМ-Розетка,316188I,1.0,1.3388181
2025-12,ІМ-Розетка,316188I,1.0,1.6313509
2026-01,ІМ-Розетка,316188I,0.0,0.0
2026-02,ІМ-Розетка,316188I,0.0,0.0
2025-07,Антошка,316188I,13.0,15.032931
2025-08,Антошка,316188I,12.0,16.175245
2025-09,Антошка,316188I,13.0,14.322807
2025-10,Антошка,316188I,3.0,14.007087
2025-11,Антошка,316188I,5.0,9.584487
2025-12,Антошка,316188I,8.0,10.421223
2026-01,Антошка,316188I,8.0,2.2881782
2026-02,Антошка,316188I,11.0,2.9781547
2025-07,БІ,316188I,40.0,29.1967
2025-08,БІ,316188I,43.0,37.12637
2025-09,БІ,316188I,34.0,35.92461
2025-10,БІ,316188I,38.0,39.005497
2025-11,БІ,316188I,47.0,43.732025
2025-12,БІ,316188I,44.0,68.901375
2026-01,БІ,316188I,29.0,15.625874
2026-02,БІ,316188I,31.0,11.883367
2025-07,Епіцентр,316188I,21.0,10.896073
2025-08,Епіцентр,316188I,6.0,12.547837
2025-09,Епіцентр,316188I,10.0,8.726335
2025-10,Епіцентр,316188I,12.0,9.330012
2025-11,Епіцентр,316188I,11.0,8.952599
2025-12,Епіцентр,316188I,11.0,8.301323
2026-01,Епіцентр,316188I,13.0,3.0141256
2026-02,Епіцентр,316188I,5.0,3.3210335
2025-07,МайПлей,316188I,4.0,3.0204377
2025-08,МайПлей,316188I,4.0,4.0049767
2025-09,МайПлей,316188I,3.0,3.480431
2025-10,МайПлей,316188I,3.0,3.3850513
2025-11,МайПлей,316188I,3.0,2.9203653
2025-12,МайПлей,316188I,9.0,5.3654366
2026-01,МайПлей,316188I,0.0,0.0
2026-02,МайПлей,316188I,4.0,0.8094267
2025-07,Мегамаркет,316188I,4.0,0.8976076
2025-08,Мегамаркет,316188I,0.0,1.9647095
2025-09,Мегамаркет,316188I,1.0,1.7914684
2025-10,Мегамаркет,316188I,2.0,1.4905742
2025-11,Мегамаркет,316188I,1.0,1.1220115
2025-12,Мегамаркет,316188I,1.0,1.3459426
2026-01,Мегамаркет,316188I,1.0,0.96756536
2026-02,Мегамаркет,316188I,0.0,0.0
2025-07,Монако,316188I,1.0,2.5012214
2025-08,Монако,316188I,4.0,2.1873493
2025-09,Монако,316188I,0.0,0.0
2025-10,Монако,316188I,2.0,2.376888
2025-11,Монако,316188I,1.0,2.0450354
2025-12,Монако,316188I,0.0,0.0
2026-01,Монако,316188I,0.0,0.0
2026-02,Монако,316188I,0.0,0.0
2025-07,Новая Лінія,316188I,2.0,0.4363622
2025-08,Новая Лінія,316188I,1.0,0.72145146
2025-09,Новая Лінія,316188I,1.0,0.399983
2025-10,Новая Лінія,316188I,0.0,0.48490092
2025-11,Новая Лінія,316188I,1.0,0.2601498
2025-12,Новая Лінія,316188I,0.0,0.3864337
2026-01,Новая Лінія,316188I,0.0,0.115330584
2026-02,Новая Лінія,316188I,0.0,0.05008602
2025-07,РОСТ,316188I,0.0,0.41451737
2025-08,РОСТ,316188I,0.0,0.28777632
2025-09,РОСТ,316188I,0.0,0.38482353
2025-10,РОСТ,316188I,1.0,0.41947582
2025-11,РОСТ,316188I,1.0,1.1305397
2025-12,РОСТ,316188I,1.0,1.5311475
2026-01,РОСТ,316188I,1.0,1.5033836
2026-02,РОСТ,316188I,0.0,0.0
2025-07,Смік,316188I,3.0,2.566971
2025-08,Смік,316188I,6.0,4.009436
2025-09,Смік,316188I,3.0,3.7151704
2025-10,Смік,316188I,4.0,3.6805925
2025-11,Смік,316188I,5.0,3.425114
2025-12,Смік,316188I,10.0,4.838273
2026-01,Смік,316188I,5.0,2.984974
2026-02,Смік,316188I,1.0,2.3491237
2025-07,Чарівник,316188I,0.0,0.24961898
2025-08,Чарівник,316188I,0.0,0.24115813
2025-09,Чарівник,316188I,1.0,0.4290434
2025-10,Чарівник,316188I,0.0,0.29568544
2025-11,Чарівник,316188I,2.0,0.43377244
2025-12,Чарівник,316188I,0.0,0.4930275
2026-01,Чарівник,316188I,1.0,0.09358382
2026-02,Чарівник,316188I,0.0,0.1587243
2025-07,Чудо Острів,316188I,14.0,10.479755
2025-08,Чудо Острів,316188I,11.0,17.670967
2025-09,Чудо Острів,316188I,16.0,10.438439
2025-10,Чудо Острів,316188I,5.0,14.866057
2025-11,Чудо Острів,316188I,11.0,11.797914
2025-12,Чудо Острів,316188I,20.0,21.717073
2026-01,Чудо Острів,316188I,13.0,5.8973784
2026-02,Чудо Острів,316188I,6.0,4.088237
2025-07,Епіцентр,316245I,5.0,1.1193018
2025-08,Епіцентр,316245I,1.0,1.4697876
2025-09,Епіцентр,316245I,0.0,0.0
2025-10,Епіцентр,316245I,1.0,1.2084615
2025-11,Епіцентр,316245I,0.0,0.0
2025-12,Епіцентр,316245I,0.0,0.0
2026-01,Епіцентр,316245I,0.0,0.0
2026-02,Епіцентр,316245I,0.0,0.0
2025-07,Епіцентр,316258I,2.0,0.8548035
2025-08,Епіцентр,316258I,1.0,1.3183037
2025-09,Епіцентр,316258I,1.0,1.0378217
2025-10,Епіцентр,316258I,0.0,0.0
2025-11,Епіцентр,316258I,0.0,0.0
2025-12,Епіцентр,316258I,0.0,0.0
2026-01,Епіцентр,316258I,0.0,0.0
2026-02,Епіцентр,316258I,0.0,0.0
2025-07,Антошка,316329,26.0,18.343266
2025-08,Антошка,316329,15.0,21.61613
2025-09,Антошка,316329,16.0,13.940906
2025-10,Антошка,316329,14.0,16.95602
2025-11,Антошка,316329,15.0,19.560417
2025-12,Антошка,316329,23.0,29.111692
2026-01,Антошка,316329,10.0,11.786461
2026-02,Антошка,316329,10.0,5.5470653
2025-07,БІ,316329,49.0,60.25857
2025-08,БІ,316329,58.0,55.783993
2025-09,БІ,316329,57.0,50.640102
2025-10,БІ,316329,60.0,75.0847
2025-11,БІ,316329,90.0,66.40554
2025-12,БІ,316329,94.0,87.94464
2026-01,БІ,316329,48.0,50.635426
2026-02,БІ,316329,53.0,33.10709
2025-07,Епіцентр,316329,20.0,11.155496
2025-08,Епіцентр,316329,12.0,13.744
2025-09,Епіцентр,316329,12.0,10.839036
2025-10,Епіцентр,316329,11.0,10.906161
2025-11,Епіцентр,316329,10.0,9.950638
2025-12,Епіцентр,316329,16.0,14.096945
2026-01,Епіцентр,316329,12.0,9.455558
2026-02,Епіцентр,316329,11.0,5.1410637
2025-07,МайПлей,316329,2.0,3.3331826
2025-08,МайПлей,316329,6.0,2.5724196
2025-09,МайПлей,316329,3.0,3.0821836
2025-10,МайПлей,316329,4.0,2.3957274
2025-11,МайПлей,316329,2.0,2.1885903
2025-12,МайПлей,316329,5.0,3.2958739
2026-01,МайПлей,316329,1.0,2.263614
2026-02,МайПлей,316329,0.0,0.0
2025-07,Мегамаркет,316329,2.0,0.9769799
2025-08,Мегамаркет,316329,1.0,1.3457913
2025-09,Мегамаркет,316329,0.0,1.2910243
2025-10,Мегамаркет,316329,1.0,1.05338
2025-11,Мегамаркет,316329,0.0,1.1048675
2025-12,Мегамаркет,316329,3.0,0.7188778
2026-01,Мегамаркет,316329,0.0,1.1230768
2026-02,Мегамаркет,316329,2.0,0.4890597
2025-07,Монако,316329,1.0,1.87786
2025-08,Монако,316329,5.0,1.7259098
2025-09,Монако,316329,2.0,2.1952455
2025-10,Монако,316329,3.0,2.0254974
2025-11,Монако,316329,5.0,2.2375338
2025-12,Монако,316329,0.0,0.0
2026-01,Монако,316329,4.0,2.251556
2026-02,Монако,316329,0.0,0.0
2025-07,СмартБі Луцьк,316329,0.0,0.0
2025-08,СмартБі Луцьк,316329,0.0,0.0
2025-09,СмартБі Луцьк,316329,1.0,1.4089581
2025-10,СмартБі Луцьк,316329,0.0,0.0
2025-11,СмартБі Луцьк,316329,0.0,0.0
2025-12,СмартБі Луцьк,316329,2.0,1.4452116
2026-01,СмартБі Луцьк,316329,0.0,0.0
2026-02,СмартБі Луцьк,316329,0.0,0.0
2025-07,Смік,316329,1.0,2.4706385
2025-08,Смік,316329,2.0,2.4687388
2025-09,Смік,316329,0.0,1.1258419
2025-10,Смік,316329,2.0,1.4500365
2025-11,Смік,316329,1.0,1.0241588
2025-12,Смік,316329,3.0,2.8640924
2026-01,Смік,316329,2.0,0.84599
2026-02,Смік,316329,1.0,0.40709743
2025-07,Чудо Острів,316329,15.0,13.59645
2025-08,Чудо Острів,316329,16.0,12.964994
2025-09,Чудо Острів,316329,19.0,10.460989
2025-10,Чудо Острів,316329,12.0,16.739723
2025-11,Чудо Острів,316329,17.0,11.986549
2025-12,Чудо Острів,316329,30.0,25.8274
2026-01,Чудо Острів,316329,16.0,11.870486
2026-02,Чудо Острів,316329,14.0,9.230567
2025-07,Антошка,316497,12.0,11.576334
2025-08,Антошка,316497,8.0,11.384756
2025-09,Антошка,316497,9.0,9.317163
2025-10,Антошка,316497,11.0,11.671848
2025-11,Антошка,316497,8.0,8.683461
2025-12,Антошка,316497,11.0,9.322978
2026-01,Антошка,316497,3.0,3.2930884
2026-02,Антошка,316497,1.0,1.344908
2025-07,БІ,316497,12.0,4.297319
2025-08,БІ,316497,4.0,6.8989534
2025-09,БІ,316497,1.0,4.303066
2025-10,БІ,316497,3.0,6.840694
2025-11,БІ,316497,20.0,11.725694
2025-12,БІ,316497,22.0,18.060442
2026-01,БІ,316497,17.0,3.5888133
2026-02,БІ,316497,7.0,4.0747113
2025-07,Епіцентр,316497,17.0,6.6960926
2025-08,Епіцентр,316497,12.0,11.468972
2025-09,Епіцентр,316497,7.0,9.931779
2025-10,Епіцентр,316497,5.0,9.461315
2025-11,Епіцентр,316497,7.0,5.840702
2025-12,Епіцентр,316497,9.0,6.884813
2026-01,Епіцентр,316497,6.0,2.878287
2026-02,Епіцентр,316497,4.0,2.5367658
2025-07,МайПлей,316497,3.0,3.0215328
2025-08,МайПлей,316497,5.0,2.70587
2025-09,МайПлей,316497,2.0,3.1048176
2025-10,МайПлей,316497,6.0,3.8785198
2025-11,МайПлей,316497,2.0,3.5098715
2025-12,МайПлей,316497,7.0,3.840105
2026-01,МайПлей,316497,1.0,1.9563066
2026-02,МайПлей,316497,1.0,0.90703535
2025-07,Мегамаркет,316497,1.0,0.4275133
2025-08,Мегамаркет,316497,1.0,0.46792445
2025-09,Мегамаркет,316497,1.0,0.6610333
2025-10,Мегамаркет,316497,2.0,1.0858382
2025-11,Мегамаркет,316497,0.0,0.6927443
2025-12,Мегамаркет,316497,2.0,0.5992661
2026-01,Мегамаркет,316497,0.0,1.1524844
2026-02,Мегамаркет,316497,1.0,0.090354525
2025-07,Монако,316497,0.0,0.0
2025-08,Монако,316497,4.0,2.2092245
2025-09,Монако,316497,3.0,2.2502315
2025-10,Монако,316497,4.0,2.14562
2025-11,Монако,316497,1.0,3.009069
2025-12,Монако,316497,0.0,0.0
2026-01,Монако,316497,1.0,1.9879422
2026-02,Монако,316497,0.0,0.0
2025-07,Росицька ФОП,316497,1.0,0.5054673
2025-08,Росицька ФОП,316497,1.0,0.5316596
2025-09,Росицька ФОП,316497,1.0,0.35365537
2025-10,Росицька ФОП,316497,0.0,0.7466264
2025-11,Росицька ФОП,316497,0.0,0.4052834
2025-12,Росицька ФОП,316497,0.0,0.4009817
2026-01,Росицька ФОП,316497,1.0,0.016486457
2026-02,Росицька ФОП,316497,1.0,0.16672373
2025-07,СмартБі Луцьк,316497,0.0,0.0
2025-08,СмартБі Луцьк,316497,0.0,0.0
2025-09,СмартБі Луцьк,316497,1.0,1.6423514
2025-10,СмартБі Луцьк,316497,0.0,0.0
2025-11,СмартБі Луцьк,316497,0.0,0.0
2025-12,СмартБі Луцьк,316497,0.0,0.0
2026-01,СмартБі Луцьк,316497,0.0,0.0
2026-02,СмартБі Луцьк,316497,0.0,0.0
2025-07,Смік,316497,0.0,0.79894346
2025-08,Смік,316497,1.0,0.5749603
2025-09,Смік,316497,0.0,0.8155532
2025-10,Смік,316497,2.0,0.52478576
2025-11,Смік,316497,5.0,0.7659994
2025-12,Смік,316497,3.0,1.8262457
2026-01,Смік,316497,0.0,0.0
2026-02,Смік,316497,0.0,0.0
2025-07,Чудо Острів,316497,4.0,5.207089
2025-08,Чудо Острів,316497,12.0,4.9555793
2025-09,Чудо Острів,316497,21.0,5.671811
2025-10,Чудо Острів,316497,12.0,10.931835
2025-11,Чудо Острів,316497,5.0,8.146308
2025-12,Чудо Острів,316497,10.0,8.207141
2026-01,Чудо Острів,316497,3.0,2.7551203
2026-02,Чудо Острів,316497,4.0,1.710632
2025-07,Антошка,316564,2.0,2.5536518
2025-08,Антошка,316564,2.0,2.3279505
2025-09,Антошка,316564,3.0,2.3528605
2025-10,Антошка,316564,0.0,0.0
2025-11,Антошка,316564,1.0,2.1472197
2025-12,Антошка,316564,0.0,0.0
2026-01,Антошка,316564,0.0,0.0
2026-02,Антошка,316564,0.0,0.0
2025-07,БІ,316564,5.0,13.474805
2025-08,БІ,316564,4.0,7.8056674
2025-09,БІ,316564,2.0,3.7221265
2025-10,БІ,316564,3.0,4.2846665
2025-11,БІ,316564,1.0,2.9092112
2025-12,БІ,316564,2.0,6.8152423
2026-01,БІ,316564,1.0,0.8397759
2026-02,БІ,316564,1.0,0.794727
2025-07,Епіцентр,316564,5.0,2.1169057
2025-08,Епіцентр,316564,3.0,3.9705777
2025-09,Епіцентр,316564,2.0,2.9197674
2025-10,Епіцентр,316564,5.0,2.6111996
2025-11,Епіцентр,316564,2.0,2.9570613
2025-12,Епіцентр,316564,7.0,4.4077473
2026-01,Епіцентр,316564,1.0,1.6346658
2026-02,Епіцентр,316564,2.0,1.5610299
2025-07,МайПлей,316564,1.0,1.49104
2025-08,МайПлей,316564,1.0,1.4074969
2025-09,МайПлей,316564,2.0,1.3759054
2025-10,МайПлей,316564,1.0,1.223783
2025-11,МайПлей,316564,0.0,0.0
2025-12,МайПлей,316564,0.0,0.0
2026-01,МайПлей,316564,2.0,0.82069224
2026-02,МайПлей,316564,1.0,0.8979822
2025-07,Мегамаркет,316564,2.0,0.34019473
2025-08,Мегамаркет,316564,0.0,0.6124257
2025-09,Мегамаркет,316564,0.0,0.24918339
2025-10,Мегамаркет,316564,1.0,0.2368688
2025-11,Мегамаркет,316564,1.0,0.38104692
2025-12,Мегамаркет,316564,0.0,0.48992744
2026-01,Мегамаркет,316564,0.0,0.04124423
2026-02,Мегамаркет,316564,0.0,0.04829367
2025-07,Смік,316564,2.0,1.3635936
2025-08,Смік,316564,1.0,1.1182384
2025-09,Смік,316564,1.0,1.071841
2025-10,Смік,316564,1.0,1.0581495
2025-11,Смік,316564,0.0,0.0
2025-12,Смік,316564,1.0,1.6240104
2026-01,Смік,316564,0.0,0.0
2026-02,Смік,316564,0.0,0.0
2025-07,Чудо Острів,316564,2.0,2.469255
2025-08,Чудо Острів,316564,3.0,2.649778
2025-09,Чудо Острів,316564,5.0,2.808306
2025-10,Чудо Острів,316564,12.0,3.3002977
2025-11,Чудо Острів,316564,3.0,5.3978267
2025-12,Чудо Острів,316564,2.0,7.604935
2026-01,Чудо Острів,316564,3.0,1.4288795
2026-02,Чудо Острів,316564,1.0,1.3309062
2025-07,ІМ-МауДау,316577,0.0,0.40706837
2025-08,ІМ-МауДау,316577,2.0,0.6883245
2025-09,ІМ-МауДау,316577,0.0,0.9532618
2025-10,ІМ-МауДау,316577,1.0,0.37292996
2025-11,ІМ-МауДау,316577,1.0,0.2422774
2025-12,ІМ-МауДау,316577,0.0,0.6467469
2026-01,ІМ-МауДау,316577,0.0,0.09302489
2026-02,ІМ-МауДау,316577,0.0,0.119738415
2025-07,ІМ-Розетка,316577,0.0,1.4054747
2025-08,ІМ-Розетка,316577,1.0,0.54103607
2025-09,ІМ-Розетка,316577,0.0,0.21018083
2025-10,ІМ-Розетка,316577,0.0,0.108630896
2025-11,ІМ-Розетка,316577,0.0,0.02114919
2025-12,ІМ-Розетка,316577,0.0,0.031857044
2026-01,ІМ-Розетка,316577,0.0,0.009450903
2026-02,ІМ-Розетка,316577,0.0,0.022198126
2025-07,Антошка,316577,1.0,0.9383079
2025-08,Антошка,316577,0.0,0.8987043
2025-09,Антошка,316577,0.0,0.828371
2025-10,Антошка,316577,0.0,0.8047407
2025-11,Антошка,316577,0.0,0.63976675
2025-12,Антошка,316577,0.0,0.0
2026-01,Антошка,316577,1.0,0.42447928
2026-02,Антошка,316577,1.0,1.4177221
2025-07,Епіцентр,316577,7.0,4.212452
2025-08,Епіцентр,316577,8.0,5.782027
2025-09,Епіцентр,316577,5.0,5.991848
2025-10,Епіцентр,316577,2.0,4.31669
2025-11,Епіцентр,316577,4.0,3.2371957
2025-12,Епіцентр,316577,11.0,5.0484953
2026-01,Епіцентр,316577,5.0,2.0125122
2026-02,Епіцентр,316577,4.0,1.9830256
2025-07,Країна Казок,316577,0.0,0.24800442
2025-08,Країна Казок,316577,0.0,0.25188923
2025-09,Країна Казок,316577,1.0,0.24033286
2025-10,Країна Казок,316577,0.0,0.14372088
2025-11,Країна Казок,316577,0.0,0.13647807
2025-12,Країна Казок,316577,0.0,0.19514957
2026-01,Країна Казок,316577,0.0,0.01655151
2026-02,Країна Казок,316577,1.0,0.01218458
2025-07,МайПлей,316577,5.0,2.0037901
2025-08,МайПлей,316577,2.0,1.8396249
2025-09,МайПлей,316577,3.0,2.7080822
2025-10,МайПлей,316577,2.0,2.4037797
2025-11,МайПлей,316577,3.0,1.8963997
2025-12,МайПлей,316577,4.0,3.444624
2026-01,МайПлей,316577,2.0,1.6677232
2026-02,МайПлей,316577,0.0,0.0
2025-07,Мегамаркет,316577,0.0,0.6538801
2025-08,Мегамаркет,316577,0.0,0.3716794
2025-09,Мегамаркет,316577,3.0,0.3627934
2025-10,Мегамаркет,316577,1.0,0.59364486
2025-11,Мегамаркет,316577,0.0,0.7806907
2025-12,Мегамаркет,316577,0.0,0.7783348
2026-01,Мегамаркет,316577,0.0,0.016865423
2026-02,Мегамаркет,316577,0.0,0.011422452
2025-07,Монако,316577,2.0,1.7035133
2025-08,Монако,316577,0.0,0.0
2025-09,Монако,316577,0.0,0.0
2025-10,Монако,316577,3.0,1.6123124
2025-11,Монако,316577,3.0,1.643451
2025-12,Монако,316577,0.0,0.0
2026-01,Монако,316577,0.0,0.0
2026-02,Монако,316577,0.0,0.0
2025-07,Росицька ФОП,316577,0.0,0.14042628
2025-08,Росицька ФОП,316577,1.0,0.48645917
2025-09,Росицька ФОП,316577,0.0,0.54293746
2025-10,Росицька ФОП,316577,0.0,0.3881262
2025-11,Росицька ФОП,316577,0.0,0.266328
2025-12,Росицька ФОП,316577,1.0,0.28117028
2026-01,Росицька ФОП,316577,0.0,0.11998419
2026-02,Росицька ФОП,316577,0.0,0.11398167
2025-07,Смік,316577,2.0,1.2510352
2025-08,Смік,316577,3.0,1.6847175
2025-09,Смік,316577,1.0,1.5705004
2025-10,Смік,316577,1.0,1.4047359
2025-11,Смік,316577,0.0,1.2996315
2025-12,Смік,316577,1.0,1.5390784
2026-01,Смік,316577,0.0,0.0
2026-02,Смік,316577,2.0,0.87384117
2025-07,Чудо Острів,316577,5.0,6.213686
2025-08,Чудо Острів,316577,5.0,7.7444954
2025-09,Чудо Острів,316577,16.0,6.960474
2025-10,Чудо Острів,316577,33.0,8.009246
2025-11,Чудо Острів,316577,9.0,14.602367
2025-12,Чудо Острів,316577,2.0,11.352043
2026-01,Чудо Острів,316577,1.0,1.4858221
2026-02,Чудо Острів,316577,7.0,1.2054898
2025-07,Антошка,316638,2.0,2.6945035
2025-08,Антошка,316638,7.0,3.852029
2025-09,Антошка,316638,3.0,6.41134
2025-10,Антошка,316638,4.0,4.8358974
2025-11,Антошка,316638,8.0,6.2004795
2025-12,Антошка,316638,2.0,6.149341
2026-01,Антошка,316638,4.0,2.0168817
2026-02,Антошка,316638,1.0,2.0520778
2025-07,Епіцентр,316638,3.0,2.3660028
2025-08,Епіцентр,316638,4.0,3.3093657
2025-09,Епіцентр,316638,4.0,3.3132064
2025-10,Епіцентр,316638,1.0,3.3926585
2025-11,Епіцентр,316638,6.0,2.8868105
2025-12,Епіцентр,316638,1.0,4.303606
2026-01,Епіцентр,316638,3.0,1.9540126
2026-02,Епіцентр,316638,1.0,2.0075226
2025-07,МайПлей,316638,1.0,1.1166055
2025-08,МайПлей,316638,1.0,0.9651851
2025-09,МайПлей,316638,0.0,1.5134112
2025-10,МайПлей,316638,3.0,1.5164231
2025-11,МайПлей,316638,1.0,2.0499563
2025-12,МайПлей,316638,5.0,3.0603645
2026-01,МайПлей,316638,3.0,5.0655446
2026-02,МайПлей,316638,0.0,0.0
2025-07,Мегамаркет,316638,0.0,1.0799131
2025-08,Мегамаркет,316638,0.0,0.60528386
2025-09,Мегамаркет,316638,0.0,0.40893897
2025-10,Мегамаркет,316638,0.0,0.40935647
2025-11,Мегамаркет,316638,0.0,0.4126976
2025-12,Мегамаркет,316638,0.0,0.8101662
2026-01,Мегамаркет,316638,1.0,1.0439956
2026-02,Мегамаркет,316638,0.0,0.14821161
2025-07,Монако,316638,2.0,1.7143042
2025-08,Монако,316638,1.0,2.3400311
2025-09,Монако,316638,0.0,0.0
2025-10,Монако,316638,4.0,1.2134702
2025-11,Монако,316638,1.0,2.8785923
2025-12,Монако,316638,0.0,0.0
2026-01,Монако,316638,2.0,1.9770949
2026-02,Монако,316638,0.0,0.0
2025-07,Смік,316638,0.0,0.49240583
2025-08,Смік,316638,1.0,0.4523973
2025-09,Смік,316638,3.0,0.62011343
2025-10,Смік,316638,2.0,1.4726508
2025-11,Смік,316638,1.0,1.9653708
2025-12,Смік,316638,4.0,1.9851588
2026-01,Смік,316638,1.0,0.94113433
2026-02,Смік,316638,0.0,0.24605033
2025-07,Чудо Острів,316638,3.0,1.6614299
2025-08,Чудо Острів,316638,7.0,3.080487
2025-09,Чудо Острів,316638,3.0,3.9354944
2025-10,Чудо Острів,316638,9.0,3.5876958
2025-11,Чудо Острів,316638,9.0,5.95569
2025-12,Чудо Острів,316638,7.0,7.8196893
2026-01,Чудо Острів,316638,1.0,2.6418426
2026-02,Чудо Острів,316638,1.0,1.2139812
2025-07,Антошка,316651,1.0,1.6897715
2025-08,Антошка,316651,1.0,1.641003
2025-09,Антошка,316651,1.0,2.50736
2025-10,Антошка,316651,0.0,0.0
2025-11,Антошка,316651,0.0,0.0
2025-12,Антошка,316651,1.0,1.6834339
2026-01,Антошка,316651,1.0,1.0263602
2026-02,Антошка,316651,2.0,1.2675776
2025-07,БІ,316651,1.0,2.5049493
2025-08,БІ,316651,3.0,3.2986996
2025-09,БІ,316651,3.0,2.8310595
2025-10,БІ,316651,1.0,1.4776815
2025-11,БІ,316651,0.0,0.0
2025-12,БІ,316651,1.0,4.911437
2026-01,БІ,316651,0.0,0.0
2026-02,БІ,316651,3.0,0.8056986
2025-07,Епіцентр,316651,3.0,0.91348934
2025-08,Епіцентр,316651,0.0,0.0
2025-09,Епіцентр,316651,3.0,1.6775291
2025-10,Епіцентр,316651,3.0,1.831053
2025-11,Епіцентр,316651,0.0,0.0
2025-12,Епіцентр,316651,0.0,0.0
2026-01,Епіцентр,316651,1.0,0.97236896
2026-02,Епіцентр,316651,1.0,1.1977892
2025-07,МайПлей,316651,2.0,1.2710638
2025-08,МайПлей,316651,1.0,1.4806179
2025-09,МайПлей,316651,1.0,2.184543
2025-10,МайПлей,316651,0.0,0.0
2025-11,МайПлей,316651,2.0,0.92208016
2025-12,МайПлей,316651,3.0,2.1625125
2026-01,МайПлей,316651,0.0,0.0
2026-02,МайПлей,316651,3.0,0.87656724
2025-07,Смік,316651,1.0,0.33631697
2025-08,Смік,316651,1.0,0.371708
2025-09,Смік,316651,0.0,0.5947022
2025-10,Смік,316651,0.0,0.25211516
2025-11,Смік,316651,1.0,0.25874862
2025-12,Смік,316651,1.0,0.6783989
2026-01,Смік,316651,0.0,0.12409089
2026-02,Смік,316651,1.0,0.04893621
2025-07,Чудо Острів,316651,0.0,0.0
2025-08,Чудо Острів,316651,5.0,1.2526278
2025-09,Чудо Острів,316651,3.0,3.581254
2025-10,Чудо Острів,316651,2.0,2.4976296
2025-11,Чудо Острів,316651,6.0,2.2601893
2025-12,Чудо Острів,316651,2.0,5.211953
2026-01,Чудо Острів,316651,2.0,1.3940035
2026-02,Чудо Острів,316651,2.0,1.6389824
2025-07,Акварель,C01044,4.0,3.857839
2025-08,Акварель,C01044,3.0,4.4307613
2025-09,Акварель,C01044,1.0,4.87083
2025-10,Акварель,C01044,5.0,5.586266
2025-11,Акварель,C01044,2.0,5.201466
2025-12,Акварель,C01044,31.0,8.939344
2026-01,Акварель,C01044,13.0,6.853416
2026-02,Акварель,C01044,8.0,4.83643
2025-07,ІМ-Розетка,C044h,0.0,0.22638023
2025-08,ІМ-Розетка,C044h,2.0,1.1660854
2025-09,ІМ-Розетка,C044h,2.0,1.9937366
2025-10,ІМ-Розетка,C044h,4.0,1.6602653
2025-11,ІМ-Розетка,C044h,3.0,3.4429095
2025-12,ІМ-Розетка,C044h,9.0,6.23154
2026-01,ІМ-Розетка,C044h,0.0,0.0
2026-02,ІМ-Розетка,C044h,0.0,0.0
2025-07,БІ,C044h,2.0,8.946363
2025-08,БІ,C044h,6.0,11.790639
2025-09,БІ,C044h,14.0,12.562965
2025-10,БІ,C044h,13.0,19.77771
2025-11,БІ,C044h,11.0,21.548477
2025-12,БІ,C044h,33.0,38.189762
2026-01,БІ,C044h,13.0,9.470272
2026-02,БІ,C044h,8.0,4.517348
2025-07,Белес,C044h,13.0,3.046025
2025-08,Белес,C044h,0.0,0.0
2025-09,Белес,C044h,0.0,5.8926435
2025-10,Белес,C044h,20.0,4.776265
2025-11,Белес,C044h,16.0,11.52437
2025-12,Белес,C044h,11.0,25.03383
2026-01,Белес,C044h,0.0,8.059079
2026-02,Белес,C044h,0.0,0.0
2025-07,Віват Канцелярія,C044h,0.0,3.3937519
2025-08,Віват Канцелярія,C044h,8.0,3.8796847
2025-09,Віват Канцелярія,C044h,4.0,4.4999986
2025-10,Віват Канцелярія,C044h,7.0,6.925653
2025-11,Віват Канцелярія,C044h,4.0,6.211066
2025-12,Віват Канцелярія,C044h,17.0,17.273714
2026-01,Віват Канцелярія,C044h,8.0,3.562029
2026-02,Віват Канцелярія,C044h,0.0,0.0
2025-07,Еліпс,C044h,0.0,0.0
2025-08,Еліпс,C044h,4.0,1.1339016
2025-09,Еліпс,C044h,2.0,2.0157964
2025-10,Еліпс,C044h,0.0,0.0
2025-11,Еліпс,C044h,2.0,2.3984344
2025-12,Еліпс,C044h,2.0,3.3225446
2026-01,Еліпс,C044h,0.0,0.0
2026-02,Еліпс,C044h,0.0,0.0
2025-07,Епіцентр,C044h,8.0,9.017407
2025-08,Епіцентр,C044h,10.0,11.521558
2025-09,Епіцентр,C044h,8.0,10.916411
2025-10,Епіцентр,C044h,7.0,10.788848
2025-11,Епіцентр,C044h,11.0,9.650846
2025-12,Епіцентр,C044h,29.0,30.246092
2026-01,Епіцентр,C044h,11.0,7.185289
2026-02,Епіцентр,C044h,9.0,3.9552352
2025-07,Казка Львів,C044h,0.0,0.012096035
2025-08,Казка Львів,C044h,2.0,0.95696855
2025-09,Казка Львів,C044h,0.0,0.0
2025-10,Казка Львів,C044h,1.0,1.4762807
2025-11,Казка Львів,C044h,0.0,0.0
2025-12,Казка Львів,C044h,1.0,1.5996834
2026-01,Казка Львів,C044h,0.0,0.0
2026-02,Казка Львів,C044h,0.0,0.0
2025-07,Клас,C044h,0.0,0.4024921
2025-08,Клас,C044h,1.0,0.14282902
2025-09,Клас,C044h,1.0,0.80515486
2025-10,Клас,C044h,0.0,1.4640856
2025-11,Клас,C044h,1.0,0.5885358
2025-12,Клас,C044h,2.0,2.864228
2026-01,Клас,C044h,0.0,0.0
2026-02,Клас,C044h,1.0,0.81278646
2025-07,Коза Дереза,C044h,0.0,0.0
2025-08,Коза Дереза,C044h,1.0,1.452255
2025-09,Коза Дереза,C044h,0.0,0.0
2025-10,Коза Дереза,C044h,1.0,1.2864612
2025-11,Коза Дереза,C044h,1.0,1.3830767
2025-12,Коза Дереза,C044h,0.0,0.0
2026-01,Коза Дереза,C044h,0.0,0.0
2026-02,Коза Дереза,C044h,0.0,0.0
2025-07,МайПлей,C044h,2.0,0.82847494
2025-08,МайПлей,C044h,2.0,1.8142648
2025-09,МайПлей,C044h,1.0,1.5641884
2025-10,МайПлей,C044h,0.0,2.0179057
2025-11,МайПлей,C044h,1.0,1.4743087
2025-12,МайПлей,C044h,1.0,5.181767
2026-01,МайПлей,C044h,0.0,0.0
2026-02,МайПлей,C044h,0.0,0.0
2025-07,Мегамаркет,C044h,0.0,0.89549804
2025-08,Мегамаркет,C044h,0.0,0.4624231
2025-09,Мегамаркет,C044h,7.0,0.5561498
2025-10,Мегамаркет,C044h,1.0,2.7736657
2025-11,Мегамаркет,C044h,0.0,2.173404
2025-12,Мегамаркет,C044h,0.0,0.0
2026-01,Мегамаркет,C044h,0.0,0.029598158
2026-02,Мегамаркет,C044h,0.0,0.0
2025-07,Монако,C044h,1.0,1.0310457
2025-08,Монако,C044h,2.0,1.6222482
2025-09,Монако,C044h,1.0,1.501053
2025-10,Монако,C044h,2.0,2.0688877
2025-11,Монако,C044h,2.0,1.6766608
2025-12,Монако,C044h,0.0,0.051562898
2026-01,Монако,C044h,0.0,0.0
2026-02,Монако,C044h,0.0,0.0
2025-07,Новая Лінія,C044h,1.0,0.52667457
2025-08,Новая Лінія,C044h,1.0,0.43304032
2025-09,Новая Лінія,C044h,1.0,0.5041407
2025-10,Новая Лінія,C044h,0.0,0.67615795
2025-11,Новая Лінія,C044h,2.0,0.51865494
2025-12,Новая Лінія,C044h,1.0,2.0338113
2026-01,Новая Лінія,C044h,1.0,1.052977
2026-02,Новая Лінія,C044h,0.0,0.0
2025-07,Росицька ФОП,C044h,1.0,0.79686785
2025-08,Росицька ФОП,C044h,0.0,0.5792893
2025-09,Росицька ФОП,C044h,1.0,0.40483177
2025-10,Росицька ФОП,C044h,0.0,0.68305105
2025-11,Росицька ФОП,C044h,0.0,0.38956374
2025-12,Росицька ФОП,C044h,2.0,0.6502957
2026-01,Росицька ФОП,C044h,0.0,0.0
2026-02,Росицька ФОП,C044h,0.0,0.0
2025-07,Смайл,C044h,1.0,0.92504185
2025-08,Смайл,C044h,0.0,0.0
2025-09,Смайл,C044h,0.0,0.0
2025-10,Смайл,C044h,1.0,1.2446741
2025-11,Смайл,C044h,2.0,1.3737658
2025-12,Смайл,C044h,0.0,0.0
2026-01,Смайл,C044h,0.0,0.0
2026-02,Смайл,C044h,0.0,0.0
2025-07,ІМ-Розетка,C060h,3.0,1.9438103
2025-08,ІМ-Розетка,C060h,2.0,2.338118
2025-09,ІМ-Розетка,C060h,1.0,2.3845456
2025-10,ІМ-Розетка,C060h,2.0,2.7178805
2025-11,ІМ-Розетка,C060h,1.0,2.1128266
2025-12,ІМ-Розетка,C060h,0.0,2.0598538
2026-01,ІМ-Розетка,C060h,0.0,0.0
2026-02,ІМ-Розетка,C060h,1.0,1.1598724
2025-07,Акварель,C060h,3.0,5.2532153
2025-08,Акварель,C060h,13.0,5.927589
2025-09,Акварель,C060h,3.0,6.401961
2025-10,Акварель,C060h,6.0,9.6607895
2025-11,Акварель,C060h,16.0,8.651167
2025-12,Акварель,C060h,12.0,20.963886
2026-01,Акварель,C060h,7.0,4.162337
2026-02,Акварель,C060h,5.0,4.1686697
2025-07,Антошка,C060h,0.0,1.352435
2025-08,Антошка,C060h,1.0,0.9619402
2025-09,Антошка,C060h,1.0,2.1487012
2025-10,Антошка,C060h,1.0,1.7686867
2025-11,Антошка,C060h,0.0,1.48163
2025-12,Антошка,C060h,26.0,2.548005
2026-01,Антошка,C060h,2.0,4.9148984
2026-02,Антошка,C060h,2.0,2.503078
2025-07,БІ,C060h,10.0,13.179229
2025-08,БІ,C060h,20.0,15.520108
2025-09,БІ,C060h,23.0,16.676336
2025-10,БІ,C060h,27.0,25.218193
2025-11,БІ,C060h,18.0,26.55484
2025-12,БІ,C060h,37.0,47.42783
2026-01,БІ,C060h,14.0,12.490791
2026-02,БІ,C060h,7.0,6.084962
2025-07,Віват Канцелярія,C060h,5.0,3.7894928
2025-08,Віват Канцелярія,C060h,4.0,3.7743485
2025-09,Віват Канцелярія,C060h,3.0,3.332036
2025-10,Віват Канцелярія,C060h,1.0,4.062494
2025-11,Віват Канцелярія,C060h,2.0,4.538163
2025-12,Віват Канцелярія,C060h,5.0,10.479975
2026-01,Віват Канцелярія,C060h,5.0,3.3144307
2026-02,Віват Канцелярія,C060h,0.0,0.0
2025-07,Епіцентр,C060h,10.0,3.6843214
2025-08,Епіцентр,C060h,5.0,7.408896
2025-09,Епіцентр,C060h,5.0,6.65895
2025-10,Епіцентр,C060h,6.0,8.122116
2025-11,Епіцентр,C060h,11.0,8.198891
2025-12,Епіцентр,C060h,14.0,19.517277
2026-01,Епіцентр,C060h,7.0,8.288716
2026-02,Епіцентр,C060h,7.0,3.1610267
2025-07,Клас,C060h,0.0,0.47325224
2025-08,Клас,C060h,2.0,0.45315537
2025-09,Клас,C060h,0.0,0.55902565
2025-10,Клас,C060h,0.0,0.5281935
2025-11,Клас,C060h,1.0,0.40861756
2025-12,Клас,C060h,0.0,1.0598369
2026-01,Клас,C060h,0.0,0.0
2026-02,Клас,C060h,0.0,0.0
2025-07,МайПлей,C060h,2.0,0.5942477
2025-08,МайПлей,C060h,3.0,0.82365
2025-09,МайПлей,C060h,1.0,1.0070188
2025-10,МайПлей,C060h,1.0,1.7078186
2025-11,МайПлей,C060h,3.0,1.5883703
2025-12,МайПлей,C060h,0.0,3.856413
2026-01,МайПлей,C060h,1.0,1.1725849
2026-02,МайПлей,C060h,0.0,0.0
2025-07,Мегамаркет,C060h,1.0,0.4119743
2025-08,Мегамаркет,C060h,0.0,0.5503373
2025-09,Мегамаркет,C060h,4.0,0.6369294
2025-10,Мегамаркет,C060h,0.0,1.3770543
2025-11,Мегамаркет,C060h,0.0,0.7184282
2025-12,Мегамаркет,C060h,1.0,1.5472313
2026-01,Мегамаркет,C060h,0.0,0.023586048
2026-02,Мегамаркет,C060h,1.0,0.8910186
2025-07,Монако,C060h,1.0,1.58951
2025-08,Монако,C060h,0.0,0.0
2025-09,Монако,C060h,2.0,1.6800501
2025-10,Монако,C060h,1.0,1.8697067
2025-11,Монако,C060h,2.0,2.4441857
2025-12,Монако,C060h,0.0,0.0
2026-01,Монако,C060h,2.0,1.1921523
2026-02,Монако,C060h,0.0,0.0
2025-07,Росицька ФОП,C060h,1.0,0.38030267
2025-08,Росицька ФОП,C060h,0.0,0.37120175
2025-09,Росицька ФОП,C060h,0.0,0.3654733
2025-10,Росицька ФОП,C060h,1.0,0.55584186
2025-11,Росицька ФОП,C060h,1.0,1.0185095
2025-12,Росицька ФОП,C060h,0.0,0.99251443
2026-01,Росицька ФОП,C060h,0.0,0.0
2026-02,Росицька ФОП,C060h,1.0,0.95162416
2025-07,Смайл,C060h,1.0,0.9904708
2025-08,Смайл,C060h,0.0,0.0
2025-09,Смайл,C060h,0.0,0.0
2025-10,Смайл,C060h,2.0,1.2198187
2025-11,Смайл,C060h,2.0,1.726216
2025-12,Смайл,C060h,0.0,0.0
2026-01,Смайл,C060h,2.0,0.92425984
2026-02,Смайл,C060h,0.0,0.0
2025-07,Смік,C060h,0.0,0.4234892
2025-08,Смік,C060h,2.0,0.48714647
2025-09,Смік,C060h,0.0,1.1931438
2025-10,Смік,C060h,0.0,0.77371204
2025-11,Смік,C060h,0.0,0.527717
2025-12,Смік,C060h,1.0,1.4119885
2026-01,Смік,C060h,0.0,0.0
2026-02,Смік,C060h,0.0,0.0
2025-07,Таврія,C060h,0.0,0.5776793
2025-08,Таврія,C060h,0.0,0.44699508
2025-09,Таврія,C060h,0.0,0.41807526
2025-10,Таврія,C060h,0.0,0.39238963
2025-11,Таврія,C060h,0.0,0.94387645
2025-12,Таврія,C060h,2.0,1.0307469
2026-01,Таврія,C060h,0.0,0.0
2026-02,Таврія,C060h,0.0,0.0
2025-07,Акварель,C065h,0.0,0.0
2025-08,Акварель,C065h,0.0,0.0
2025-09,Акварель,C065h,1.0,1.7206709
2025-10,Акварель,C065h,2.0,1.8648475
2025-11,Акварель,C065h,2.0,2.0768783
2025-12,Акварель,C065h,2.0,3.6746876
2026-01,Акварель,C065h,4.0,1.2867403
2026-02,Акварель,C065h,0.0,0.0
2025-07,Віват Канцелярія,C065h,0.0,0.0
2025-08,Віват Канцелярія,C065h,0.0,0.0
2025-09,Віват Канцелярія,C065h,0.0,0.0
2025-10,Віват Канцелярія,C065h,0.0,0.0
2025-11,Віват Канцелярія,C065h,0.0,0.0
2025-12,Віват Канцелярія,C065h,3.0,1.8239481
2026-01,Віват Канцелярія,C065h,0.0,0.0
2026-02,Віват Канцелярія,C065h,0.0,0.0
2025-07,ІМ-Розетка,C080h,1.0,1.5846384
2025-08,ІМ-Розетка,C080h,0.0,0.36717772
2025-09,ІМ-Розетка,C080h,0.0,0.31112093
2025-10,ІМ-Розетка,C080h,1.0,1.424098
2025-11,ІМ-Розетка,C080h,0.0,0.38819525
2025-12,ІМ-Розетка,C080h,0.0,1.4783064
2026-01,ІМ-Розетка,C080h,1.0,1.599167
2026-02,ІМ-Розетка,C080h,0.0,0.0
2025-07,Акварель,C080h,8.0,6.9696484
2025-08,Акварель,C080h,15.0,8.553887
2025-09,Акварель,C080h,5.0,8.09642
2025-10,Акварель,C080h,6.0,9.989714
2025-11,Акварель,C080h,9.0,10.162211
2025-12,Акварель,C080h,17.0,20.81434
2026-01,Акварель,C080h,10.0,5.1890845
2026-02,Акварель,C080h,4.0,4.084614
2025-07,Антошка,C080h,6.0,2.5254257
2025-08,Антошка,C080h,6.0,3.4824908
2025-09,Антошка,C080h,4.0,4.054052
2025-10,Антошка,C080h,6.0,4.8012605
2025-11,Антошка,C080h,8.0,5.354654
2025-12,Антошка,C080h,10.0,11.606003
2026-01,Антошка,C080h,4.0,2.8953478
2026-02,Антошка,C080h,7.0,1.8815744
2025-07,БІ,C080h,10.0,14.301952
2025-08,БІ,C080h,14.0,15.01341
2025-09,БІ,C080h,15.0,15.865084
2025-10,БІ,C080h,12.0,20.492323
2025-11,БІ,C080h,10.0,19.58126
2025-12,БІ,C080h,43.0,32.080086
2026-01,БІ,C080h,15.0,12.270405
2026-02,БІ,C080h,9.0,6.0013785
2025-07,Белес,C080h,0.0,0.0
2025-08,Белес,C080h,0.0,0.0
2025-09,Белес,C080h,0.0,0.0
2025-10,Белес,C080h,0.0,0.0
2025-11,Белес,C080h,2.0,2.28514
2025-12,Белес,C080h,7.0,4.5502386
2026-01,Белес,C080h,0.0,3.1948938
2026-02,Белес,C080h,0.0,0.0
2025-07,Віват Канцелярія,C080h,4.0,2.6079268
2025-08,Віват Канцелярія,C080h,5.0,2.9417925
2025-09,Віват Канцелярія,C080h,3.0,3.3499014
2025-10,Віват Канцелярія,C080h,4.0,3.5603254
2025-11,Віват Канцелярія,C080h,1.0,4.8944044
2025-12,Віват Канцелярія,C080h,8.0,10.593906
2026-01,Віват Канцелярія,C080h,6.0,3.030706
2026-02,Віват Канцелярія,C080h,0.0,0.0
2025-07,Еліпс,C080h,0.0,0.0
2025-08,Еліпс,C080h,0.0,0.012062286
2025-09,Еліпс,C080h,1.0,1.4383179
2025-10,Еліпс,C080h,0.0,0.0
2025-11,Еліпс,C080h,1.0,1.2983904
2025-12,Еліпс,C080h,2.0,1.4285157
2026-01,Еліпс,C080h,0.0,0.0
2026-02,Еліпс,C080h,0.0,0.0
2025-07,Клас,C080h,0.0,0.24604665
2025-08,Клас,C080h,1.0,0.36721683
2025-09,Клас,C080h,0.0,0.3927575
2025-10,Клас,C080h,1.0,0.38570124
2025-11,Клас,C080h,0.0,0.46078578
2025-12,Клас,C080h,1.0,0.77069885
2026-01,Клас,C080h,0.0,0.0
2026-02,Клас,C080h,0.0,0.0
2025-07,Кубі,C080h,7.0,1.2330667
2025-08,Кубі,C080h,0.0,0.0
2025-09,Кубі,C080h,1.0,2.1616554
2025-10,Кубі,C080h,2.0,2.5702345
2025-11,Кубі,C080h,3.0,2.6216965
2025-12,Кубі,C080h,2.0,3.453795
2026-01,Кубі,C080h,4.0,1.6343322
2026-02,Кубі,C080h,0.0,0.0
2025-07,МайПлей,C080h,0.0,1.3130847
2025-08,МайПлей,C080h,2.0,0.86488605
2025-09,МайПлей,C080h,2.0,1.147748
2025-10,МайПлей,C080h,1.0,2.0105479
2025-11,МайПлей,C080h,4.0,1.6567619
2025-12,МайПлей,C080h,2.0,4.681717
2026-01,МайПлей,C080h,1.0,1.2738516
2026-02,МайПлей,C080h,1.0,1.0794146
2025-07,Мегамаркет,C080h,0.0,0.44393912
2025-08,Мегамаркет,C080h,2.0,0.39535725
2025-09,Мегамаркет,C080h,0.0,0.6247396
2025-10,Мегамаркет,C080h,0.0,0.4617959
2025-11,Мегамаркет,C080h,0.0,0.56306714
2025-12,Мегамаркет,C080h,1.0,1.058641
2026-01,Мегамаркет,C080h,1.0,1.4297591
2026-02,Мегамаркет,C080h,1.0,1.0256113
2025-07,Монако,C080h,1.0,1.5611364
2025-08,Монако,C080h,1.0,1.5317533
2025-09,Монако,C080h,0.0,0.0
2025-10,Монако,C080h,2.0,1.5897876
2025-11,Монако,C080h,2.0,2.1348205
2025-12,Монако,C080h,0.0,0.0
2026-01,Монако,C080h,3.0,1.0385332
2026-02,Монако,C080h,0.0,0.0
2025-07,РОСТ,C080h,0.0,0.2510426
2025-08,РОСТ,C080h,0.0,0.3689486
2025-09,РОСТ,C080h,0.0,0.38519186
2025-10,РОСТ,C080h,1.0,0.41255432
2025-11,РОСТ,C080h,0.0,1.0459905
2025-12,РОСТ,C080h,0.0,0.9538057
2026-01,РОСТ,C080h,4.0,0.7943349
2026-02,РОСТ,C080h,0.0,0.0
2025-07,Росицька ФОП,C080h,0.0,0.3128852
2025-08,Росицька ФОП,C080h,1.0,0.47444114
2025-09,Росицька ФОП,C080h,2.0,1.0629777
2025-10,Росицька ФОП,C080h,1.0,0.83348906
2025-11,Росицька ФОП,C080h,0.0,0.9785267
2025-12,Росицька ФОП,C080h,1.0,1.1194376
2026-01,Росицька ФОП,C080h,0.0,0.0
2026-02,Росицька ФОП,C080h,1.0,0.8470911
2025-07,Смайл,C080h,1.0,0.8829345
2025-08,Смайл,C080h,0.0,0.0
2025-09,Смайл,C080h,0.0,0.0
2025-10,Смайл,C080h,2.0,1.1508266
2025-11,Смайл,C080h,2.0,1.709623
2025-12,Смайл,C080h,0.0,0.0
2026-01,Смайл,C080h,0.0,0.0
2026-02,Смайл,C080h,0.0,0.0
2025-07,Смік,C080h,0.0,0.3953031
2025-08,Смік,C080h,2.0,0.35544342
2025-09,Смік,C080h,4.0,1.2698026
2025-10,Смік,C080h,0.0,1.9395552
2025-11,Смік,C080h,2.0,0.7367629
2025-12,Смік,C080h,4.0,3.218249
2026-01,Смік,C080h,1.0,1.3336085
2026-02,Смік,C080h,0.0,0.0
2025-07,Таврія,C080h,0.0,0.38384616
2025-08,Таврія,C080h,0.0,0.39546394
2025-09,Таврія,C080h,1.0,0.3862442
2025-10,Таврія,C080h,0.0,0.42760298
2025-11,Таврія,C080h,1.0,0.43466666
2025-12,Таврія,C080h,1.0,0.960557
2026-01,Таврія,C080h,0.0,0.0
2026-02,Таврія,C080h,4.0,0.78873545
2025-07,ІМ-Розетка,C094h,1.0,0.44244084
2025-08,ІМ-Розетка,C094h,1.0,0.32637408
2025-09,ІМ-Розетка,C094h,0.0,0.43813974
2025-10,ІМ-Розетка,C094h,0.0,0.49989617
2025-11,ІМ-Розетка,C094h,1.0,0.8333819
2025-12,ІМ-Розетка,C094h,0.0,0.0
2026-01,ІМ-Розетка,C094h,0.0,0.0
2026-02,ІМ-Розетка,C094h,0.0,0.0
2025-07,Акварель,C094h,5.0,5.6174603
2025-08,Акварель,C094h,6.0,5.2730145
2025-09,Акварель,C094h,0.0,5.439741
2025-10,Акварель,C094h,4.0,5.418311
2025-11,Акварель,C094h,9.0,5.828054
2025-12,Акварель,C094h,23.0,12.457852
2026-01,Акварель,C094h,15.0,4.3104553
2026-02,Акварель,C094h,5.0,4.2462406
2025-07,Антошка,C094h,5.0,2.0540023
2025-08,Антошка,C094h,3.0,3.1397748
2025-09,Антошка,C094h,3.0,2.3494937
2025-10,Антошка,C094h,4.0,3.6635952
2025-11,Антошка,C094h,2.0,3.7457676
2025-12,Антошка,C094h,9.0,8.739151
2026-01,Антошка,C094h,2.0,2.0654461
2026-02,Антошка,C094h,1.0,1.6830606
2025-07,БІ,C094h,0.0,2.1476605
2025-08,БІ,C094h,4.0,3.2542505
2025-09,БІ,C094h,8.0,7.047082
2025-10,БІ,C094h,5.0,7.3486013
2025-11,БІ,C094h,11.0,6.6220307
2025-12,БІ,C094h,14.0,19.866087
2026-01,БІ,C094h,3.0,2.3288968
2026-02,БІ,C094h,5.0,1.94193
2025-07,Віват Канцелярія,C094h,2.0,1.9898655
2025-08,Віват Канцелярія,C094h,5.0,2.147737
2025-09,Віват Канцелярія,C094h,2.0,2.6490288
2025-10,Віват Канцелярія,C094h,4.0,3.387803
2025-11,Віват Канцелярія,C094h,3.0,3.4603786
2025-12,Віват Канцелярія,C094h,6.0,8.221614
2026-01,Віват Канцелярія,C094h,4.0,2.3399415
2026-02,Віват Канцелярія,C094h,0.0,0.0
2025-07,Епіцентр,C094h,7.0,3.1154387
2025-08,Епіцентр,C094h,4.0,5.6162667
2025-09,Епіцентр,C094h,2.0,4.207776
2025-10,Епіцентр,C094h,11.0,5.598341
2025-11,Епіцентр,C094h,5.0,6.0193725
2025-12,Епіцентр,C094h,11.0,13.1881
2026-01,Епіцентр,C094h,3.0,2.9367142
2026-02,Епіцентр,C094h,4.0,1.943276
2025-07,Кубі,C094h,2.0,1.4800533
2025-08,Кубі,C094h,1.0,1.9885361
2025-09,Кубі,C094h,0.0,0.0
2025-10,Кубі,C094h,0.0,0.0
2025-11,Кубі,C094h,0.0,0.0
2025-12,Кубі,C094h,0.0,0.0
2026-01,Кубі,C094h,0.0,0.0
2026-02,Кубі,C094h,0.0,0.0
2025-07,МайПлей,C094h,0.0,0.62879777
2025-08,МайПлей,C094h,0.0,0.5386022
2025-09,МайПлей,C094h,0.0,0.57125974
2025-10,МайПлей,C094h,1.0,0.47513333
2025-11,МайПлей,C094h,0.0,0.0
2025-12,МайПлей,C094h,2.0,3.1224024
2026-01,МайПлей,C094h,2.0,0.9685268
2026-02,МайПлей,C094h,1.0,0.910889
2025-07,Мегамаркет,C094h,1.0,0.3781823
2025-08,Мегамаркет,C094h,0.0,0.42143944
2025-09,Мегамаркет,C094h,3.0,0.40532702
2025-10,Мегамаркет,C094h,0.0,0.9626708
2025-11,Мегамаркет,C094h,0.0,0.0
2025-12,Мегамаркет,C094h,1.0,1.8652954
2026-01,Мегамаркет,C094h,1.0,1.2149636
2026-02,Мегамаркет,C094h,0.0,0.0
2025-07,Монако,C094h,1.0,1.3053119
2025-08,Монако,C094h,1.0,1.55176
2025-09,Монако,C094h,2.0,1.6127702
2025-10,Монако,C094h,1.0,1.8616253
2025-11,Монако,C094h,1.0,2.236094
2025-12,Монако,C094h,0.0,0.0
2026-01,Монако,C094h,0.0,0.0
2026-02,Монако,C094h,0.0,0.0
2025-07,Росицька ФОП,C094h,0.0,0.3569907
2025-08,Росицька ФОП,C094h,0.0,0.361639
2025-09,Росицька ФОП,C094h,0.0,0.39809686
2025-10,Росицька ФОП,C094h,1.0,0.54128087
2025-11,Росицька ФОП,C094h,1.0,0.24852766
2025-12,Росицька ФОП,C094h,0.0,0.7462746
2026-01,Росицька ФОП,C094h,1.0,0.1138007
2026-02,Росицька ФОП,C094h,0.0,0.2847659
2025-07,Чудо Острів,C094h,4.0,2.5386782
2025-08,Чудо Острів,C094h,4.0,3.4447145
2025-09,Чудо Острів,C094h,5.0,3.1721804
2025-10,Чудо Острів,C094h,5.0,4.566419
2025-11,Чудо Острів,C094h,3.0,5.2943206
2025-12,Чудо Острів,C094h,4.0,11.520714
2026-01,Чудо Острів,C094h,2.0,2.416131
2026-02,Чудо Острів,C094h,1.0,1.5526481
2025-07,Юпіджи,C094h,7.0,1.6753223
2025-08,Юпіджи,C094h,0.0,2.3534293
2025-09,Юпіджи,C094h,1.0,1.5510985
2025-10,Юпіджи,C094h,1.0,2.6433253
2025-11,Юпіджи,C094h,2.0,2.3857663
2025-12,Юпіджи,C094h,3.0,3.7779403
2026-01,Юпіджи,C094h,2.0,1.7024498
2026-02,Юпіджи,C094h,2.0,1.45314
2025-07,ІМ-Кідіс,C238h,0.0,0.4071207
2025-08,ІМ-Кідіс,C238h,0.0,0.3262044
2025-09,ІМ-Кідіс,C238h,0.0,0.3327112
2025-10,ІМ-Кідіс,C238h,0.0,0.31131184
2025-11,ІМ-Кідіс,C238h,1.0,0.24699934
2025-12,ІМ-Кідіс,C238h,0.0,0.7666743
2026-01,ІМ-Кідіс,C238h,0.0,0.14873175
2026-02,ІМ-Кідіс,C238h,0.0,0.12455638
2025-07,ІМ-Розетка,C238h,1.0,2.3141847
2025-08,ІМ-Розетка,C238h,1.0,2.3681033
2025-09,ІМ-Розетка,C238h,1.0,2.1161492
2025-10,ІМ-Розетка,C238h,1.0,2.3423982
2025-11,ІМ-Розетка,C238h,0.0,0.7888992
2025-12,ІМ-Розетка,C238h,0.0,1.6892809
2026-01,ІМ-Розетка,C238h,0.0,0.0
2026-02,ІМ-Розетка,C238h,0.0,0.0
2025-07,Акварель,C238h,7.0,8.314836
2025-08,Акварель,C238h,11.0,9.04009
2025-09,Акварель,C238h,8.0,8.830783
2025-10,Акварель,C238h,8.0,12.268042
2025-11,Акварель,C238h,11.0,13.247055
2025-12,Акварель,C238h,16.0,21.540134
2026-01,Акварель,C238h,16.0,10.820693
2026-02,Акварель,C238h,9.0,6.6349974
2025-07,БІ,C238h,11.0,18.860886
2025-08,БІ,C238h,17.0,17.520344
2025-09,БІ,C238h,25.0,18.13639
2025-10,БІ,C238h,32.0,26.619312
2025-11,БІ,C238h,34.0,30.220041
2025-12,БІ,C238h,68.0,64.12807
2026-01,БІ,C238h,17.0,30.540789
2026-02,БІ,C238h,25.0,15.198746
2025-07,Белес,C238h,6.0,2.038661
2025-08,Белес,C238h,3.0,5.125932
2025-09,Белес,C238h,0.0,4.3858256
2025-10,Белес,C238h,10.0,4.1070466
2025-11,Белес,C238h,8.0,6.8348017
2025-12,Белес,C238h,6.0,14.391005
2026-01,Белес,C238h,10.0,4.985448
2026-02,Белес,C238h,0.0,0.0
2025-07,Віват Канцелярія,C238h,4.0,6.722256
2025-08,Віват Канцелярія,C238h,7.0,6.5223174
2025-09,Віват Канцелярія,C238h,7.0,5.497476
2025-10,Віват Канцелярія,C238h,6.0,7.864273
2025-11,Віват Канцелярія,C238h,2.0,8.467752
2025-12,Віват Канцелярія,C238h,17.0,15.912742
2026-01,Віват Канцелярія,C238h,3.0,6.396387
2026-02,Віват Канцелярія,C238h,0.0,0.0
2025-07,Еліпс,C238h,0.0,0.0
2025-08,Еліпс,C238h,3.0,1.2448174
2025-09,Еліпс,C238h,1.0,1.5328469
2025-10,Еліпс,C238h,0.0,0.0
2025-11,Еліпс,C238h,1.0,1.9725193
2025-12,Еліпс,C238h,0.0,0.0
2026-01,Еліпс,C238h,0.0,0.0
2026-02,Еліпс,C238h,0.0,0.0
2025-07,Епіцентр,C238h,16.0,7.3291054
2025-08,Епіцентр,C238h,10.0,12.016216
2025-09,Епіцентр,C238h,5.0,10.34239
2025-10,Епіцентр,C238h,6.0,9.737985
2025-11,Епіцентр,C238h,16.0,10.29032
2025-12,Епіцентр,C238h,21.0,26.947697
2026-01,Епіцентр,C238h,9.0,13.402654
2026-02,Епіцентр,C238h,4.0,4.860647
2025-07,Казка Львів,C238h,0.0,0.0
2025-08,Казка Львів,C238h,2.0,1.120334
2025-09,Казка Львів,C238h,0.0,0.0
2025-10,Казка Львів,C238h,1.0,1.552224
2025-11,Казка Львів,C238h,0.0,0.0
2025-12,Казка Львів,C238h,0.0,0.0
2026-01,Казка Львів,C238h,0.0,0.0
2026-02,Казка Львів,C238h,0.0,0.0
2025-07,Клас,C238h,0.0,0.44531906
2025-08,Клас,C238h,0.0,0.30632406
2025-09,Клас,C238h,0.0,0.43046248
2025-10,Клас,C238h,0.0,0.5749669
2025-11,Клас,C238h,0.0,0.40681994
2025-12,Клас,C238h,0.0,1.0961401
2026-01,Клас,C238h,1.0,0.5260864
2026-02,Клас,C238h,0.0,0.0
2025-07,Коза Дереза,C238h,0.0,0.0
2025-08,Коза Дереза,C238h,1.0,1.3716325
2025-09,Коза Дереза,C238h,0.0,0.0
2025-10,Коза Дереза,C238h,1.0,1.206499
2025-11,Коза Дереза,C238h,1.0,1.2476789
2025-12,Коза Дереза,C238h,0.0,0.0
2026-01,Коза Дереза,C238h,0.0,0.0
2026-02,Коза Дереза,C238h,0.0,0.0
2025-07,МайПлей,C238h,1.0,1.1069027
2025-08,МайПлей,C238h,4.0,1.6196682
2025-09,МайПлей,C238h,3.0,1.5669392
2025-10,МайПлей,C238h,0.0,2.5108516
2025-11,МайПлей,C238h,2.0,1.7482582
2025-12,МайПлей,C238h,4.0,4.39175
2026-01,МайПлей,C238h,1.0,1.4528877
2026-02,МайПлей,C238h,0.0,0.0
2025-07,Мегамаркет,C238h,0.0,1.1985596
2025-08,Мегамаркет,C238h,0.0,0.9514266
2025-09,Мегамаркет,C238h,1.0,0.7721852
2025-10,Мегамаркет,C238h,0.0,0.5655949
2025-11,Мегамаркет,C238h,2.0,0.8387349
2025-12,Мегамаркет,C238h,2.0,1.6932425
2026-01,Мегамаркет,C238h,2.0,1.418505
2026-02,Мегамаркет,C238h,0.0,0.0
2025-07,Монако,C238h,1.0,2.124953
2025-08,Монако,C238h,1.0,2.1557198
2025-09,Монако,C238h,1.0,2.355643
2025-10,Монако,C238h,3.0,2.1903412
2025-11,Монако,C238h,2.0,3.3034575
2025-12,Монако,C238h,0.0,0.0
2026-01,Монако,C238h,3.0,1.588405
2026-02,Монако,C238h,0.0,0.0
2025-07,Росицька ФОП,C238h,1.0,0.38025537
2025-08,Росицька ФОП,C238h,0.0,0.45308498
2025-09,Росицька ФОП,C238h,0.0,0.38627648
2025-10,Росицька ФОП,C238h,0.0,0.40729976
2025-11,Росицька ФОП,C238h,0.0,0.37544852
2025-12,Росицька ФОП,C238h,2.0,1.0675143
2026-01,Росицька ФОП,C238h,0.0,0.018948847
2026-02,Росицька ФОП,C238h,0.0,0.0
2025-07,Смайл,C238h,1.0,1.0128785
2025-08,Смайл,C238h,0.0,0.0
2025-09,Смайл,C238h,0.0,0.0
2025-10,Смайл,C238h,2.0,1.2370801
2025-11,Смайл,C238h,2.0,1.9712156
2025-12,Смайл,C238h,0.0,0.0
2026-01,Смайл,C238h,2.0,0.94446874
2026-02,Смайл,C238h,0.0,0.0
2025-07,Смік,C238h,2.0,0.66646934
2025-08,Смік,C238h,0.0,0.6415874
2025-09,Смік,C238h,0.0,0.8064829
2025-10,Смік,C238h,0.0,0.5529624
2025-11,Смік,C238h,1.0,0.1289266
2025-12,Смік,C238h,0.0,1.0095085
2026-01,Смік,C238h,0.0,0.0
2026-02,Смік,C238h,0.0,0.0
2025-07,Таврія,C238h,0.0,0.47716883
2025-08,Таврія,C238h,1.0,0.40118104
2025-09,Таврія,C238h,0.0,0.56332576
2025-10,Таврія,C238h,1.0,0.46150592
2025-11,Таврія,C238h,0.0,0.7804346
2025-12,Таврія,C238h,4.0,1.0367044
2026-01,Таврія,C238h,1.0,0.99256957
2026-02,Таврія,C238h,1.0,0.8903353
2025-07,Чарівник,C238h,0.0,0.23108399
2025-08,Чарівник,C238h,0.0,0.36410713
2025-09,Чарівник,C238h,0.0,0.24153748
2025-10,Чарівник,C238h,1.0,0.37443724
2025-11,Чарівник,C238h,0.0,0.38695884
2025-12,Чарівник,C238h,0.0,0.8302382
2026-01,Чарівник,C238h,0.0,0.26150173
2026-02,Чарівник,C238h,0.0,0.11045283
2025-07,ІМ-Розетка,C241h,1.0,0.985029
2025-08,ІМ-Розетка,C241h,1.0,1.1643865
2025-09,ІМ-Розетка,C241h,0.0,0.28942844
2025-10,ІМ-Розетка,C241h,0.0,0.26059967
2025-11,ІМ-Розетка,C241h,0.0,0.23526676
2025-12,ІМ-Розетка,C241h,0.0,0.66408706
2026-01,ІМ-Розетка,C241h,0.0,0.0
2026-02,ІМ-Розетка,C241h,0.0,0.0
2025-07,Акварель,C241h,4.0,4.3041058
2025-08,Акварель,C241h,11.0,4.3861475
2025-09,Акварель,C241h,8.0,4.8667192
2025-10,Акварель,C241h,11.0,8.128027
2025-11,Акварель,C241h,8.0,9.795661
2025-12,Акварель,C241h,28.0,19.988106
2026-01,Акварель,C241h,8.0,6.8507876
2026-02,Акварель,C241h,5.0,3.3653312
2025-07,БІ,C241h,20.0,7.9729533
2025-08,БІ,C241h,13.0,13.565729
2025-09,БІ,C241h,12.0,11.813855
2025-10,БІ,C241h,2.0,16.093176
2025-11,БІ,C241h,12.0,10.433077
2025-12,БІ,C241h,40.0,25.875807
2026-01,БІ,C241h,21.0,14.601057
2026-02,БІ,C241h,8.0,5.7905164
2025-07,Віват Канцелярія,C241h,0.0,2.508938
2025-08,Віват Канцелярія,C241h,6.0,2.3767025
2025-09,Віват Канцелярія,C241h,2.0,2.5204756
2025-10,Віват Канцелярія,C241h,4.0,4.079808
2025-11,Віват Канцелярія,C241h,1.0,4.051281
2025-12,Віват Канцелярія,C241h,13.0,11.139624
2026-01,Віват Канцелярія,C241h,7.0,2.7189782
2026-02,Віват Канцелярія,C241h,0.0,0.0
2025-07,Епіцентр,C241h,9.0,1.8917612
2025-08,Епіцентр,C241h,2.0,3.7019522
2025-09,Епіцентр,C241h,3.0,3.2822835
2025-10,Епіцентр,C241h,0.0,3.782576
2025-11,Епіцентр,C241h,2.0,2.272005
2025-12,Епіцентр,C241h,6.0,6.569615
2026-01,Епіцентр,C241h,3.0,2.2309365
2026-02,Епіцентр,C241h,2.0,1.6565466
2025-07,Клас,C241h,0.0,0.4158661
2025-08,Клас,C241h,0.0,0.46249685
2025-09,Клас,C241h,0.0,0.41783988
2025-10,Клас,C241h,0.0,0.36221904
2025-11,Клас,C241h,0.0,0.3741752
2025-12,Клас,C241h,0.0,0.86647445
2026-01,Клас,C241h,2.0,0.38787025
2026-02,Клас,C241h,0.0,0.0
2025-07,МайПлей,C241h,0.0,0.6020525
2025-08,МайПлей,C241h,0.0,0.5940832
2025-09,МайПлей,C241h,0.0,0.50873774
2025-10,МайПлей,C241h,1.0,0.44075236
2025-11,МайПлей,C241h,2.0,0.581608
2025-12,МайПлей,C241h,2.0,2.2116466
2026-01,МайПлей,C241h,2.0,0.96139294
2026-02,МайПлей,C241h,0.0,0.0
2025-07,Мегамаркет,C241h,0.0,0.9177163
2025-08,Мегамаркет,C241h,0.0,0.8198161
2025-09,Мегамаркет,C241h,0.0,0.5206859
2025-10,Мегамаркет,C241h,1.0,0.41959053
2025-11,Мегамаркет,C241h,0.0,0.6137865
2025-12,Мегамаркет,C241h,0.0,1.1663495
2026-01,Мегамаркет,C241h,1.0,1.1753045
2026-02,Мегамаркет,C241h,0.0,0.0
2025-07,Монако,C241h,1.0,1.0791558
2025-08,Монако,C241h,0.0,0.0
2025-09,Монако,C241h,1.0,1.1563631
2025-10,Монако,C241h,3.0,1.500947
2025-11,Монако,C241h,2.0,2.0218942
2025-12,Монако,C241h,0.0,0.0
2026-01,Монако,C241h,0.0,0.0
2026-02,Монако,C241h,0.0,0.0
2025-07,РОСТ,C241h,0.0,0.31913784
2025-08,РОСТ,C241h,0.0,0.37469047
2025-09,РОСТ,C241h,1.0,0.39798427
2025-10,РОСТ,C241h,0.0,0.58560854
2025-11,РОСТ,C241h,0.0,0.69246364
2025-12,РОСТ,C241h,0.0,0.9408239
2026-01,РОСТ,C241h,1.0,0.5575224
2026-02,РОСТ,C241h,0.0,0.0
2025-07,Росицька ФОП,C241h,0.0,0.30891153
2025-08,Росицька ФОП,C241h,0.0,0.24231029
2025-09,Росицька ФОП,C241h,1.0,0.32080173
2025-10,Росицька ФОП,C241h,0.0,0.5879762
2025-11,Росицька ФОП,C241h,0.0,0.37422234
2025-12,Росицька ФОП,C241h,1.0,0.86278313
2026-01,Росицька ФОП,C241h,0.0,0.25336242
2026-02,Росицька ФОП,C241h,1.0,0.15984857
2025-07,Смайл,C241h,1.0,1.0374403
2025-08,Смайл,C241h,0.0,0.0
2025-09,Смайл,C241h,0.0,0.0
2025-10,Смайл,C241h,1.0,1.1205688
2025-11,Смайл,C241h,2.0,1.2068812
2025-12,Смайл,C241h,0.0,0.0
2026-01,Смайл,C241h,0.0,0.0
2026-02,Смайл,C241h,0.0,0.0
2025-07,Таврія,C241h,0.0,0.5208757
2025-08,Таврія,C241h,0.0,0.60774136
2025-09,Таврія,C241h,1.0,0.48936784
2025-10,Таврія,C241h,1.0,0.54321915
2025-11,Таврія,C241h,0.0,0.8019118
2025-12,Таврія,C241h,2.0,1.0007468
2026-01,Таврія,C241h,0.0,0.0
2026-02,Таврія,C241h,0.0,0.0
2025-07,ІМ-Розетка,C242h,1.0,2.0852845
2025-08,ІМ-Розетка,C242h,4.0,2.7473
2025-09,ІМ-Розетка,C242h,1.0,2.8617694
2025-10,ІМ-Розетка,C242h,0.0,1.0033015
2025-11,ІМ-Розетка,C242h,0.0,0.4666331
2025-12,ІМ-Розетка,C242h,0.0,2.2923574
2026-01,ІМ-Розетка,C242h,0.0,0.0
2026-02,ІМ-Розетка,C242h,0.0,0.0
2025-07,Акварель,C242h,13.0,6.410671
2025-08,Акварель,C242h,7.0,8.008425
2025-09,Акварель,C242h,6.0,6.143557
2025-10,Акварель,C242h,8.0,8.717841
2025-11,Акварель,C242h,7.0,8.846695
2025-12,Акварель,C242h,29.0,20.394733
2026-01,Акварель,C242h,13.0,6.61456
2026-02,Акварель,C242h,6.0,3.3430033
2025-07,БІ,C242h,0.0,7.1710973
2025-08,БІ,C242h,3.0,6.1347394
2025-09,БІ,C242h,9.0,6.7140675
2025-10,БІ,C242h,4.0,11.393811
2025-11,БІ,C242h,12.0,8.711656
2025-12,БІ,C242h,29.0,27.493513
2026-01,БІ,C242h,20.0,13.527543
2026-02,БІ,C242h,4.0,4.7990274
2025-07,Віват Канцелярія,C242h,2.0,3.9946465
2025-08,Віват Канцелярія,C242h,3.0,3.1741729
2025-09,Віват Канцелярія,C242h,4.0,2.8067682
2025-10,Віват Канцелярія,C242h,1.0,3.7143285
2025-11,Віват Канцелярія,C242h,0.0,3.630843
2025-12,Віват Канцелярія,C242h,28.0,9.289489
2026-01,Віват Канцелярія,C242h,4.0,5.1906586
2026-02,Віват Канцелярія,C242h,0.0,0.0
2025-07,Еліпс,C242h,0.0,0.0
2025-08,Еліпс,C242h,0.0,0.0
2025-09,Еліпс,C242h,0.0,0.0
2025-10,Еліпс,C242h,0.0,0.0
2025-11,Еліпс,C242h,1.0,1.2006155
2025-12,Еліпс,C242h,1.0,1.4156753
2026-01,Еліпс,C242h,0.0,0.0
2026-02,Еліпс,C242h,0.0,0.0
2025-07,Епіцентр,C242h,11.0,3.4667845
2025-08,Епіцентр,C242h,8.0,5.531465
2025-09,Епіцентр,C242h,3.0,3.9873922
2025-10,Епіцентр,C242h,3.0,4.5376735
2025-11,Епіцентр,C242h,3.0,3.9770982
2025-12,Епіцентр,C242h,9.0,13.043727
2026-01,Епіцентр,C242h,4.0,2.7366114
2026-02,Епіцентр,C242h,3.0,1.8469558
2025-07,Клас,C242h,0.0,0.37313825
2025-08,Клас,C242h,0.0,0.37466052
2025-09,Клас,C242h,0.0,0.396313
2025-10,Клас,C242h,0.0,0.39455453
2025-11,Клас,C242h,1.0,0.40397453
2025-12,Клас,C242h,1.0,1.2776192
2026-01,Клас,C242h,1.0,0.93716097
2026-02,Клас,C242h,1.0,1.091349
2025-07,МайПлей,C242h,0.0,1.0974327
2025-08,МайПлей,C242h,2.0,0.6569934
2025-09,МайПлей,C242h,1.0,0.913565
2025-10,МайПлей,C242h,0.0,1.1135238
2025-11,МайПлей,C242h,1.0,0.7584281
2025-12,МайПлей,C242h,4.0,2.644724
2026-01,МайПлей,C242h,0.0,0.0
2026-02,МайПлей,C242h,0.0,0.0
2025-07,Мегамаркет,C242h,0.0,0.5717679
2025-08,Мегамаркет,C242h,0.0,0.56439906
2025-09,Мегамаркет,C242h,1.0,0.4734608
2025-10,Мегамаркет,C242h,0.0,0.56133485
2025-11,Мегамаркет,C242h,1.0,0.46414238
2025-12,Мегамаркет,C242h,3.0,1.6205943
2026-01,Мегамаркет,C242h,1.0,1.1025025
2026-02,Мегамаркет,C242h,0.0,0.0
2025-07,Монако,C242h,1.0,0.9422055
2025-08,Монако,C242h,0.0,0.0
2025-09,Монако,C242h,0.0,0.0
2025-10,Монако,C242h,3.0,1.3586466
2025-11,Монако,C242h,2.0,1.7796823
2025-12,Монако,C242h,0.0,0.0
2026-01,Монако,C242h,2.0,1.1689745
2026-02,Монако,C242h,0.0,0.0
2025-07,Росицька ФОП,C242h,0.0,0.24855879
2025-08,Росицька ФОП,C242h,0.0,0.36572322
2025-09,Росицька ФОП,C242h,1.0,0.37857386
2025-10,Росицька ФОП,C242h,0.0,0.59402627
2025-11,Росицька ФОП,C242h,0.0,0.38083977
2025-12,Росицька ФОП,C242h,3.0,1.4985033
2026-01,Росицька ФОП,C242h,0.0,0.4091959
2026-02,Росицька ФОП,C242h,0.0,0.25612724
2025-07,Смайл,C242h,1.0,0.85138905
2025-08,Смайл,C242h,0.0,0.0
2025-09,Смайл,C242h,0.0,0.0
2025-10,Смайл,C242h,2.0,1.1479417
2025-11,Смайл,C242h,2.0,1.7286899
2025-12,Смайл,C242h,0.0,0.0
2026-01,Смайл,C242h,2.0,0.92800856
2026-02,Смайл,C242h,0.0,0.0
2025-07,Таврія,C242h,0.0,0.5069266
2025-08,Таврія,C242h,1.0,0.54114354
2025-09,Таврія,C242h,0.0,0.65301716
2025-10,Таврія,C242h,0.0,0.40670156
2025-11,Таврія,C242h,0.0,0.46071416
2025-12,Таврія,C242h,2.0,1.080859
2026-01,Таврія,C242h,1.0,0.88062686
2026-02,Таврія,C242h,0.0,0.0
2025-07,Юпіджи,C242h,2.0,1.8976923
2025-08,Юпіджи,C242h,9.0,2.0152047
2025-09,Юпіджи,C242h,4.0,2.9550726
2025-10,Юпіджи,C242h,4.0,3.8628414
2025-11,Юпіджи,C242h,3.0,4.011644
2025-12,Юпіджи,C242h,1.0,5.663551
2026-01,Юпіджи,C242h,5.0,1.7428482
2026-02,Юпіджи,C242h,2.0,1.5002773
2025-07,Акварель,DD03725,2.0,2.7192516
2025-08,Акварель,DD03725,0.0,0.0
2025-09,Акварель,DD03725,1.0,2.0821614
2025-10,Акварель,DD03725,0.0,0.0
2025-11,Акварель,DD03725,0.0,0.0
2025-12,Акварель,DD03725,2.0,2.7333908
2026-01,Акварель,DD03725,1.0,0.6988423
2026-02,Акварель,DD03725,1.0,1.3029721
2025-07,БІ,DD03725,1.0,3.8491693
2025-08,БІ,DD03725,0.0,0.0
2025-09,БІ,DD03725,3.0,2.5576963
2025-10,БІ,DD03725,1.0,2.076615
2025-11,БІ,DD03725,1.0,2.310012
2025-12,БІ,DD03725,0.0,0.0
2026-01,БІ,DD03725,0.0,0.0
2026-02,БІ,DD03725,0.0,0.0
2025-07,Акварель,DD03754,4.0,5.61136
2025-08,Акварель,DD03754,21.0,6.4525046
2025-09,Акварель,DD03754,5.0,10.943646
2025-10,Акварель,DD03754,7.0,5.289125
2025-11,Акварель,DD03754,4.0,5.960782
2025-12,Акварель,DD03754,5.0,9.12387
2026-01,Акварель,DD03754,2.0,2.2297542
2026-02,Акварель,DD03754,3.0,1.9569123
2025-07,БІ,DD03754,6.0,4.45946
2025-08,БІ,DD03754,9.0,5.168127
2025-09,БІ,DD03754,4.0,7.6747503
2025-10,БІ,DD03754,11.0,8.200483
2025-11,БІ,DD03754,10.0,8.842042
2025-12,БІ,DD03754,14.0,17.441744
2026-01,БІ,DD03754,10.0,6.8620753
2026-02,БІ,DD03754,1.0,2.49061
2025-07,Акварель,DD03757,3.0,3.2933123
2025-08,Акварель,DD03757,7.0,4.202183
2025-09,Акварель,DD03757,4.0,4.001532
2025-10,Акварель,DD03757,4.0,3.9836047
2025-11,Акварель,DD03757,2.0,3.4940817
2025-12,Акварель,DD03757,6.0,5.610431
2026-01,Акварель,DD03757,2.0,2.0894067
2026-02,Акварель,DD03757,3.0,1.7704452
2025-07,БІ,DD03757,5.0,4.542026
2025-08,БІ,DD03757,6.0,6.0186763
2025-09,БІ,DD03757,4.0,5.078979
2025-10,БІ,DD03757,5.0,6.9998617
2025-11,БІ,DD03757,4.0,6.114747
2025-12,БІ,DD03757,3.0,11.386927
2026-01,БІ,DD03757,7.0,3.980434
2026-02,БІ,DD03757,4.0,1.651157
2025-07,Мегамаркет,DD03757,0.0,0.549221
2025-08,Мегамаркет,DD03757,1.0,0.5759884
2025-09,Мегамаркет,DD03757,0.0,0.85155696
2025-10,Мегамаркет,DD03757,0.0,0.6064373
2025-11,Мегамаркет,DD03757,1.0,0.7226678
2025-12,Мегамаркет,DD03757,0.0,0.8401709
2026-01,Мегамаркет,DD03757,0.0,1.0394537
2026-02,Мегамаркет,DD03757,0.0,0.12526762
2025-07,Акварель,DD03758,2.0,5.4432387
2025-08,Акварель,DD03758,7.0,7.5515394
2025-09,Акварель,DD03758,7.0,5.590509
2025-10,Акварель,DD03758,9.0,7.691066
2025-11,Акварель,DD03758,10.0,7.6196604
2025-12,Акварель,DD03758,11.0,13.815391
2026-01,Акварель,DD03758,5.0,2.5175657
2026-02,Акварель,DD03758,4.0,2.1925998
2025-07,БІ,DD03758,4.0,7.3349013
2025-08,БІ,DD03758,12.0,7.050726
2025-09,БІ,DD03758,4.0,10.372039
2025-10,БІ,DD03758,12.0,8.155685
2025-11,БІ,DD03758,12.0,9.962205
2025-12,БІ,DD03758,27.0,16.253767
2026-01,БІ,DD03758,9.0,5.3783073
2026-02,БІ,DD03758,4.0,2.4254375
2025-07,Акварель,DD03765,2.0,7.087545
2025-08,Акварель,DD03765,9.0,4.896468
2025-09,Акварель,DD03765,7.0,5.5035257
2025-10,Акварель,DD03765,6.0,4.9481707
2025-11,Акварель,DD03765,8.0,10.410806
2025-12,Акварель,DD03765,41.0,32.328445
2026-01,Акварель,DD03765,12.0,7.458734
2026-02,Акварель,DD03765,6.0,3.9177852
2025-07,БІ,DD03765,17.0,46.05342
2025-08,БІ,DD03765,12.0,25.44887
2025-09,БІ,DD03765,14.0,18.470316
2025-10,БІ,DD03765,25.0,14.939669
2025-11,БІ,DD03765,105.0,32.31331
2025-12,БІ,DD03765,159.0,115.857704
2026-01,БІ,DD03765,35.0,23.999268
2026-02,БІ,DD03765,11.0,18.037333
2025-07,Озерова ФОП,DD03765,0.0,0.0
2025-08,Озерова ФОП,DD03765,0.0,0.0
2025-09,Озерова ФОП,DD03765,0.0,0.0
2025-10,Озерова ФОП,DD03765,0.0,0.0
2025-11,Озерова ФОП,DD03765,0.0,0.0
2025-12,Озерова ФОП,DD03765,0.0,0.0
2026-01,Озерова ФОП,DD03765,0.0,0.0
2026-02,Озерова ФОП,DD03765,0.0,0.03495715
2025-07,ІМ-Розетка,DD03766,0.0,4.710283
2025-08,ІМ-Розетка,DD03766,5.0,3.364482
2025-09,ІМ-Розетка,DD03766,4.0,2.9340184
2025-10,ІМ-Розетка,DD03766,13.0,6.5802197
2025-11,ІМ-Розетка,DD03766,4.0,10.21494
2025-12,ІМ-Розетка,DD03766,0.0,5.3816695
2026-01,ІМ-Розетка,DD03766,0.0,1.0188668
2026-02,ІМ-Розетка,DD03766,0.0,0.363374
2025-07,Акварель,DD03766,2.0,7.7151933
2025-08,Акварель,DD03766,14.0,8.103977
2025-09,Акварель,DD03766,5.0,8.508403
2025-10,Акварель,DD03766,9.0,10.151064
2025-11,Акварель,DD03766,39.0,22.96066
2025-12,Акварель,DD03766,35.0,42.33865
2026-01,Акварель,DD03766,23.0,14.442794
2026-02,Акварель,DD03766,9.0,7.644974
2025-07,БІ,DD03766,20.0,45.50698
2025-08,БІ,DD03766,24.0,42.301746
2025-09,БІ,DD03766,38.0,33.51064
2025-10,БІ,DD03766,78.0,45.901367
2025-11,БІ,DD03766,80.0,59.938297
2025-12,БІ,DD03766,89.0,100.88497
2026-01,БІ,DD03766,52.0,42.027878
2026-02,БІ,DD03766,28.0,23.293848
2025-07,Еліпс,DD03766,0.0,0.0
2025-08,Еліпс,DD03766,0.0,0.0
2025-09,Еліпс,DD03766,6.0,4.358778
2025-10,Еліпс,DD03766,0.0,0.0
2025-11,Еліпс,DD03766,2.0,4.4694614
2025-12,Еліпс,DD03766,0.0,0.0
2026-01,Еліпс,DD03766,0.0,0.0
2026-02,Еліпс,DD03766,0.0,0.0
2025-07,Монако,DD03766,2.0,3.8190558
2025-08,Монако,DD03766,9.0,3.2856152
2025-09,Монако,DD03766,7.0,5.5107203
2025-10,Монако,DD03766,4.0,5.301273
2025-11,Монако,DD03766,0.0,0.037178464
2025-12,Монако,DD03766,0.0,0.048449587
2026-01,Монако,DD03766,0.0,0.0
2026-02,Монако,DD03766,0.0,0.0
2025-07,Акварель,DD03767,2.0,6.833292
2025-08,Акварель,DD03767,10.0,5.204338
2025-09,Акварель,DD03767,5.0,7.198125
2025-10,Акварель,DD03767,7.0,6.99448
2025-11,Акварель,DD03767,6.0,6.542737
2025-12,Акварель,DD03767,5.0,10.435535
2026-01,Акварель,DD03767,6.0,2.8548074
2026-02,Акварель,DD03767,1.0,2.9304898
2025-07,БІ,DD03767,24.0,45.68454
2025-08,БІ,DD03767,19.0,32.67104
2025-09,БІ,DD03767,33.0,34.661762
2025-10,БІ,DD03767,29.0,40.569057
2025-11,БІ,DD03767,56.0,32.742176
2025-12,БІ,DD03767,80.0,81.568825
2026-01,БІ,DD03767,34.0,25.86231
2026-02,БІ,DD03767,8.0,17.43031
2025-07,Еліпс,DD03767,0.0,0.0
2025-08,Еліпс,DD03767,0.0,0.0
2025-09,Еліпс,DD03767,0.0,0.0
2025-10,Еліпс,DD03767,0.0,0.0
2025-11,Еліпс,DD03767,0.0,0.0
2025-12,Еліпс,DD03767,0.0,0.09480481
2026-01,Еліпс,DD03767,6.0,1.8134596
2026-02,Еліпс,DD03767,0.0,0.0
2025-07,Монако,DD03767,0.0,0.0
2025-08,Монако,DD03767,0.0,0.0
2025-09,Монако,DD03767,0.0,0.0
2025-10,Монако,DD03767,0.0,0.0
2025-11,Монако,DD03767,0.0,0.0
2025-12,Монако,DD03767,0.0,0.2578198
2026-01,Монако,DD03767,6.0,2.4114137
2026-02,Монако,DD03767,0.0,0.0
2025-07,Озерова ФОП,DD03767,0.0,0.0
2025-08,Озерова ФОП,DD03767,0.0,0.0
2025-09,Озерова ФОП,DD03767,0.0,0.0
2025-10,Озерова ФОП,DD03767,0.0,0.0
2025-11,Озерова ФОП,DD03767,0.0,0.0
2025-12,Озерова ФОП,DD03767,5.0,3.890022
2026-01,Озерова ФОП,DD03767,0.0,0.0
2026-02,Озерова ФОП,DD03767,0.0,0.0
2025-07,ІМ-Розетка,DD03768,13.0,2.585431
2025-08,ІМ-Розетка,DD03768,2.0,7.660895
2025-09,ІМ-Розетка,DD03768,0.0,1.4049904
2025-10,ІМ-Розетка,DD03768,0.0,0.32244587
2025-11,ІМ-Розетка,DD03768,0.0,0.2646757
2025-12,ІМ-Розетка,DD03768,0.0,0.66799384
2026-01,ІМ-Розетка,DD03768,0.0,0.0414958
2026-02,ІМ-Розетка,DD03768,0.0,0.21390179
2025-07,Акварель,DD03768,4.0,7.6019917
2025-08,Акварель,DD03768,12.0,5.0958924
2025-09,Акварель,DD03768,5.0,7.479455
2025-10,Акварель,DD03768,9.0,7.7215834
2025-11,Акварель,DD03768,1.0,6.522313
2025-12,Акварель,DD03768,12.0,9.849567
2026-01,Акварель,DD03768,7.0,2.9564998
2026-02,Акварель,DD03768,4.0,3.6710114
2025-07,БІ,DD03768,17.0,26.700544
2025-08,БІ,DD03768,10.0,25.003744
2025-09,БІ,DD03768,14.0,24.64815
2025-10,БІ,DD03768,31.0,21.389717
2025-11,БІ,DD03768,30.0,30.465511
2025-12,БІ,DD03768,52.0,65.78592
2026-01,БІ,DD03768,16.0,14.262278
2026-02,БІ,DD03768,6.0,7.1233854
2025-07,Еліпс,DD03768,0.0,0.0
2025-08,Еліпс,DD03768,0.0,0.0
2025-09,Еліпс,DD03768,0.0,0.0
2025-10,Еліпс,DD03768,0.0,0.0
2025-11,Еліпс,DD03768,0.0,0.0
2025-12,Еліпс,DD03768,0.0,0.0
2026-01,Еліпс,DD03768,0.0,0.0
2026-02,Еліпс,DD03768,0.0,0.019981766
2025-07,Монако,DD03768,0.0,0.0
2025-08,Монако,DD03768,0.0,0.0
2025-09,Монако,DD03768,0.0,0.0
2025-10,Монако,DD03768,0.0,0.0
2025-11,Монако,DD03768,0.0,0.0
2025-12,Монако,DD03768,0.0,0.0
2026-01,Монако,DD03768,0.0,0.0
2026-02,Монако,DD03768,0.0,0.021920538
2025-07,Антошка,DD04670,9.0,2.7191942
2025-08,Антошка,DD04670,0.0,4.163504
2025-09,Антошка,DD04670,2.0,3.037621
2025-10,Антошка,DD04670,7.0,3.0355039
2025-11,Антошка,DD04670,2.0,4.6594477
2025-12,Антошка,DD04670,4.0,13.375792
2026-01,Антошка,DD04670,4.0,3.43828
2026-02,Антошка,DD04670,2.0,1.2089815
2025-07,БІ,DD04670,4.0,2.8086495
2025-08,БІ,DD04670,0.0,3.4252882
2025-09,БІ,DD04670,0.0,2.3095412
2025-10,БІ,DD04670,0.0,2.1072812
2025-11,БІ,DD04670,0.0,2.2565367
2025-12,БІ,DD04670,0.0,2.2696898
2026-01,БІ,DD04670,0.0,0.021013232
2026-02,БІ,DD04670,0.0,0.0075212903
2025-07,Антошка,DD04671,12.0,2.0295014
2025-08,Антошка,DD04671,4.0,5.0566463
2025-09,Антошка,DD04671,4.0,4.819326
2025-10,Антошка,DD04671,6.0,3.5250566
2025-11,Антошка,DD04671,2.0,4.1933618
2025-12,Антошка,DD04671,3.0,12.779473
2026-01,Антошка,DD04671,1.0,3.520367
2026-02,Антошка,DD04671,0.0,0.0
2025-07,БІ,DD04671,5.0,2.5046744
2025-08,БІ,DD04671,0.0,3.480997
2025-09,БІ,DD04671,1.0,2.5405152
2025-10,БІ,DD04671,0.0,2.1661954
2025-11,БІ,DD04671,0.0,2.3763552
2025-12,БІ,DD04671,0.0,3.3741484
2026-01,БІ,DD04671,1.0,0.021450073
2026-02,БІ,DD04671,0.0,0.43803355
2025-07,Антошка,DD04673,3.0,2.522928
2025-08,Антошка,DD04673,1.0,2.227323
2025-09,Антошка,DD04673,3.0,2.3477643
2025-10,Антошка,DD04673,2.0,2.0606527
2025-11,Антошка,DD04673,4.0,2.9943306
2025-12,Антошка,DD04673,3.0,11.399973
2026-01,Антошка,DD04673,2.0,4.275808
2026-02,Антошка,DD04673,0.0,0.5453709
2025-07,БІ,DD04673,1.0,2.9623957
2025-08,БІ,DD04673,1.0,2.7163332
2025-09,БІ,DD04673,2.0,2.1056511
2025-10,БІ,DD04673,1.0,1.7205065
2025-11,БІ,DD04673,0.0,1.3457109
2025-12,БІ,DD04673,0.0,2.7448814
2026-01,БІ,DD04673,0.0,0.0
2026-02,БІ,DD04673,0.0,0.0
2025-07,Антошка,DD04681,1.0,1.9193672
2025-08,Антошка,DD04681,5.0,1.0491791
2025-09,Антошка,DD04681,3.0,3.8494375
2025-10,Антошка,DD04681,6.0,3.803055
2025-11,Антошка,DD04681,1.0,5.2200985
2025-12,Антошка,DD04681,2.0,11.830718
2026-01,Антошка,DD04681,2.0,1.1003135
2026-02,Антошка,DD04681,3.0,0.477719
2025-07,БІ,DD04681,3.0,3.01345
2025-08,БІ,DD04681,2.0,3.4341605
2025-09,БІ,DD04681,1.0,2.6659706
2025-10,БІ,DD04681,4.0,1.8557423
2025-11,БІ,DD04681,1.0,2.6973464
2025-12,БІ,DD04681,0.0,4.0318832
2026-01,БІ,DD04681,0.0,0.0
2026-02,БІ,DD04681,0.0,0.0
2025-07,Акварель,DD04717,1.0,2.4716547
2025-08,Акварель,DD04717,6.0,2.071361
2025-09,Акварель,DD04717,6.0,2.3723466
2025-10,Акварель,DD04717,7.0,3.2106256
2025-11,Акварель,DD04717,1.0,3.3134315
2025-12,Акварель,DD04717,2.0,12.612312
2026-01,Акварель,DD04717,0.0,0.0
2026-02,Акварель,DD04717,0.0,0.0
2025-07,БІ,DD04717,36.0,27.790533
2025-08,БІ,DD04717,28.0,24.228
2025-09,БІ,DD04717,36.0,21.568333
2025-10,БІ,DD04717,27.0,28.680958
2025-11,БІ,DD04717,7.0,21.66595
2025-12,БІ,DD04717,1.0,18.401325
2026-01,БІ,DD04717,2.0,1.3569573
2026-02,БІ,DD04717,0.0,0.0
2025-07,Озерова ФОП,DD04717,0.0,0.0
2025-08,Озерова ФОП,DD04717,0.0,0.0
2025-09,Озерова ФОП,DD04717,3.0,1.516762
2025-10,Озерова ФОП,DD04717,0.0,0.0
2025-11,Озерова ФОП,DD04717,0.0,0.0
2025-12,Озерова ФОП,DD04717,0.0,0.0
2026-01,Озерова ФОП,DD04717,0.0,0.0
2026-02,Озерова ФОП,DD04717,0.0,0.0
2025-07,СмартТойс,DD04717,0.0,0.0
2025-08,СмартТойс,DD04717,0.0,0.0
2025-09,СмартТойс,DD04717,0.0,0.0
2025-10,СмартТойс,DD04717,0.0,0.0
2025-11,СмартТойс,DD04717,0.0,0.0
2025-12,СмартТойс,DD04717,0.0,0.0
2026-01,СмартТойс,DD04717,0.0,0.0
2026-02,СмартТойс,DD04717,0.0,0.0
2025-07,Антошка,DD04725,8.0,5.379961
2025-08,Антошка,DD04725,6.0,4.4065285
2025-09,Антошка,DD04725,12.0,5.9227834
2025-10,Антошка,DD04725,9.0,6.6403136
2025-11,Антошка,DD04725,3.0,4.463973
2025-12,Антошка,DD04725,2.0,3.6324828
2026-01,Антошка,DD04725,1.0,1.4483224
2026-02,Антошка,DD04725,0.0,0.0
2025-07,БІ,DD04725,3.0,3.8526828
2025-08,БІ,DD04725,0.0,0.0
2025-09,БІ,DD04725,0.0,0.0
2025-10,БІ,DD04725,0.0,0.0
2025-11,БІ,DD04725,0.0,0.0
2025-12,БІ,DD04725,0.0,0.0
2026-01,БІ,DD04725,0.0,0.0
2026-02,БІ,DD04725,0.0,0.0
2025-07,Акварель,DD04727,1.0,2.1382697
2025-08,Акварель,DD04727,3.0,1.8997036
2025-09,Акварель,DD04727,3.0,2.8655434
2025-10,Акварель,DD04727,6.0,2.673439
2025-11,Акварель,DD04727,0.0,0.0
2025-12,Акварель,DD04727,2.0,2.1136656
2026-01,Акварель,DD04727,2.0,1.1535347
2026-02,Акварель,DD04727,1.0,1.3098084
2025-07,БІ,DD04727,18.0,12.494042
2025-08,БІ,DD04727,7.0,13.415799
2025-09,БІ,DD04727,20.0,7.545843
2025-10,БІ,DD04727,11.0,13.807932
2025-11,БІ,DD04727,7.0,7.7478294
2025-12,БІ,DD04727,6.0,9.996159
2026-01,БІ,DD04727,0.0,0.0
2026-02,БІ,DD04727,2.0,1.4028327
2025-07,Мегамаркет,DD04727,0.0,0.46848217
2025-08,Мегамаркет,DD04727,0.0,0.42367387
2025-09,Мегамаркет,DD04727,1.0,0.43167135
2025-10,Мегамаркет,DD04727,0.0,0.44241297
2025-11,Мегамаркет,DD04727,0.0,0.4181306
2025-12,Мегамаркет,DD04727,0.0,0.34025058
2026-01,Мегамаркет,DD04727,0.0,0.0
2026-02,Мегамаркет,DD04727,0.0,0.017285055
2025-07,Антошка,DD04728,2.0,3.0203326
2025-08,Антошка,DD04728,2.0,3.8073032
2025-09,Антошка,DD04728,4.0,3.9949722
2025-10,Антошка,DD04728,6.0,5.3234487
2025-11,Антошка,DD04728,0.0,0.0
2025-12,Антошка,DD04728,2.0,4.051515
2026-01,Антошка,DD04728,0.0,0.0
2026-02,Антошка,DD04728,0.0,0.0
2025-07,БІ,DD04728,14.0,14.338083
2025-08,БІ,DD04728,13.0,10.977428
2025-09,БІ,DD04728,19.0,7.669128
2025-10,БІ,DD04728,9.0,14.033405
2025-11,БІ,DD04728,2.0,7.526513
2025-12,БІ,DD04728,3.0,8.526654
2026-01,БІ,DD04728,1.0,1.4608494
2026-02,БІ,DD04728,1.0,1.3876368
2025-07,Акварель,DD04804,1.0,1.5769215
2025-08,Акварель,DD04804,2.0,1.8862907
2025-09,Акварель,DD04804,6.0,1.8523092
2025-10,Акварель,DD04804,9.0,2.4652565
2025-11,Акварель,DD04804,2.0,2.6154833
2025-12,Акварель,DD04804,0.0,0.0
2026-01,Акварель,DD04804,0.0,0.0
2026-02,Акварель,DD04804,1.0,0.7514853
2025-07,БІ,DD04804,14.0,7.7966275
2025-08,БІ,DD04804,9.0,9.592199
2025-09,БІ,DD04804,24.0,8.152077
2025-10,БІ,DD04804,19.0,15.501911
2025-11,БІ,DD04804,4.0,9.886678
2025-12,БІ,DD04804,1.0,8.9776125
2026-01,БІ,DD04804,3.0,0.20058165
2026-02,БІ,DD04804,1.0,1.2783854
2025-07,Епіцентр,DD04804,4.0,0.9178199
2025-08,Епіцентр,DD04804,1.0,1.7690026
2025-09,Епіцентр,DD04804,0.0,0.0
2025-10,Епіцентр,DD04804,0.0,0.0
2025-11,Епіцентр,DD04804,1.0,1.1269227
2025-12,Епіцентр,DD04804,0.0,0.0
2026-01,Епіцентр,DD04804,0.0,0.0
2026-02,Епіцентр,DD04804,0.0,0.0
2025-07,МайПлей,DD04804,0.0,0.0
2025-08,МайПлей,DD04804,0.0,0.0
2025-09,МайПлей,DD04804,2.0,1.0239921
2025-10,МайПлей,DD04804,0.0,0.0
2025-11,МайПлей,DD04804,1.0,0.9540579
2025-12,МайПлей,DD04804,0.0,0.0
2026-01,МайПлей,DD04804,0.0,0.0
2026-02,МайПлей,DD04804,0.0,0.0
2025-07,Мегамаркет,DD04804,0.0,0.53262085
2025-08,Мегамаркет,DD04804,0.0,0.38980892
2025-09,Мегамаркет,DD04804,1.0,0.40010613
2025-10,Мегамаркет,DD04804,1.0,0.4425163
2025-11,Мегамаркет,DD04804,0.0,0.4519879
2025-12,Мегамаркет,DD04804,0.0,0.4078631
2026-01,Мегамаркет,DD04804,0.0,0.01535382
2026-02,Мегамаркет,DD04804,0.0,0.01684818
2025-07,Акварель,DD04805,0.0,2.3339381
2025-08,Акварель,DD04805,6.0,1.5297571
2025-09,Акварель,DD04805,7.0,2.2209795
2025-10,Акварель,DD04805,7.0,2.7218573
2025-11,Акварель,DD04805,2.0,3.3181586
2025-12,Акварель,DD04805,1.0,11.394731
2026-01,Акварель,DD04805,0.0,0.0
2026-02,Акварель,DD04805,0.0,0.0
2025-07,Антошка,DD04805,14.0,8.038106
2025-08,Антошка,DD04805,15.0,10.329955
2025-09,Антошка,DD04805,26.0,6.153224
2025-10,Антошка,DD04805,26.0,16.263962
2025-11,Антошка,DD04805,6.0,14.083397
2025-12,Антошка,DD04805,9.0,27.165087
2026-01,Антошка,DD04805,1.0,4.482956
2026-02,Антошка,DD04805,4.0,0.96900195
2025-07,БІ,DD04805,14.0,16.592634
2025-08,БІ,DD04805,13.0,12.424255
2025-09,БІ,DD04805,28.0,14.714696
2025-10,БІ,DD04805,26.0,18.557743
2025-11,БІ,DD04805,7.0,15.121535
2025-12,БІ,DD04805,3.0,12.30934
2026-01,БІ,DD04805,3.0,0.7590076
2026-02,БІ,DD04805,2.0,1.6869142
2025-07,МайПлей,DD04805,0.0,1.1740389
2025-08,МайПлей,DD04805,3.0,0.82741797
2025-09,МайПлей,DD04805,1.0,1.3088291
2025-10,МайПлей,DD04805,0.0,0.0
2025-11,МайПлей,DD04805,3.0,0.43335694
2025-12,МайПлей,DD04805,0.0,1.397741
2026-01,МайПлей,DD04805,0.0,0.0
2026-02,МайПлей,DD04805,3.0,0.68194926
2025-07,Мегамаркет,DD04805,0.0,1.1059648
2025-08,Мегамаркет,DD04805,0.0,0.40023538
2025-09,Мегамаркет,DD04805,3.0,0.37389487
2025-10,Мегамаркет,DD04805,2.0,0.7238877
2025-11,Мегамаркет,DD04805,0.0,0.82445335
2025-12,Мегамаркет,DD04805,3.0,1.2519705
2026-01,Мегамаркет,DD04805,0.0,0.093742706
2026-02,Мегамаркет,DD04805,0.0,0.08182873
2025-07,Озерова ФОП,DD04805,0.0,0.0
2025-08,Озерова ФОП,DD04805,0.0,0.0
2025-09,Озерова ФОП,DD04805,3.0,1.311945
2025-10,Озерова ФОП,DD04805,0.0,0.0
2025-11,Озерова ФОП,DD04805,0.0,0.0
2025-12,Озерова ФОП,DD04805,0.0,0.0
2026-01,Озерова ФОП,DD04805,2.0,1.3763182
2026-02,Озерова ФОП,DD04805,0.0,0.0
2025-07,Акварель,DD04808,1.0,1.7958841
2025-08,Акварель,DD04808,2.0,1.885048
2025-09,Акварель,DD04808,5.0,2.0741916
2025-10,Акварель,DD04808,7.0,2.5096686
2025-11,Акварель,DD04808,1.0,2.4524162
2025-12,Акварель,DD04808,0.0,0.0
2026-01,Акварель,DD04808,0.0,0.0
2026-02,Акварель,DD04808,1.0,0.8950464
2025-07,Антошка,DD04808,4.0,3.2080626
2025-08,Антошка,DD04808,4.0,3.390601
2025-09,Антошка,DD04808,4.0,3.2315137
2025-10,Антошка,DD04808,4.0,3.6544287
2025-11,Антошка,DD04808,0.0,0.0
2025-12,Антошка,DD04808,2.0,3.0972464
2026-01,Антошка,DD04808,0.0,0.0
2026-02,Антошка,DD04808,0.0,0.0
2025-07,БІ,DD04808,0.0,0.0
2025-08,БІ,DD04808,0.0,0.0
2025-09,БІ,DD04808,0.0,0.0
2025-10,БІ,DD04808,0.0,0.0
2025-11,БІ,DD04808,0.0,0.0
2025-12,БІ,DD04808,0.0,0.0
2026-01,БІ,DD04808,0.0,0.0
2026-02,БІ,DD04808,0.0,0.0
2025-07,Епіцентр,DD04808,2.0,1.1883354
2025-08,Епіцентр,DD04808,1.0,1.660338
2025-09,Епіцентр,DD04808,2.0,1.7754126
2025-10,Епіцентр,DD04808,0.0,0.0
2025-11,Епіцентр,DD04808,0.0,0.0
2025-12,Епіцентр,DD04808,0.0,0.0
2026-01,Епіцентр,DD04808,0.0,0.0
2026-02,Епіцентр,DD04808,0.0,0.0
2025-07,МайПлей,DD04808,2.0,0.8669656
2025-08,МайПлей,DD04808,0.0,0.0
2025-09,МайПлей,DD04808,1.0,0.8899688
2025-10,МайПлей,DD04808,0.0,0.0
2025-11,МайПлей,DD04808,1.0,0.9361949
2025-12,МайПлей,DD04808,0.0,0.0
2026-01,МайПлей,DD04808,0.0,0.0
2026-02,МайПлей,DD04808,0.0,0.0
2025-07,ІМ-МауДау,DD04809,0.0,1.3421746
2025-08,ІМ-МауДау,DD04809,3.0,1.884536
2025-09,ІМ-МауДау,DD04809,0.0,0.0
2025-10,ІМ-МауДау,DD04809,0.0,0.0
2025-11,ІМ-МауДау,DD04809,0.0,0.11854422
2025-12,ІМ-МауДау,DD04809,0.0,0.16359788
2026-01,ІМ-МауДау,DD04809,0.0,0.0
2026-02,ІМ-МауДау,DD04809,0.0,0.0
2025-07,Акварель,DD04809,1.0,1.1317971
2025-08,Акварель,DD04809,1.0,1.405193
2025-09,Акварель,DD04809,5.0,1.7784511
2025-10,Акварель,DD04809,5.0,2.3487291
2025-11,Акварель,DD04809,2.0,2.120369
2025-12,Акварель,DD04809,0.0,10.156487
2026-01,Акварель,DD04809,0.0,0.0
2026-02,Акварель,DD04809,1.0,0.726021
2025-07,Антошка,DD04809,7.0,3.3593338
2025-08,Антошка,DD04809,5.0,3.851485
2025-09,Антошка,DD04809,17.0,4.1250944
2025-10,Антошка,DD04809,11.0,8.253944
2025-11,Антошка,DD04809,10.0,7.2723947
2025-12,Антошка,DD04809,4.0,25.207767
2026-01,Антошка,DD04809,2.0,4.598843
2026-02,Антошка,DD04809,1.0,1.0512146
2025-07,БІ,DD04809,17.0,18.143421
2025-08,БІ,DD04809,21.0,13.278371
2025-09,БІ,DD04809,41.0,13.084102
2025-10,БІ,DD04809,27.0,19.401945
2025-11,БІ,DD04809,8.0,16.609865
2025-12,БІ,DD04809,3.0,13.590449
2026-01,БІ,DD04809,2.0,1.5113596
2026-02,БІ,DD04809,0.0,0.0
2025-07,Епіцентр,DD04809,1.0,0.9206001
2025-08,Епіцентр,DD04809,0.0,1.3101557
2025-09,Епіцентр,DD04809,0.0,0.0
2025-10,Епіцентр,DD04809,2.0,1.2223299
2025-11,Епіцентр,DD04809,0.0,0.9681614
2025-12,Епіцентр,DD04809,0.0,1.5925587
2026-01,Епіцентр,DD04809,0.0,0.0
2026-02,Епіцентр,DD04809,0.0,0.0
2025-07,МайПлей,DD04809,1.0,0.5429211
2025-08,МайПлей,DD04809,1.0,0.8263517
2025-09,МайПлей,DD04809,2.0,1.2492709
2025-10,МайПлей,DD04809,1.0,1.2435713
2025-11,МайПлей,DD04809,0.0,0.53681666
2025-12,МайПлей,DD04809,0.0,0.8894423
2026-01,МайПлей,DD04809,0.0,0.0
2026-02,МайПлей,DD04809,0.0,0.0
2025-07,Озерова ФОП,DD04809,0.0,0.0
2025-08,Озерова ФОП,DD04809,0.0,0.0
2025-09,Озерова ФОП,DD04809,1.0,1.8620285
2025-10,Озерова ФОП,DD04809,0.0,0.0
2025-11,Озерова ФОП,DD04809,0.0,0.0
2025-12,Озерова ФОП,DD04809,1.0,1.7157642
2026-01,Озерова ФОП,DD04809,0.0,0.0
2026-02,Озерова ФОП,DD04809,0.0,0.0
2025-07,Антошка,DJ00010,1.0,0.46428278
2025-08,Антошка,DJ00010,0.0,0.4763225
2025-09,Антошка,DJ00010,0.0,0.49085203
2025-10,Антошка,DJ00010,0.0,0.5197779
2025-11,Антошка,DJ00010,1.0,0.5097428
2025-12,Антошка,DJ00010,1.0,0.77920294
2026-01,Антошка,DJ00010,0.0,0.2350251
2026-02,Антошка,DJ00010,0.0,0.10979338
2025-07,БІ,DJ00010,4.0,5.2667646
2025-08,БІ,DJ00010,3.0,3.8620734
2025-09,БІ,DJ00010,3.0,3.257551
2025-10,БІ,DJ00010,2.0,3.3339937
2025-11,БІ,DJ00010,2.0,3.1571238
2025-12,БІ,DJ00010,3.0,8.284146
2026-01,БІ,DJ00010,1.0,2.0254574
2026-02,БІ,DJ00010,1.0,1.5746473
2025-07,МайПлей,DJ00010,0.0,0.3407067
2025-08,МайПлей,DJ00010,2.0,0.3638752
2025-09,МайПлей,DJ00010,1.0,0.41681904
2025-10,МайПлей,DJ00010,1.0,0.4652915
2025-11,МайПлей,DJ00010,0.0,0.64629596
2025-12,МайПлей,DJ00010,0.0,1.5084317
2026-01,МайПлей,DJ00010,0.0,0.09647202
2026-02,МайПлей,DJ00010,0.0,0.019494204
2025-07,Антошка,DJ00014,1.0,0.43437183
2025-08,Антошка,DJ00014,3.0,0.6083412
2025-09,Антошка,DJ00014,1.0,0.83708996
2025-10,Антошка,DJ00014,0.0,0.6914722
2025-11,Антошка,DJ00014,0.0,0.5976489
2025-12,Антошка,DJ00014,0.0,1.3926982
2026-01,Антошка,DJ00014,0.0,0.013975004
2026-02,Антошка,DJ00014,0.0,0.01811376
2025-07,БІ,DJ00014,2.0,1.9191476
2025-08,БІ,DJ00014,3.0,1.8566608
2025-09,БІ,DJ00014,1.0,1.9924555
2025-10,БІ,DJ00014,1.0,1.4208809
2025-11,БІ,DJ00014,1.0,1.6032248
2025-12,БІ,DJ00014,5.0,4.8322053
2026-01,БІ,DJ00014,1.0,1.6450088
2026-02,БІ,DJ00014,1.0,1.5288626
2025-07,МайПлей,DJ00014,0.0,0.41080704
2025-08,МайПлей,DJ00014,1.0,0.33916476
2025-09,МайПлей,DJ00014,1.0,0.40458897
2025-10,МайПлей,DJ00014,1.0,0.4371323
2025-11,МайПлей,DJ00014,0.0,0.47531
2025-12,МайПлей,DJ00014,1.0,1.3990017
2026-01,МайПлей,DJ00014,0.0,0.35154358
2026-02,МайПлей,DJ00014,0.0,0.09842424
2025-07,Антошка,DJ00016,1.0,0.8476321
2025-08,Антошка,DJ00016,0.0,0.0
2025-09,Антошка,DJ00016,0.0,0.0
2025-10,Антошка,DJ00016,0.0,0.0
2025-11,Антошка,DJ00016,0.0,0.0
2025-12,Антошка,DJ00016,1.0,0.4388293
2026-01,Антошка,DJ00016,0.0,0.0
2026-02,Антошка,DJ00016,0.0,0.0
2025-07,БІ,DJ00016,4.0,5.4307537
2025-08,БІ,DJ00016,2.0,4.369023
2025-09,БІ,DJ00016,6.0,3.961978
2025-10,БІ,DJ00016,2.0,3.3861332
2025-11,БІ,DJ00016,2.0,4.3686185
2025-12,БІ,DJ00016,3.0,8.976162
2026-01,БІ,DJ00016,3.0,2.3374755
2026-02,БІ,DJ00016,2.0,1.8414781
2025-07,ІМ-Розетка,DJ00017,0.0,0.10742319
2025-08,ІМ-Розетка,DJ00017,1.0,1.1448945
2025-09,ІМ-Розетка,DJ00017,0.0,0.101134315
2025-10,ІМ-Розетка,DJ00017,0.0,0.096474834
2025-11,ІМ-Розетка,DJ00017,0.0,0.08944464
2025-12,ІМ-Розетка,DJ00017,0.0,0.18821025
2026-01,ІМ-Розетка,DJ00017,0.0,0.018020893
2026-02,ІМ-Розетка,DJ00017,0.0,0.049268316
2025-07,Антошка,DJ00017,2.0,0.415188
2025-08,Антошка,DJ00017,2.0,0.60687727
2025-09,Антошка,DJ00017,0.0,0.5111954
2025-10,Антошка,DJ00017,0.0,0.5714387
2025-11,Антошка,DJ00017,1.0,0.53494674
2025-12,Антошка,DJ00017,1.0,1.6443326
2026-01,Антошка,DJ00017,0.0,0.0
2026-02,Антошка,DJ00017,2.0,0.63760483
2025-07,БІ,DJ00017,6.0,3.896099
2025-08,БІ,DJ00017,3.0,4.372086
2025-09,БІ,DJ00017,2.0,3.7099051
2025-10,БІ,DJ00017,6.0,3.0007823
2025-11,БІ,DJ00017,1.0,3.590691
2025-12,БІ,DJ00017,7.0,8.895139
2026-01,БІ,DJ00017,3.0,2.176154
2026-02,БІ,DJ00017,3.0,2.2401087
2025-07,МайПлей,DJ00017,0.0,0.37896755
2025-08,МайПлей,DJ00017,0.0,0.3778557
2025-09,МайПлей,DJ00017,1.0,0.358381
2025-10,МайПлей,DJ00017,0.0,0.46637452
2025-11,МайПлей,DJ00017,0.0,0.4178926
2025-12,МайПлей,DJ00017,1.0,1.0741416
2026-01,МайПлей,DJ00017,0.0,0.21005988
2026-02,МайПлей,DJ00017,1.0,0.108363904
2025-07,Акварель,DJ00025,3.0,4.8064294
2025-08,Акварель,DJ00025,1.0,4.0936446
2025-09,Акварель,DJ00025,0.0,3.3304367
2025-10,Акварель,DJ00025,4.0,2.256894
2025-11,Акварель,DJ00025,2.0,2.6577744
2025-12,Акварель,DJ00025,8.0,11.718995
2026-01,Акварель,DJ00025,2.0,6.180913
2026-02,Акварель,DJ00025,2.0,2.585598
2025-07,Антошка,DJ00025,0.0,0.7115538
2025-08,Антошка,DJ00025,0.0,1.0535971
2025-09,Антошка,DJ00025,0.0,1.0068933
2025-10,Антошка,DJ00025,0.0,0.7247939
2025-11,Антошка,DJ00025,0.0,0.63612247
2025-12,Антошка,DJ00025,2.0,3.698557
2026-01,Антошка,DJ00025,0.0,2.1744106
2026-02,Антошка,DJ00025,0.0,0.10100769
2025-07,БІ,DJ00025,4.0,3.8958967
2025-08,БІ,DJ00025,4.0,5.410734
2025-09,БІ,DJ00025,6.0,6.0815244
2025-10,БІ,DJ00025,8.0,7.55105
2025-11,БІ,DJ00025,6.0,8.608622
2025-12,БІ,DJ00025,16.0,21.430782
2026-01,БІ,DJ00025,12.0,10.9631605
2026-02,БІ,DJ00025,6.0,4.542712
2025-07,МайПлей,DJ00025,0.0,0.96607244
2025-08,МайПлей,DJ00025,2.0,0.54367584
2025-09,МайПлей,DJ00025,4.0,0.7616167
2025-10,МайПлей,DJ00025,0.0,1.1595277
2025-11,МайПлей,DJ00025,0.0,0.8971922
2025-12,МайПлей,DJ00025,3.0,2.624432
2026-01,МайПлей,DJ00025,0.0,0.72968566
2026-02,МайПлей,DJ00025,0.0,0.09433592
2025-07,Акварель,DJ00026,8.0,5.129385
2025-08,Акварель,DJ00026,4.0,5.733443
2025-09,Акварель,DJ00026,6.0,5.325873
2025-10,Акварель,DJ00026,3.0,7.321814
2025-11,Акварель,DJ00026,9.0,7.5314374
2025-12,Акварель,DJ00026,12.0,17.887346
2026-01,Акварель,DJ00026,5.0,3.040766
2026-02,Акварель,DJ00026,3.0,2.3681097
2025-07,БІ,DJ00026,10.0,15.744563
2025-08,БІ,DJ00026,7.0,13.718024
2025-09,БІ,DJ00026,11.0,12.86929
2025-10,БІ,DJ00026,20.0,16.342787
2025-11,БІ,DJ00026,24.0,21.262924
2025-12,БІ,DJ00026,67.0,70.39962
2026-01,БІ,DJ00026,20.0,7.5093026
2026-02,БІ,DJ00026,14.0,5.899536
2025-07,МайПлей,DJ00026,1.0,1.1905439
2025-08,МайПлей,DJ00026,2.0,1.0283972
2025-09,МайПлей,DJ00026,0.0,1.0484958
2025-10,МайПлей,DJ00026,2.0,1.7046461
2025-11,МайПлей,DJ00026,1.0,2.7362008
2025-12,МайПлей,DJ00026,5.0,6.0095005
2026-01,МайПлей,DJ00026,2.0,2.0372863
2026-02,МайПлей,DJ00026,1.0,0.7445378
2025-07,Акварель,DJ00061,3.0,3.024924
2025-08,Акварель,DJ00061,2.0,3.3850837
2025-09,Акварель,DJ00061,2.0,2.819503
2025-10,Акварель,DJ00061,6.0,3.2014048
2025-11,Акварель,DJ00061,1.0,4.040363
2025-12,Акварель,DJ00061,4.0,5.397973
2026-01,Акварель,DJ00061,1.0,2.0394704
2026-02,Акварель,DJ00061,2.0,1.2464256
2025-07,Антошка,DJ00061,2.0,2.2612383
2025-08,Антошка,DJ00061,2.0,2.4886153
2025-09,Антошка,DJ00061,4.0,2.3668973
2025-10,Антошка,DJ00061,2.0,2.8994992
2025-11,Антошка,DJ00061,2.0,2.469605
2025-12,Антошка,DJ00061,8.0,4.5905695
2026-01,Антошка,DJ00061,2.0,0.97644824
2026-02,Антошка,DJ00061,1.0,1.1045746
2025-07,БІ,DJ00061,6.0,3.192934
2025-08,БІ,DJ00061,3.0,5.762947
2025-09,БІ,DJ00061,1.0,5.0341163
2025-10,БІ,DJ00061,5.0,4.6112103
2025-11,БІ,DJ00061,2.0,4.5475206
2025-12,БІ,DJ00061,8.0,8.0612955
2026-01,БІ,DJ00061,9.0,1.4438704
2026-02,БІ,DJ00061,3.0,1.4735796
2025-07,Акварель,DJ01258,1.0,1.0017463
2025-08,Акварель,DJ01258,1.0,1.2088532
2025-09,Акварель,DJ01258,0.0,0.0
2025-10,Акварель,DJ01258,0.0,0.0
2025-11,Акварель,DJ01258,0.0,0.0
2025-12,Акварель,DJ01258,2.0,1.0885754
2026-01,Акварель,DJ01258,0.0,0.0
2026-02,Акварель,DJ01258,0.0,0.0
2025-07,ІМ-МауДау,DJ01482,0.0,0.2548043
2025-08,ІМ-МауДау,DJ01482,0.0,0.25761756
2025-09,ІМ-МауДау,DJ01482,1.0,0.11065706
2025-10,ІМ-МауДау,DJ01482,0.0,0.23257871
2025-11,ІМ-МауДау,DJ01482,4.0,0.8887797
2025-12,ІМ-МауДау,DJ01482,1.0,2.9871867
2026-01,ІМ-МауДау,DJ01482,0.0,0.106980845
2026-02,ІМ-МауДау,DJ01482,0.0,0.13966343
2025-07,Антошка,DJ01482,1.0,0.9671859
2025-08,Антошка,DJ01482,4.0,0.6759079
2025-09,Антошка,DJ01482,2.0,0.71682906
2025-10,Антошка,DJ01482,1.0,0.9205593
2025-11,Антошка,DJ01482,3.0,0.41127732
2025-12,Антошка,DJ01482,0.0,0.0
2026-01,Антошка,DJ01482,0.0,0.0
2026-02,Антошка,DJ01482,0.0,0.0
2025-07,БІ,DJ01482,0.0,0.17799753
2025-08,БІ,DJ01482,0.0,0.13217044
2025-09,БІ,DJ01482,0.0,0.02617627
2025-10,БІ,DJ01482,0.0,0.15492225
2025-11,БІ,DJ01482,0.0,0.17647922
2025-12,БІ,DJ01482,0.0,0.0
2026-01,БІ,DJ01482,0.0,0.0
2026-02,БІ,DJ01482,0.0,0.0
2025-07,МайПлей,DJ01482,0.0,0.5540655
2025-08,МайПлей,DJ01482,0.0,0.5404253
2025-09,МайПлей,DJ01482,0.0,0.397941
2025-10,МайПлей,DJ01482,0.0,0.41149047
2025-11,МайПлей,DJ01482,2.0,0.42596933
2025-12,МайПлей,DJ01482,1.0,2.2465236
2026-01,МайПлей,DJ01482,0.0,0.0
2026-02,МайПлей,DJ01482,1.0,0.69755
2025-07,ІМ-Розетка,DJ01612,1.0,1.3554766
2025-08,ІМ-Розетка,DJ01612,0.0,0.6489495
2025-09,ІМ-Розетка,DJ01612,1.0,0.85104895
2025-10,ІМ-Розетка,DJ01612,0.0,0.40969202
2025-11,ІМ-Розетка,DJ01612,1.0,0.45302212
2025-12,ІМ-Розетка,DJ01612,1.0,0.75447273
2026-01,ІМ-Розетка,DJ01612,0.0,0.36251277
2026-02,ІМ-Розетка,DJ01612,0.0,0.101672865
2025-07,БІ,DJ01612,1.0,6.234463
2025-08,БІ,DJ01612,7.0,8.207955
2025-09,БІ,DJ01612,10.0,5.988164
2025-10,БІ,DJ01612,15.0,10.315129
2025-11,БІ,DJ01612,23.0,14.72093
2025-12,БІ,DJ01612,38.0,24.023937
2026-01,БІ,DJ01612,15.0,4.2510414
2026-02,БІ,DJ01612,9.0,4.103935
2025-07,МайПлей,DJ01612,1.0,0.46047598
2025-08,МайПлей,DJ01612,0.0,0.5842032
2025-09,МайПлей,DJ01612,1.0,0.5430849
2025-10,МайПлей,DJ01612,1.0,0.6469825
2025-11,МайПлей,DJ01612,0.0,0.6817195
2025-12,МайПлей,DJ01612,3.0,1.4442848
2026-01,МайПлей,DJ01612,0.0,0.28712615
2026-02,МайПлей,DJ01612,1.0,0.095595255
2025-07,Озерова ФОП,DJ01612,0.0,0.0
2025-08,Озерова ФОП,DJ01612,0.0,0.0
2025-09,Озерова ФОП,DJ01612,0.0,0.0
2025-10,Озерова ФОП,DJ01612,1.0,1.3517715
2025-11,Озерова ФОП,DJ01612,0.0,0.0
2025-12,Озерова ФОП,DJ01612,3.0,2.1728435
2026-01,Озерова ФОП,DJ01612,0.0,0.0
2026-02,Озерова ФОП,DJ01612,0.0,0.0
2025-07,СмартТойс,DJ01612,0.0,0.0
2025-08,СмартТойс,DJ01612,0.0,0.0
2025-09,СмартТойс,DJ01612,3.0,2.5839558
2025-10,СмартТойс,DJ01612,2.0,2.4226818
2025-11,СмартТойс,DJ01612,4.0,2.8508697
2025-12,СмартТойс,DJ01612,3.0,4.1230617
2026-01,СмартТойс,DJ01612,0.0,0.0
2026-02,СмартТойс,DJ01612,0.0,0.0
2025-07,Супрун ФОП,DJ01612,0.0,0.0
2025-08,Супрун ФОП,DJ01612,1.0,1.1469827
2025-09,Супрун ФОП,DJ01612,7.0,1.3270278
2025-10,Супрун ФОП,DJ01612,0.0,0.0
2025-11,Супрун ФОП,DJ01612,2.0,2.8136818
2025-12,Супрун ФОП,DJ01612,0.0,0.0
2026-01,Супрун ФОП,DJ01612,0.0,0.0
2026-02,Супрун ФОП,DJ01612,0.0,0.0
2025-07,ІМ-Розетка,DJ01663,0.0,0.0
2025-08,ІМ-Розетка,DJ01663,0.0,0.0
2025-09,ІМ-Розетка,DJ01663,0.0,0.0
2025-10,ІМ-Розетка,DJ01663,0.0,0.0
2025-11,ІМ-Розетка,DJ01663,0.0,0.0
2025-12,ІМ-Розетка,DJ01663,0.0,0.13262528
2026-01,ІМ-Розетка,DJ01663,0.0,0.019078858
2026-02,ІМ-Розетка,DJ01663,0.0,0.09913889
2025-07,СмартТойс,DJ01666,1.0,1.4642415
2025-08,СмартТойс,DJ01666,0.0,0.0
2025-09,СмартТойс,DJ01666,0.0,0.0
2025-10,СмартТойс,DJ01666,0.0,0.0
2025-11,СмартТойс,DJ01666,0.0,0.0
2025-12,СмартТойс,DJ01666,0.0,0.0
2026-01,СмартТойс,DJ01666,0.0,0.0
2026-02,СмартТойс,DJ01666,0.0,0.0
2025-07,ІМ-Розетка,DJ01669,3.0,0.721504
2025-08,ІМ-Розетка,DJ01669,0.0,0.7692282
2025-09,ІМ-Розетка,DJ01669,0.0,0.41299933
2025-10,ІМ-Розетка,DJ01669,0.0,0.0
2025-11,ІМ-Розетка,DJ01669,0.0,0.0
2025-12,ІМ-Розетка,DJ01669,0.0,0.43661994
2026-01,ІМ-Розетка,DJ01669,0.0,0.0183693
2026-02,ІМ-Розетка,DJ01669,0.0,0.09484529
2025-07,Акварель,DJ01693,0.0,0.43184814
2025-08,Акварель,DJ01693,0.0,0.25169748
2025-09,Акварель,DJ01693,1.0,0.26737887
2025-10,Акварель,DJ01693,1.0,0.35963994
2025-11,Акварель,DJ01693,1.0,0.3929511
2025-12,Акварель,DJ01693,0.0,1.0744805
2026-01,Акварель,DJ01693,2.0,0.037111357
2026-02,Акварель,DJ01693,0.0,0.25540265
2025-07,Антошка,DJ01693,0.0,0.0
2025-08,Антошка,DJ01693,1.0,0.8291324
2025-09,Антошка,DJ01693,0.0,0.0
2025-10,Антошка,DJ01693,1.0,0.84211016
2025-11,Антошка,DJ01693,1.0,0.93715113
2025-12,Антошка,DJ01693,1.0,1.6031299
2026-01,Антошка,DJ01693,0.0,0.0
2026-02,Антошка,DJ01693,0.0,0.0
2025-07,ІМ-МауДау,DJ01698,0.0,0.43576705
2025-08,ІМ-МауДау,DJ01698,0.0,0.26414272
2025-09,ІМ-МауДау,DJ01698,0.0,0.4657051
2025-10,ІМ-МауДау,DJ01698,0.0,0.39977616
2025-11,ІМ-МауДау,DJ01698,2.0,0.582501
2025-12,ІМ-МауДау,DJ01698,3.0,2.02226
2026-01,ІМ-МауДау,DJ01698,3.0,1.8807546
2026-02,ІМ-МауДау,DJ01698,0.0,0.39168635
2025-07,ІМ-Розетка,DJ01698,0.0,0.95327234
2025-08,ІМ-Розетка,DJ01698,0.0,0.48519832
2025-09,ІМ-Розетка,DJ01698,0.0,0.46885407
2025-10,ІМ-Розетка,DJ01698,2.0,0.4468138
2025-11,ІМ-Розетка,DJ01698,2.0,1.3542353
2025-12,ІМ-Розетка,DJ01698,4.0,1.9127784
2026-01,ІМ-Розетка,DJ01698,1.0,1.15807
2026-02,ІМ-Розетка,DJ01698,1.0,1.1144547
2025-07,Акварель,DJ01698,1.0,1.4694897
2025-08,Акварель,DJ01698,1.0,1.9292974
2025-09,Акварель,DJ01698,0.0,1.4851124
2025-10,Акварель,DJ01698,0.0,1.1446168
2025-11,Акварель,DJ01698,1.0,1.5213221
2025-12,Акварель,DJ01698,9.0,2.2079413
2026-01,Акварель,DJ01698,1.0,1.5750545
2026-02,Акварель,DJ01698,3.0,1.4639723
2025-07,Антошка,DJ01698,1.0,0.7509343
2025-08,Антошка,DJ01698,2.0,1.0590051
2025-09,Антошка,DJ01698,2.0,1.490248
2025-10,Антошка,DJ01698,1.0,1.929465
2025-11,Антошка,DJ01698,2.0,1.7067473
2025-12,Антошка,DJ01698,4.0,2.933706
2026-01,Антошка,DJ01698,4.0,1.3010579
2026-02,Антошка,DJ01698,0.0,0.0
2025-07,БІ,DJ01698,2.0,2.1833792
2025-08,БІ,DJ01698,4.0,2.4677584
2025-09,БІ,DJ01698,1.0,1.8711497
2025-10,БІ,DJ01698,0.0,2.1810148
2025-11,БІ,DJ01698,1.0,2.0150943
2025-12,БІ,DJ01698,0.0,4.615247
2026-01,БІ,DJ01698,3.0,0.8834119
2026-02,БІ,DJ01698,1.0,1.3679786
2025-07,МайПлей,DJ01698,0.0,0.42063075
2025-08,МайПлей,DJ01698,0.0,0.44036773
2025-09,МайПлей,DJ01698,0.0,0.49594215
2025-10,МайПлей,DJ01698,3.0,0.45447084
2025-11,МайПлей,DJ01698,2.0,1.1315448
2025-12,МайПлей,DJ01698,3.0,2.190654
2026-01,МайПлей,DJ01698,0.0,0.0
2026-02,МайПлей,DJ01698,0.0,0.0
2025-07,Мегамаркет,DJ01698,0.0,0.5728771
2025-08,Мегамаркет,DJ01698,1.0,0.35843897
2025-09,Мегамаркет,DJ01698,0.0,0.54481584
2025-10,Мегамаркет,DJ01698,0.0,0.3541051
2025-11,Мегамаркет,DJ01698,0.0,0.3735703
2025-12,Мегамаркет,DJ01698,0.0,0.23870163
2026-01,Мегамаркет,DJ01698,0.0,0.99968815
2026-02,Мегамаркет,DJ01698,1.0,0.091954626
2025-07,Акварель,DJ02077,1.0,0.8818072
2025-08,Акварель,DJ02077,0.0,0.0
2025-09,Акварель,DJ02077,0.0,0.0
2025-10,Акварель,DJ02077,0.0,0.0
2025-11,Акварель,DJ02077,0.0,0.0
2025-12,Акварель,DJ02077,1.0,1.421823
2026-01,Акварель,DJ02077,0.0,0.0
2026-02,Акварель,DJ02077,0.0,0.0
2025-07,Акварель,DJ02079,2.0,0.7320245
2025-08,Акварель,DJ02079,0.0,0.0
2025-09,Акварель,DJ02079,0.0,0.0
2025-10,Акварель,DJ02079,0.0,0.0
2025-11,Акварель,DJ02079,0.0,0.0
2025-12,Акварель,DJ02079,0.0,0.0
2026-01,Акварель,DJ02079,0.0,0.0
2026-02,Акварель,DJ02079,0.0,0.0
2025-07,Акварель,DJ02091,0.0,0.0
2025-08,Акварель,DJ02091,0.0,0.0
2025-09,Акварель,DJ02091,0.0,0.0
2025-10,Акварель,DJ02091,1.0,1.3494502
2025-11,Акварель,DJ02091,0.0,0.0
2025-12,Акварель,DJ02091,3.0,1.6436292
2026-01,Акварель,DJ02091,0.0,0.0
2026-02,Акварель,DJ02091,0.0,0.0
2025-07,Акварель,DJ02093,2.0,1.3136933
2025-08,Акварель,DJ02093,0.0,0.0
2025-09,Акварель,DJ02093,0.0,0.0
2025-10,Акварель,DJ02093,2.0,1.0390847
2025-11,Акварель,DJ02093,0.0,0.0
2025-12,Акварель,DJ02093,1.0,1.5265566
2026-01,Акварель,DJ02093,0.0,0.0
2026-02,Акварель,DJ02093,0.0,0.0
2025-07,Акварель,DJ02095,0.0,0.0
2025-08,Акварель,DJ02095,0.0,0.0
2025-09,Акварель,DJ02095,0.0,0.0
2025-10,Акварель,DJ02095,1.0,1.2848734
2025-11,Акварель,DJ02095,0.0,0.0
2025-12,Акварель,DJ02095,1.0,1.6237693
2026-01,Акварель,DJ02095,0.0,0.0
2026-02,Акварель,DJ02095,0.0,0.0
2025-07,Акварель,DJ02096,2.0,1.0367563
2025-08,Акварель,DJ02096,0.0,0.0
2025-09,Акварель,DJ02096,0.0,0.0
2025-10,Акварель,DJ02096,1.0,1.3035482
2025-11,Акварель,DJ02096,0.0,0.0
2025-12,Акварель,DJ02096,0.0,0.0
2026-01,Акварель,DJ02096,0.0,0.0
2026-02,Акварель,DJ02096,0.0,0.0
2025-07,Акварель,DJ03085,2.0,1.2607251
2025-08,Акварель,DJ03085,2.0,2.3290007
2025-09,Акварель,DJ03085,3.0,2.5522327
2025-10,Акварель,DJ03085,0.0,2.4054432
2025-11,Акварель,DJ03085,5.0,1.7726481
2025-12,Акварель,DJ03085,7.0,4.4345336
2026-01,Акварель,DJ03085,3.0,1.5198722
2026-02,Акварель,DJ03085,2.0,1.4788088
2025-07,БІ,DJ03085,18.0,15.795459
2025-08,БІ,DJ03085,21.0,16.84789
2025-09,БІ,DJ03085,16.0,17.840767
2025-10,БІ,DJ03085,20.0,11.914137
2025-11,БІ,DJ03085,8.0,14.314006
2025-12,БІ,DJ03085,13.0,28.532328
2026-01,БІ,DJ03085,10.0,4.321202
2026-02,БІ,DJ03085,2.0,3.7991433
2025-07,МайПлей,DJ03085,0.0,0.78533137
2025-08,МайПлей,DJ03085,2.0,0.5418093
2025-09,МайПлей,DJ03085,0.0,0.9522868
2025-10,МайПлей,DJ03085,1.0,0.6599991
2025-11,МайПлей,DJ03085,0.0,0.8565336
2025-12,МайПлей,DJ03085,5.0,1.3519869
2026-01,МайПлей,DJ03085,1.0,1.0624602
2026-02,МайПлей,DJ03085,2.0,0.8848394
2025-07,ІМ-МауДау,DJ03086,0.0,0.15607622
2025-08,ІМ-МауДау,DJ03086,1.0,1.1358207
2025-09,ІМ-МауДау,DJ03086,1.0,1.3632556
2025-10,ІМ-МауДау,DJ03086,1.0,0.79655594
2025-11,ІМ-МауДау,DJ03086,4.0,1.7984539
2025-12,ІМ-МауДау,DJ03086,2.0,1.0754225
2026-01,ІМ-МауДау,DJ03086,0.0,0.38527122
2026-02,ІМ-МауДау,DJ03086,0.0,0.07883185
2025-07,ІМ-Розетка,DJ03086,0.0,1.6179935
2025-08,ІМ-Розетка,DJ03086,1.0,0.5608239
2025-09,ІМ-Розетка,DJ03086,0.0,1.3854148
2025-10,ІМ-Розетка,DJ03086,2.0,0.63627064
2025-11,ІМ-Розетка,DJ03086,2.0,2.2407846
2025-12,ІМ-Розетка,DJ03086,0.0,0.0
2026-01,ІМ-Розетка,DJ03086,0.0,0.0
2026-02,ІМ-Розетка,DJ03086,0.0,0.0
2025-07,Акварель,DJ03086,1.0,2.6767485
2025-08,Акварель,DJ03086,5.0,2.6146555
2025-09,Акварель,DJ03086,3.0,3.2928922
2025-10,Акварель,DJ03086,1.0,3.2057607
2025-11,Акварель,DJ03086,4.0,2.7462275
2025-12,Акварель,DJ03086,4.0,5.9552608
2026-01,Акварель,DJ03086,6.0,1.422148
2026-02,Акварель,DJ03086,0.0,0.0
2025-07,БІ,DJ03086,9.0,10.750566
2025-08,БІ,DJ03086,9.0,8.960153
2025-09,БІ,DJ03086,8.0,8.304351
2025-10,БІ,DJ03086,11.0,7.125791
2025-11,БІ,DJ03086,1.0,8.982523
2025-12,БІ,DJ03086,6.0,10.6074915
2026-01,БІ,DJ03086,2.0,2.7540889
2026-02,БІ,DJ03086,0.0,0.0
2025-07,Віват Канцелярія,DJ03086,0.0,0.44645074
2025-08,Віват Канцелярія,DJ03086,1.0,0.44648403
2025-09,Віват Канцелярія,DJ03086,0.0,0.7091438
2025-10,Віват Канцелярія,DJ03086,0.0,0.5727195
2025-11,Віват Канцелярія,DJ03086,0.0,0.0
2025-12,Віват Канцелярія,DJ03086,3.0,0.96786857
2026-01,Віват Канцелярія,DJ03086,1.0,1.0244315
2026-02,Віват Канцелярія,DJ03086,0.0,0.0
2025-07,МайПлей,DJ03086,5.0,0.7473051
2025-08,МайПлей,DJ03086,0.0,1.9237609
2025-09,МайПлей,DJ03086,2.0,1.2756647
2025-10,МайПлей,DJ03086,2.0,1.8259062
2025-11,МайПлей,DJ03086,1.0,2.102153
2025-12,МайПлей,DJ03086,5.0,3.743225
2026-01,МайПлей,DJ03086,0.0,0.0
2026-02,МайПлей,DJ03086,0.0,0.0
2025-07,Супрун ФОП,DJ03086,0.0,0.0
2025-08,Супрун ФОП,DJ03086,1.0,2.0947325
2025-09,Супрун ФОП,DJ03086,12.0,2.048926
2025-10,Супрун ФОП,DJ03086,0.0,0.0
2025-11,Супрун ФОП,DJ03086,0.0,0.0
2025-12,Супрун ФОП,DJ03086,0.0,0.0
2026-01,Супрун ФОП,DJ03086,0.0,0.0
2026-02,Супрун ФОП,DJ03086,0.0,0.0
2025-07,ІМ-Розетка,DJ03087,4.0,1.0822644
2025-08,ІМ-Розетка,DJ03087,1.0,2.4131076
2025-09,ІМ-Розетка,DJ03087,1.0,2.5762553
2025-10,ІМ-Розетка,DJ03087,2.0,1.6455173
2025-11,ІМ-Розетка,DJ03087,2.0,1.8062171
2025-12,ІМ-Розетка,DJ03087,5.0,3.450064
2026-01,ІМ-Розетка,DJ03087,1.0,1.7224126
2026-02,ІМ-Розетка,DJ03087,1.0,1.0613782
2025-07,Акварель,DJ03087,2.0,1.0338408
2025-08,Акварель,DJ03087,1.0,1.6539919
2025-09,Акварель,DJ03087,0.0,1.7233588
2025-10,Акварель,DJ03087,1.0,1.1461841
2025-11,Акварель,DJ03087,0.0,1.493794
2025-12,Акварель,DJ03087,4.0,1.8180807
2026-01,Акварель,DJ03087,2.0,0.9292531
2026-02,Акварель,DJ03087,1.0,0.85549194
2025-07,БІ,DJ03087,5.0,2.2577395
2025-08,БІ,DJ03087,0.0,3.4327743
2025-09,БІ,DJ03087,1.0,2.3674834
2025-10,БІ,DJ03087,3.0,2.7283213
2025-11,БІ,DJ03087,2.0,2.704174
2025-12,БІ,DJ03087,2.0,5.2452445
2026-01,БІ,DJ03087,1.0,1.3181516
2026-02,БІ,DJ03087,1.0,1.074594
2025-07,МайПлей,DJ03087,1.0,0.44738865
2025-08,МайПлей,DJ03087,1.0,0.68576425
2025-09,МайПлей,DJ03087,4.0,0.6881085
2025-10,МайПлей,DJ03087,1.0,1.7237957
2025-11,МайПлей,DJ03087,0.0,1.2002345
2025-12,МайПлей,DJ03087,3.0,2.3584113
2026-01,МайПлей,DJ03087,0.0,0.0
2026-02,МайПлей,DJ03087,1.0,0.6669641
2025-07,Супрун ФОП,DJ03087,0.0,0.014028727
2025-08,Супрун ФОП,DJ03087,1.0,1.4209387
2025-09,Супрун ФОП,DJ03087,8.0,1.359965
2025-10,Супрун ФОП,DJ03087,0.0,0.0
2025-11,Супрун ФОП,DJ03087,1.0,2.48356
2025-12,Супрун ФОП,DJ03087,1.0,3.3629313
2026-01,Супрун ФОП,DJ03087,0.0,0.0
2026-02,Супрун ФОП,DJ03087,0.0,0.0
2025-07,Акварель,DJ04781,1.0,1.203105
2025-08,Акварель,DJ04781,0.0,0.0
2025-09,Акварель,DJ04781,1.0,1.3552148
2025-10,Акварель,DJ04781,0.0,0.0
2025-11,Акварель,DJ04781,0.0,0.0
2025-12,Акварель,DJ04781,0.0,0.0
2026-01,Акварель,DJ04781,0.0,0.0
2026-02,Акварель,DJ04781,0.0,0.0
2025-07,Акварель,DJ04785,1.0,1.234487
2025-08,Акварель,DJ04785,1.0,1.5656451
2025-09,Акварель,DJ04785,1.0,1.4423403
2025-10,Акварель,DJ04785,0.0,0.0
2025-11,Акварель,DJ04785,2.0,0.9441835
2025-12,Акварель,DJ04785,0.0,0.0
2026-01,Акварель,DJ04785,0.0,0.0
2026-02,Акварель,DJ04785,0.0,0.0
2025-07,ІМ-Розетка,DJ05092,0.0,0.89741516
2025-08,ІМ-Розетка,DJ05092,0.0,0.45905057
2025-09,ІМ-Розетка,DJ05092,0.0,0.77568054
2025-10,ІМ-Розетка,DJ05092,0.0,0.48107946
2025-11,ІМ-Розетка,DJ05092,1.0,0.46526554
2025-12,ІМ-Розетка,DJ05092,0.0,1.5222846
2026-01,ІМ-Розетка,DJ05092,0.0,0.19209889
2026-02,ІМ-Розетка,DJ05092,1.0,0.22784525
2025-07,БІ,DJ05092,11.0,11.047808
2025-08,БІ,DJ05092,7.0,9.366993
2025-09,БІ,DJ05092,7.0,7.5807614
2025-10,БІ,DJ05092,21.0,9.653812
2025-11,БІ,DJ05092,11.0,12.509858
2025-12,БІ,DJ05092,15.0,16.980423
2026-01,БІ,DJ05092,6.0,4.029605
2026-02,БІ,DJ05092,5.0,3.25064
2025-07,МайПлей,DJ05092,1.0,0.45161128
2025-08,МайПлей,DJ05092,1.0,0.5632533
2025-09,МайПлей,DJ05092,0.0,0.55115885
2025-10,МайПлей,DJ05092,3.0,0.5583425
2025-11,МайПлей,DJ05092,0.0,1.1436973
2025-12,МайПлей,DJ05092,0.0,1.6203923
2026-01,МайПлей,DJ05092,1.0,0.7761135
2026-02,МайПлей,DJ05092,2.0,1.0169754
2025-07,Акварель,DJ05095,1.0,1.2801688
2025-08,Акварель,DJ05095,2.0,1.5753626
2025-09,Акварель,DJ05095,0.0,0.0
2025-10,Акварель,DJ05095,3.0,1.3163643
2025-11,Акварель,DJ05095,0.0,0.0
2025-12,Акварель,DJ05095,0.0,0.0
2026-01,Акварель,DJ05095,0.0,0.0
2026-02,Акварель,DJ05095,0.0,0.0
2025-07,ІМ-Розетка,DJ05096,4.0,1.9962354
2025-08,ІМ-Розетка,DJ05096,3.0,3.0319135
2025-09,ІМ-Розетка,DJ05096,1.0,2.9772599
2025-10,ІМ-Розетка,DJ05096,4.0,1.181601
2025-11,ІМ-Розетка,DJ05096,1.0,2.276805
2025-12,ІМ-Розетка,DJ05096,1.0,1.7260134
2026-01,ІМ-Розетка,DJ05096,2.0,2.4066117
2026-02,ІМ-Розетка,DJ05096,2.0,1.185282
2025-07,Акварель,DJ05096,3.0,2.132479
2025-08,Акварель,DJ05096,2.0,2.6869776
2025-09,Акварель,DJ05096,2.0,2.2353277
2025-10,Акварель,DJ05096,6.0,2.8816688
2025-11,Акварель,DJ05096,8.0,4.406217
2025-12,Акварель,DJ05096,15.0,9.839719
2026-01,Акварель,DJ05096,5.0,7.0024157
2026-02,Акварель,DJ05096,4.0,3.4823163
2025-07,Антошка,DJ05096,2.0,4.080262
2025-08,Антошка,DJ05096,6.0,3.891582
2025-09,Антошка,DJ05096,7.0,4.3655567
2025-10,Антошка,DJ05096,11.0,6.0771947
2025-11,Антошка,DJ05096,5.0,5.868102
2025-12,Антошка,DJ05096,10.0,10.955082
2026-01,Антошка,DJ05096,6.0,2.930861
2026-02,Антошка,DJ05096,0.0,0.0
2025-07,БІ,DJ05096,0.0,0.92041314
2025-08,БІ,DJ05096,0.0,1.0781635
2025-09,БІ,DJ05096,0.0,0.93143207
2025-10,БІ,DJ05096,0.0,0.98339045
2025-11,БІ,DJ05096,1.0,0.91932684
2025-12,БІ,DJ05096,6.0,2.594653
2026-01,БІ,DJ05096,11.0,6.429594
2026-02,БІ,DJ05096,7.0,2.277591
2025-07,МайПлей,DJ05096,0.0,0.5856981
2025-08,МайПлей,DJ05096,3.0,0.59312505
2025-09,МайПлей,DJ05096,0.0,1.0009997
2025-10,МайПлей,DJ05096,7.0,1.6762854
2025-11,МайПлей,DJ05096,3.0,3.9780622
2025-12,МайПлей,DJ05096,7.0,8.687864
2026-01,МайПлей,DJ05096,4.0,3.3509912
2026-02,МайПлей,DJ05096,2.0,2.0624545
2025-07,СмартТойс,DJ05096,1.0,4.0091863
2025-08,СмартТойс,DJ05096,15.0,1.3741106
2025-09,СмартТойс,DJ05096,5.0,5.478835
2025-10,СмартТойс,DJ05096,14.0,4.2410975
2025-11,СмартТойс,DJ05096,9.0,9.316845
2025-12,СмартТойс,DJ05096,2.0,10.90095
2026-01,СмартТойс,DJ05096,1.0,4.0456734
2026-02,СмартТойс,DJ05096,0.0,0.0
2025-07,ІМ-Розетка,DJ05098,9.0,3.0212011
2025-08,ІМ-Розетка,DJ05098,2.0,5.4448795
2025-09,ІМ-Розетка,DJ05098,0.0,2.5013766
2025-10,ІМ-Розетка,DJ05098,5.0,2.188068
2025-11,ІМ-Розетка,DJ05098,7.0,4.001003
2025-12,ІМ-Розетка,DJ05098,2.0,3.977808
2026-01,ІМ-Розетка,DJ05098,0.0,0.0
2026-02,ІМ-Розетка,DJ05098,0.0,0.0
2025-07,Акварель,DJ05098,1.0,0.98134774
2025-08,Акварель,DJ05098,4.0,1.2060497
2025-09,Акварель,DJ05098,1.0,1.7704667
2025-10,Акварель,DJ05098,3.0,1.8193896
2025-11,Акварель,DJ05098,3.0,2.2040453
2025-12,Акварель,DJ05098,6.0,4.886202
2026-01,Акварель,DJ05098,5.0,6.103522
2026-02,Акварель,DJ05098,2.0,2.6627626
2025-07,Антошка,DJ05098,0.0,1.0164194
2025-08,Антошка,DJ05098,4.0,0.9726932
2025-09,Антошка,DJ05098,0.0,1.633798
2025-10,Антошка,DJ05098,3.0,1.6902227
2025-11,Антошка,DJ05098,5.0,2.3805804
2025-12,Антошка,DJ05098,2.0,4.14677
2026-01,Антошка,DJ05098,3.0,1.8980813
2026-02,Антошка,DJ05098,0.0,0.0
2025-07,БІ,DJ05098,4.0,2.7098844
2025-08,БІ,DJ05098,1.0,3.5184672
2025-09,БІ,DJ05098,7.0,4.804697
2025-10,БІ,DJ05098,8.0,5.499154
2025-11,БІ,DJ05098,8.0,6.509881
2025-12,БІ,DJ05098,16.0,17.76989
2026-01,БІ,DJ05098,9.0,11.803287
2026-02,БІ,DJ05098,2.0,2.4894474
2025-07,МайПлей,DJ05098,1.0,0.6230417
2025-08,МайПлей,DJ05098,0.0,0.7207009
2025-09,МайПлей,DJ05098,0.0,0.6124506
2025-10,МайПлей,DJ05098,2.0,0.53174126
2025-11,МайПлей,DJ05098,1.0,1.3062804
2025-12,МайПлей,DJ05098,1.0,2.0710633
2026-01,МайПлей,DJ05098,1.0,1.0210501
2026-02,МайПлей,DJ05098,0.0,0.0
2025-07,Озерова ФОП,DJ05098,0.0,0.0
2025-08,Озерова ФОП,DJ05098,0.0,0.0
2025-09,Озерова ФОП,DJ05098,0.0,0.0
2025-10,Озерова ФОП,DJ05098,2.0,1.7979044
2025-11,Озерова ФОП,DJ05098,0.0,0.0
2025-12,Озерова ФОП,DJ05098,0.0,0.0
2026-01,Озерова ФОП,DJ05098,2.0,1.5164738
2026-02,Озерова ФОП,DJ05098,0.0,0.0
2025-07,СмартТойс,DJ05098,0.0,0.0
2025-08,СмартТойс,DJ05098,1.0,1.1111588
2025-09,СмартТойс,DJ05098,0.0,0.0
2025-10,СмартТойс,DJ05098,3.0,1.2150171
2025-11,СмартТойс,DJ05098,5.0,1.473533
2025-12,СмартТойс,DJ05098,0.0,0.0
2026-01,СмартТойс,DJ05098,0.0,0.0
2026-02,СмартТойс,DJ05098,0.0,0.0
2025-07,Супрун ФОП,DJ05098,0.0,0.0
2025-08,Супрун ФОП,DJ05098,2.0,1.6101111
2025-09,Супрун ФОП,DJ05098,16.0,1.4418393
2025-10,Супрун ФОП,DJ05098,0.0,0.0
2025-11,Супрун ФОП,DJ05098,0.0,0.0
2025-12,Супрун ФОП,DJ05098,1.0,7.73179
2026-01,Супрун ФОП,DJ05098,0.0,0.0
2026-02,Супрун ФОП,DJ05098,0.0,0.0
2025-07,Акварель,DJ05099,1.0,1.2782677
2025-08,Акварель,DJ05099,1.0,1.5857491
2025-09,Акварель,DJ05099,1.0,1.3212787
2025-10,Акварель,DJ05099,2.0,1.3155788
2025-11,Акварель,DJ05099,0.0,0.0
2025-12,Акварель,DJ05099,1.0,1.8836315
2026-01,Акварель,DJ05099,0.0,0.0
2026-02,Акварель,DJ05099,1.0,0.7886713
2025-07,Акварель,DJ05101,1.0,0.9843685
2025-08,Акварель,DJ05101,0.0,0.0
2025-09,Акварель,DJ05101,1.0,1.4087787
2025-10,Акварель,DJ05101,0.0,0.0
2025-11,Акварель,DJ05101,2.0,1.2967849
2025-12,Акварель,DJ05101,0.0,0.0
2026-01,Акварель,DJ05101,1.0,0.771296
2026-02,Акварель,DJ05101,0.0,0.0
2025-07,ІМ-Розетка,DJ05104,0.0,1.272072
2025-08,ІМ-Розетка,DJ05104,1.0,0.10151071
2025-09,ІМ-Розетка,DJ05104,0.0,0.43596295
2025-10,ІМ-Розетка,DJ05104,3.0,2.4330344
2025-11,ІМ-Розетка,DJ05104,0.0,0.0
2025-12,ІМ-Розетка,DJ05104,0.0,0.7061818
2026-01,ІМ-Розетка,DJ05104,2.0,1.2559944
2026-02,ІМ-Розетка,DJ05104,0.0,0.0
2025-07,Акварель,DJ05104,1.0,1.81718
2025-08,Акварель,DJ05104,1.0,1.6799822
2025-09,Акварель,DJ05104,1.0,1.8968633
2025-10,Акварель,DJ05104,5.0,1.6305068
2025-11,Акварель,DJ05104,0.0,0.0
2025-12,Акварель,DJ05104,1.0,2.162395
2026-01,Акварель,DJ05104,1.0,1.1117915
2026-02,Акварель,DJ05104,4.0,1.1787562
2025-07,БІ,DJ05104,5.0,5.274938
2025-08,БІ,DJ05104,6.0,6.066918
2025-09,БІ,DJ05104,6.0,6.881568
2025-10,БІ,DJ05104,8.0,6.4625864
2025-11,БІ,DJ05104,8.0,7.7020674
2025-12,БІ,DJ05104,13.0,16.076067
2026-01,БІ,DJ05104,10.0,13.130656
2026-02,БІ,DJ05104,7.0,7.05402
2025-07,Віват Канцелярія,DJ05104,1.0,0.2580181
2025-08,Віват Канцелярія,DJ05104,2.0,0.6529447
2025-09,Віват Канцелярія,DJ05104,1.0,0.70929575
2025-10,Віват Канцелярія,DJ05104,1.0,0.73265195
2025-11,Віват Канцелярія,DJ05104,0.0,0.0
2025-12,Віват Канцелярія,DJ05104,0.0,1.0086255
2026-01,Віват Канцелярія,DJ05104,0.0,0.020535149
2026-02,Віват Канцелярія,DJ05104,0.0,0.0
2025-07,МайПлей,DJ05104,0.0,0.6494822
2025-08,МайПлей,DJ05104,0.0,0.4684805
2025-09,МайПлей,DJ05104,0.0,0.59083796
2025-10,МайПлей,DJ05104,3.0,0.428886
2025-11,МайПлей,DJ05104,2.0,1.4779968
2025-12,МайПлей,DJ05104,2.0,1.6479396
2026-01,МайПлей,DJ05104,2.0,1.3942565
2026-02,МайПлей,DJ05104,1.0,1.1650953
2025-07,СмартТойс,DJ05104,0.0,0.0
2025-08,СмартТойс,DJ05104,0.0,0.0
2025-09,СмартТойс,DJ05104,0.0,0.0
2025-10,СмартТойс,DJ05104,0.0,0.0
2025-11,СмартТойс,DJ05104,0.0,0.0
2025-12,СмартТойс,DJ05104,0.0,0.0
2026-01,СмартТойс,DJ05104,0.0,0.0
2026-02,СмартТойс,DJ05104,0.0,0.0
2025-07,ІМ-Розетка,DJ05108,2.0,3.3472424
2025-08,ІМ-Розетка,DJ05108,1.0,2.7022185
2025-09,ІМ-Розетка,DJ05108,0.0,2.4904315
2025-10,ІМ-Розетка,DJ05108,1.0,0.120545715
2025-11,ІМ-Розетка,DJ05108,2.0,2.298228
2025-12,ІМ-Розетка,DJ05108,4.0,2.60194
2026-01,ІМ-Розетка,DJ05108,0.0,0.0
2026-02,ІМ-Розетка,DJ05108,0.0,0.0
2025-07,Акварель,DJ05108,2.0,2.2157543
2025-08,Акварель,DJ05108,2.0,2.5945575
2025-09,Акварель,DJ05108,4.0,2.3996007
2025-10,Акварель,DJ05108,1.0,2.7617316
2025-11,Акварель,DJ05108,3.0,2.7713597
2025-12,Акварель,DJ05108,3.0,4.197975
2026-01,Акварель,DJ05108,1.0,1.5843798
2026-02,Акварель,DJ05108,7.0,1.4881076
2025-07,БІ,DJ05108,21.0,9.603889
2025-08,БІ,DJ05108,12.0,14.799318
2025-09,БІ,DJ05108,16.0,11.68178
2025-10,БІ,DJ05108,7.0,11.71646
2025-11,БІ,DJ05108,13.0,9.053797
2025-12,БІ,DJ05108,23.0,14.23502
2026-01,БІ,DJ05108,12.0,3.9854403
2026-02,БІ,DJ05108,3.0,3.3472552
2025-07,Віват Канцелярія,DJ05108,2.0,0.36893034
2025-08,Віват Канцелярія,DJ05108,2.0,0.68003947
2025-09,Віват Канцелярія,DJ05108,1.0,0.77219903
2025-10,Віват Канцелярія,DJ05108,0.0,0.78789026
2025-11,Віват Канцелярія,DJ05108,2.0,0.9041488
2025-12,Віват Канцелярія,DJ05108,6.0,1.8721966
2026-01,Віват Канцелярія,DJ05108,0.0,0.0
2026-02,Віват Канцелярія,DJ05108,0.0,0.0
2025-07,МайПлей,DJ05108,1.0,0.41565606
2025-08,МайПлей,DJ05108,2.0,0.5991776
2025-09,МайПлей,DJ05108,0.0,1.2606975
2025-10,МайПлей,DJ05108,4.0,0.42498952
2025-11,МайПлей,DJ05108,0.0,0.0
2025-12,МайПлей,DJ05108,3.0,1.8242955
2026-01,МайПлей,DJ05108,1.0,1.0682898
2026-02,МайПлей,DJ05108,0.0,0.0
2025-07,СмартТойс,DJ05108,10.0,2.3296244
2025-08,СмартТойс,DJ05108,0.0,0.0
2025-09,СмартТойс,DJ05108,10.0,2.856931
2025-10,СмартТойс,DJ05108,2.0,7.328738
2025-11,СмартТойс,DJ05108,3.0,4.6258683
2025-12,СмартТойс,DJ05108,0.0,0.0
2026-01,СмартТойс,DJ05108,0.0,0.0
2026-02,СмартТойс,DJ05108,0.0,0.0
2025-07,ІМ-Розетка,DJ05117,8.0,3.1675208
2025-08,ІМ-Розетка,DJ05117,4.0,5.2998357
2025-09,ІМ-Розетка,DJ05117,4.0,4.1443496
2025-10,ІМ-Розетка,DJ05117,9.0,4.4924974
2025-11,ІМ-Розетка,DJ05117,1.0,5.6186004
2025-12,ІМ-Розетка,DJ05117,3.0,8.084025
2026-01,ІМ-Розетка,DJ05117,7.0,1.8604403
2026-02,ІМ-Розетка,DJ05117,0.0,0.0
2025-07,Акварель,DJ05117,2.0,2.2312331
2025-08,Акварель,DJ05117,1.0,2.3768787
2025-09,Акварель,DJ05117,2.0,1.9173241
2025-10,Акварель,DJ05117,1.0,2.6757739
2025-11,Акварель,DJ05117,5.0,1.8661836
2025-12,Акварель,DJ05117,3.0,4.9069214
2026-01,Акварель,DJ05117,8.0,2.3225918
2026-02,Акварель,DJ05117,4.0,2.5294325
2025-07,Антошка,DJ05117,1.0,1.6730309
2025-08,Антошка,DJ05117,2.0,1.9040476
2025-09,Антошка,DJ05117,2.0,1.966111
2025-10,Антошка,DJ05117,7.0,2.7865856
2025-11,Антошка,DJ05117,1.0,3.9191642
2025-12,Антошка,DJ05117,8.0,7.347679
2026-01,Антошка,DJ05117,2.0,2.241331
2026-02,Антошка,DJ05117,1.0,1.7783741
2025-07,БІ,DJ05117,21.0,10.015233
2025-08,БІ,DJ05117,18.0,15.176328
2025-09,БІ,DJ05117,21.0,16.91514
2025-10,БІ,DJ05117,26.0,25.381723
2025-11,БІ,DJ05117,31.0,23.471796
2025-12,БІ,DJ05117,48.0,56.7787
2026-01,БІ,DJ05117,24.0,12.025383
2026-02,БІ,DJ05117,13.0,6.8705907
2025-07,Країна Казок,DJ05117,0.0,0.33774564
2025-08,Країна Казок,DJ05117,0.0,0.40605235
2025-09,Країна Казок,DJ05117,0.0,0.25925824
2025-10,Країна Казок,DJ05117,0.0,0.30755723
2025-11,Країна Казок,DJ05117,0.0,0.25314075
2025-12,Країна Казок,DJ05117,0.0,0.5227951
2026-01,Країна Казок,DJ05117,0.0,0.01536117
2026-02,Країна Казок,DJ05117,0.0,0.14662601
2025-07,МайПлей,DJ05117,0.0,0.4377673
2025-08,МайПлей,DJ05117,1.0,0.43959618
2025-09,МайПлей,DJ05117,0.0,0.6298163
2025-10,МайПлей,DJ05117,2.0,1.0852165
2025-11,МайПлей,DJ05117,0.0,0.6844102
2025-12,МайПлей,DJ05117,5.0,1.5173154
2026-01,МайПлей,DJ05117,0.0,0.0
2026-02,МайПлей,DJ05117,0.0,0.0
2025-07,Мегамаркет,DJ05117,1.0,0.7231749
2025-08,Мегамаркет,DJ05117,1.0,0.6939211
2025-09,Мегамаркет,DJ05117,0.0,0.6595129
2025-10,Мегамаркет,DJ05117,0.0,0.0
2025-11,Мегамаркет,DJ05117,1.0,0.38628352
2025-12,Мегамаркет,DJ05117,3.0,1.083616
2026-01,Мегамаркет,DJ05117,0.0,0.0094004385
2026-02,Мегамаркет,DJ05117,0.0,0.0
2025-07,Монако,DJ05117,1.0,1.0165714
2025-08,Монако,DJ05117,1.0,1.0855113
2025-09,Монако,DJ05117,0.0,0.0
2025-10,Монако,DJ05117,0.0,0.0
2025-11,Монако,DJ05117,1.0,1.0998874
2025-12,Монако,DJ05117,0.0,0.0
2026-01,Монако,DJ05117,0.0,0.0
2026-02,Монако,DJ05117,0.0,0.0
2025-07,СмартТойс,DJ05117,0.0,0.0
2025-08,СмартТойс,DJ05117,0.0,0.0
2025-09,СмартТойс,DJ05117,2.0,1.4699267
2025-10,СмартТойс,DJ05117,7.0,1.2738048
2025-11,СмартТойс,DJ05117,12.0,3.1271558
2025-12,СмартТойс,DJ05117,7.0,11.734817
2026-01,СмартТойс,DJ05117,0.0,0.0
2026-02,СмартТойс,DJ05117,0.0,0.0
2025-07,ІМ-МауДау,DJ05120,0.0,0.30707496
2025-08,ІМ-МауДау,DJ05120,0.0,0.13451765
2025-09,ІМ-МауДау,DJ05120,1.0,1.2401123
2025-10,ІМ-МауДау,DJ05120,0.0,0.87764317
2025-11,ІМ-МауДау,DJ05120,0.0,0.38545933
2025-12,ІМ-МауДау,DJ05120,1.0,0.2819572
2026-01,ІМ-МауДау,DJ05120,0.0,0.2362582
2026-02,ІМ-МауДау,DJ05120,0.0,0.23788516
2025-07,ІМ-Розетка,DJ05120,2.0,1.49089
2025-08,ІМ-Розетка,DJ05120,0.0,0.78989613
2025-09,ІМ-Розетка,DJ05120,1.0,0.9633976
2025-10,ІМ-Розетка,DJ05120,0.0,0.0
2025-11,ІМ-Розетка,DJ05120,1.0,1.0169235
2025-12,ІМ-Розетка,DJ05120,1.0,1.5875263
2026-01,ІМ-Розетка,DJ05120,0.0,0.0
2026-02,ІМ-Розетка,DJ05120,0.0,0.0
2025-07,Акварель,DJ05120,7.0,1.9280748
2025-08,Акварель,DJ05120,4.0,3.422406
2025-09,Акварель,DJ05120,1.0,3.1342452
2025-10,Акварель,DJ05120,5.0,2.7575495
2025-11,Акварель,DJ05120,2.0,4.1915503
2025-12,Акварель,DJ05120,7.0,4.2218637
2026-01,Акварель,DJ05120,2.0,1.8007535
2026-02,Акварель,DJ05120,0.0,0.0
2025-07,БІ,DJ05120,9.0,6.004852
2025-08,БІ,DJ05120,10.0,7.5983505
2025-09,БІ,DJ05120,3.0,9.948734
2025-10,БІ,DJ05120,2.0,6.4423456
2025-11,БІ,DJ05120,14.0,6.2244577
2025-12,БІ,DJ05120,10.0,11.322065
2026-01,БІ,DJ05120,4.0,2.642014
2026-02,БІ,DJ05120,2.0,2.3625739
2025-07,Віват Канцелярія,DJ05120,0.0,0.41348302
2025-08,Віват Канцелярія,DJ05120,2.0,0.41910607
2025-09,Віват Канцелярія,DJ05120,0.0,0.60084844
2025-10,Віват Канцелярія,DJ05120,1.0,1.0056609
2025-11,Віват Канцелярія,DJ05120,0.0,0.0
2025-12,Віват Канцелярія,DJ05120,3.0,1.1986842
2026-01,Віват Канцелярія,DJ05120,0.0,0.0
2026-02,Віват Канцелярія,DJ05120,0.0,0.0
2025-07,МайПлей,DJ05120,1.0,0.4421351
2025-08,МайПлей,DJ05120,1.0,0.6529232
2025-09,МайПлей,DJ05120,0.0,1.0435143
2025-10,МайПлей,DJ05120,1.0,1.2923317
2025-11,МайПлей,DJ05120,1.0,1.3701972
2025-12,МайПлей,DJ05120,3.0,1.8573269
2026-01,МайПлей,DJ05120,2.0,0.9002226
2026-02,МайПлей,DJ05120,0.0,0.0
2025-07,СмартТойс,DJ05120,4.0,2.908715
2025-08,СмартТойс,DJ05120,1.0,3.1781688
2025-09,СмартТойс,DJ05120,1.0,3.2201061
2025-10,СмартТойс,DJ05120,7.0,2.6824167
2025-11,СмартТойс,DJ05120,0.0,0.0
2025-12,СмартТойс,DJ05120,0.0,0.0
2026-01,СмартТойс,DJ05120,0.0,0.0
2026-02,СмартТойс,DJ05120,0.0,0.0
2025-07,ІМ-Розетка,DJ05123,4.0,2.1433089
2025-08,ІМ-Розетка,DJ05123,6.0,3.165995
2025-09,ІМ-Розетка,DJ05123,1.0,2.9983582
2025-10,ІМ-Розетка,DJ05123,0.0,0.0
2025-11,ІМ-Розетка,DJ05123,0.0,0.0
2025-12,ІМ-Розетка,DJ05123,0.0,0.70643026
2026-01,ІМ-Розетка,DJ05123,2.0,1.9306188
2026-02,ІМ-Розетка,DJ05123,1.0,1.1062945
2025-07,Акварель,DJ05123,3.0,0.84074455
2025-08,Акварель,DJ05123,3.0,2.3311632
2025-09,Акварель,DJ05123,1.0,2.3998919
2025-10,Акварель,DJ05123,4.0,2.5748894
2025-11,Акварель,DJ05123,2.0,3.064906
2025-12,Акварель,DJ05123,6.0,2.9887493
2026-01,Акварель,DJ05123,3.0,1.8383883
2026-02,Акварель,DJ05123,4.0,1.9150759
2025-07,БІ,DJ05123,19.0,9.113157
2025-08,БІ,DJ05123,17.0,14.312605
2025-09,БІ,DJ05123,10.0,12.081521
2025-10,БІ,DJ05123,18.0,9.681293
2025-11,БІ,DJ05123,15.0,13.101498
2025-12,БІ,DJ05123,27.0,27.57322
2026-01,БІ,DJ05123,15.0,17.499325
2026-02,БІ,DJ05123,8.0,4.873463
2025-07,Віват Канцелярія,DJ05123,1.0,0.2502741
2025-08,Віват Канцелярія,DJ05123,1.0,0.46264884
2025-09,Віват Канцелярія,DJ05123,1.0,0.40054163
2025-10,Віват Канцелярія,DJ05123,0.0,0.45545122
2025-11,Віват Канцелярія,DJ05123,0.0,0.49102905
2025-12,Віват Канцелярія,DJ05123,2.0,0.89912635
2026-01,Віват Канцелярія,DJ05123,0.0,0.6819591
2026-02,Віват Канцелярія,DJ05123,0.0,0.13875215
2025-07,МайПлей,DJ05123,1.0,0.4335799
2025-08,МайПлей,DJ05123,1.0,1.0943278
2025-09,МайПлей,DJ05123,1.0,1.1395315
2025-10,МайПлей,DJ05123,1.0,1.3699958
2025-11,МайПлей,DJ05123,0.0,0.0
2025-12,МайПлей,DJ05123,4.0,1.3111693
2026-01,МайПлей,DJ05123,0.0,0.0
2026-02,МайПлей,DJ05123,0.0,0.0
2025-07,Озерова ФОП,DJ05123,0.0,0.025703127
2025-08,Озерова ФОП,DJ05123,0.0,0.0
2025-09,Озерова ФОП,DJ05123,0.0,0.0
2025-10,Озерова ФОП,DJ05123,0.0,0.0
2025-11,Озерова ФОП,DJ05123,0.0,0.0
2025-12,Озерова ФОП,DJ05123,0.0,0.022532653
2026-01,Озерова ФОП,DJ05123,2.0,2.3857665
2026-02,Озерова ФОП,DJ05123,0.0,0.0
2025-07,СмартТойс,DJ05123,0.0,0.0
2025-08,СмартТойс,DJ05123,0.0,0.0
2025-09,СмартТойс,DJ05123,0.0,0.0
2025-10,СмартТойс,DJ05123,0.0,0.0
2025-11,СмартТойс,DJ05123,2.0,1.3419912
2025-12,СмартТойс,DJ05123,10.0,1.8175291
2026-01,СмартТойс,DJ05123,0.0,0.0
2026-02,СмартТойс,DJ05123,0.0,0.0
2025-07,Смік,DJ05123,0.0,0.34735647
2025-08,Смік,DJ05123,0.0,0.0
2025-09,Смік,DJ05123,0.0,0.0
2025-10,Смік,DJ05123,0.0,0.0
2025-11,Смік,DJ05123,0.0,0.0
2025-12,Смік,DJ05123,1.0,0.95017135
2026-01,Смік,DJ05123,0.0,0.0
2026-02,Смік,DJ05123,0.0,0.0
2025-07,Сільпо,DJ05127,0.0,0.0
2025-08,Сільпо,DJ05127,0.0,0.0
2025-09,Сільпо,DJ05127,1.0,0.54839975
2025-10,Сільпо,DJ05127,0.0,0.0
2025-11,Сільпо,DJ05127,0.0,0.0
2025-12,Сільпо,DJ05127,0.0,0.0
2026-01,Сільпо,DJ05127,0.0,0.0
2026-02,Сільпо,DJ05127,0.0,0.0
2025-07,Сільпо,DJ05133,0.0,0.0
2025-08,Сільпо,DJ05133,1.0,0.8082284
2025-09,Сільпо,DJ05133,2.0,0.9924069
2025-10,Сільпо,DJ05133,0.0,0.0
2025-11,Сільпо,DJ05133,0.0,0.0
2025-12,Сільпо,DJ05133,0.0,0.0
2026-01,Сільпо,DJ05133,0.0,0.0
2026-02,Сільпо,DJ05133,0.0,0.0
2025-07,ІМ-МауДау,DJ05136,2.0,0.85913175
2025-08,ІМ-МауДау,DJ05136,0.0,0.42360798
2025-09,ІМ-МауДау,DJ05136,0.0,0.1257545
2025-10,ІМ-МауДау,DJ05136,0.0,0.73277855
2025-11,ІМ-МауДау,DJ05136,2.0,1.4690528
2025-12,ІМ-МауДау,DJ05136,1.0,1.6645551
2026-01,ІМ-МауДау,DJ05136,0.0,0.14075539
2026-02,ІМ-МауДау,DJ05136,0.0,0.12514362
2025-07,ІМ-Розетка,DJ05136,3.0,3.6207192
2025-08,ІМ-Розетка,DJ05136,2.0,3.4581919
2025-09,ІМ-Розетка,DJ05136,0.0,2.6363683
2025-10,ІМ-Розетка,DJ05136,2.0,0.7806387
2025-11,ІМ-Розетка,DJ05136,2.0,1.9923549
2025-12,ІМ-Розетка,DJ05136,0.0,0.0
2026-01,ІМ-Розетка,DJ05136,0.0,0.0
2026-02,ІМ-Розетка,DJ05136,0.0,0.0
2025-07,Акварель,DJ05136,3.0,0.97083205
2025-08,Акварель,DJ05136,3.0,2.7939599
2025-09,Акварель,DJ05136,1.0,3.2058864
2025-10,Акварель,DJ05136,7.0,2.272636
2025-11,Акварель,DJ05136,4.0,3.812105
2025-12,Акварель,DJ05136,6.0,5.271907
2026-01,Акварель,DJ05136,4.0,1.9967649
2026-02,Акварель,DJ05136,5.0,2.2962964
2025-07,БІ,DJ05136,8.0,7.790995
2025-08,БІ,DJ05136,8.0,11.713525
2025-09,БІ,DJ05136,10.0,12.7442465
2025-10,БІ,DJ05136,16.0,8.2239685
2025-11,БІ,DJ05136,8.0,10.673735
2025-12,БІ,DJ05136,21.0,14.196255
2026-01,БІ,DJ05136,9.0,3.8380265
2026-02,БІ,DJ05136,8.0,3.6265614
2025-07,Віват Канцелярія,DJ05136,0.0,0.41840634
2025-08,Віват Канцелярія,DJ05136,0.0,0.50250953
2025-09,Віват Канцелярія,DJ05136,1.0,0.39700472
2025-10,Віват Канцелярія,DJ05136,1.0,0.5033836
2025-11,Віват Канцелярія,DJ05136,0.0,0.6206532
2025-12,Віват Канцелярія,DJ05136,0.0,0.0
2026-01,Віват Канцелярія,DJ05136,0.0,0.0
2026-02,Віват Канцелярія,DJ05136,0.0,0.0
2025-07,МайПлей,DJ05136,1.0,0.6067913
2025-08,МайПлей,DJ05136,2.0,0.71827096
2025-09,МайПлей,DJ05136,2.0,0.88032675
2025-10,МайПлей,DJ05136,1.0,1.1140187
2025-11,МайПлей,DJ05136,1.0,1.1988661
2025-12,МайПлей,DJ05136,3.0,2.1031675
2026-01,МайПлей,DJ05136,4.0,1.0594488
2026-02,МайПлей,DJ05136,5.0,1.6428676
2025-07,Мегамаркет,DJ05136,0.0,0.7238703
2025-08,Мегамаркет,DJ05136,0.0,0.37258926
2025-09,Мегамаркет,DJ05136,0.0,0.3276984
2025-10,Мегамаркет,DJ05136,0.0,0.36077037
2025-11,Мегамаркет,DJ05136,0.0,0.35805553
2025-12,Мегамаркет,DJ05136,0.0,0.0
2026-01,Мегамаркет,DJ05136,0.0,0.27226806
2026-02,Мегамаркет,DJ05136,1.0,0.48651862
2025-07,СмартТойс,DJ05136,0.0,0.0
2025-08,СмартТойс,DJ05136,0.0,0.0
2025-09,СмартТойс,DJ05136,0.0,0.0
2025-10,СмартТойс,DJ05136,4.0,1.1306021
2025-11,СмартТойс,DJ05136,0.0,0.0
2025-12,СмартТойс,DJ05136,0.0,0.0
2026-01,СмартТойс,DJ05136,0.0,0.0
2026-02,СмартТойс,DJ05136,0.0,0.0
2025-07,Смік,DJ05136,3.0,0.39823994
2025-08,Смік,DJ05136,0.0,0.8883456
2025-09,Смік,DJ05136,0.0,0.5797641
2025-10,Смік,DJ05136,0.0,0.48585576
2025-11,Смік,DJ05136,0.0,0.40319577
2025-12,Смік,DJ05136,0.0,0.0
2026-01,Смік,DJ05136,1.0,0.38255024
2026-02,Смік,DJ05136,0.0,0.0
2025-07,ІМ-Розетка,DJ05145,3.0,3.713194
2025-08,ІМ-Розетка,DJ05145,3.0,2.0953002
2025-09,ІМ-Розетка,DJ05145,1.0,1.6894782
2025-10,ІМ-Розетка,DJ05145,6.0,3.6685276
2025-11,ІМ-Розетка,DJ05145,7.0,5.5227623
2025-12,ІМ-Розетка,DJ05145,0.0,0.0
2026-01,ІМ-Розетка,DJ05145,0.0,0.0
2026-02,ІМ-Розетка,DJ05145,0.0,0.0
2025-07,Акварель,DJ05145,3.0,1.7269808
2025-08,Акварель,DJ05145,2.0,2.1666608
2025-09,Акварель,DJ05145,3.0,2.053532
2025-10,Акварель,DJ05145,6.0,2.843455
2025-11,Акварель,DJ05145,4.0,3.0068135
2025-12,Акварель,DJ05145,9.0,8.5318165
2026-01,Акварель,DJ05145,2.0,3.5434651
2026-02,Акварель,DJ05145,3.0,2.1603105
2025-07,Антошка,DJ05145,0.0,1.794375
2025-08,Антошка,DJ05145,0.0,1.6079242
2025-09,Антошка,DJ05145,0.0,1.2385219
2025-10,Антошка,DJ05145,4.0,0.9648884
2025-11,Антошка,DJ05145,2.0,2.4940329
2025-12,Антошка,DJ05145,2.0,3.0705273
2026-01,Антошка,DJ05145,1.0,1.2866834
2026-02,Антошка,DJ05145,0.0,0.0
2025-07,БІ,DJ05145,3.0,4.5605626
2025-08,БІ,DJ05145,10.0,4.449795
2025-09,БІ,DJ05145,1.0,7.3251076
2025-10,БІ,DJ05145,12.0,5.579364
2025-11,БІ,DJ05145,10.0,7.146039
2025-12,БІ,DJ05145,21.0,15.222737
2026-01,БІ,DJ05145,21.0,16.814945
2026-02,БІ,DJ05145,4.0,4.4612813
2025-07,Віват Канцелярія,DJ05145,1.0,1.0144821
2025-08,Віват Канцелярія,DJ05145,0.0,0.672253
2025-09,Віват Канцелярія,DJ05145,1.0,0.63677615
2025-10,Віват Канцелярія,DJ05145,2.0,0.45411018
2025-11,Віват Канцелярія,DJ05145,1.0,0.70092636
2025-12,Віват Канцелярія,DJ05145,2.0,2.034182
2026-01,Віват Канцелярія,DJ05145,0.0,1.4760516
2026-02,Віват Канцелярія,DJ05145,0.0,0.11823387
2025-07,МайПлей,DJ05145,1.0,1.0627426
2025-08,МайПлей,DJ05145,0.0,0.5801677
2025-09,МайПлей,DJ05145,0.0,0.40223396
2025-10,МайПлей,DJ05145,1.0,0.4441181
2025-11,МайПлей,DJ05145,2.0,1.1829168
2025-12,МайПлей,DJ05145,3.0,2.0471227
2026-01,МайПлей,DJ05145,0.0,0.0
2026-02,МайПлей,DJ05145,1.0,0.913456
2025-07,ІМ-Розетка,DJ05153,6.0,1.405376
2025-08,ІМ-Розетка,DJ05153,5.0,1.6372758
2025-09,ІМ-Розетка,DJ05153,0.0,2.3650835
2025-10,ІМ-Розетка,DJ05153,0.0,0.0
2025-11,ІМ-Розетка,DJ05153,0.0,0.0
2025-12,ІМ-Розетка,DJ05153,1.0,0.62178147
2026-01,ІМ-Розетка,DJ05153,3.0,1.9701123
2026-02,ІМ-Розетка,DJ05153,1.0,1.8243324
2025-07,Акварель,DJ05153,4.0,0.9354759
2025-08,Акварель,DJ05153,0.0,1.5322176
2025-09,Акварель,DJ05153,1.0,1.4871993
2025-10,Акварель,DJ05153,3.0,2.1523242
2025-11,Акварель,DJ05153,1.0,2.2372162
2025-12,Акварель,DJ05153,2.0,2.6107433
2026-01,Акварель,DJ05153,0.0,0.0
2026-02,Акварель,DJ05153,0.0,0.0
2025-07,Антошка,DJ05153,3.0,0.74803084
2025-08,Антошка,DJ05153,0.0,1.2977089
2025-09,Антошка,DJ05153,1.0,0.8620399
2025-10,Антошка,DJ05153,1.0,1.628643
2025-11,Антошка,DJ05153,2.0,1.2770926
2025-12,Антошка,DJ05153,3.0,2.0446806
2026-01,Антошка,DJ05153,3.0,1.5017972
2026-02,Антошка,DJ05153,3.0,1.4182509
2025-07,БІ,DJ05153,9.0,5.0920873
2025-08,БІ,DJ05153,6.0,8.710952
2025-09,БІ,DJ05153,4.0,6.5567794
2025-10,БІ,DJ05153,7.0,5.0510154
2025-11,БІ,DJ05153,11.0,6.2644734
2025-12,БІ,DJ05153,21.0,19.510769
2026-01,БІ,DJ05153,8.0,13.941516
2026-02,БІ,DJ05153,6.0,6.3478303
2025-07,Віват Канцелярія,DJ05153,1.0,0.38022134
2025-08,Віват Канцелярія,DJ05153,1.0,0.61710423
2025-09,Віват Канцелярія,DJ05153,1.0,0.44214314
2025-10,Віват Канцелярія,DJ05153,1.0,0.6118592
2025-11,Віват Канцелярія,DJ05153,1.0,0.6457438
2025-12,Віват Канцелярія,DJ05153,1.0,1.6898414
2026-01,Віват Канцелярія,DJ05153,0.0,2.7354198
2026-02,Віват Канцелярія,DJ05153,0.0,1.0959024
2025-07,МайПлей,DJ05153,0.0,0.6564325
2025-08,МайПлей,DJ05153,1.0,0.45315692
2025-09,МайПлей,DJ05153,2.0,0.6697017
2025-10,МайПлей,DJ05153,0.0,0.0
2025-11,МайПлей,DJ05153,0.0,0.0
2025-12,МайПлей,DJ05153,0.0,1.0375427
2026-01,МайПлей,DJ05153,0.0,0.0
2026-02,МайПлей,DJ05153,1.0,0.6269451
2025-07,Мегамаркет,DJ05153,0.0,0.50018656
2025-08,Мегамаркет,DJ05153,0.0,0.32609868
2025-09,Мегамаркет,DJ05153,1.0,0.24046738
2025-10,Мегамаркет,DJ05153,0.0,0.0
2025-11,Мегамаркет,DJ05153,1.0,0.96042067
2025-12,Мегамаркет,DJ05153,0.0,0.5088102
2026-01,Мегамаркет,DJ05153,0.0,0.010304527
2026-02,Мегамаркет,DJ05153,0.0,0.0
2025-07,СмартТойс,DJ05153,2.0,2.0654435
2025-08,СмартТойс,DJ05153,2.0,1.2915615
2025-09,СмартТойс,DJ05153,0.0,0.0
2025-10,СмартТойс,DJ05153,15.0,2.2828064
2025-11,СмартТойс,DJ05153,0.0,0.0
2025-12,СмартТойс,DJ05153,0.0,0.0
2026-01,СмартТойс,DJ05153,4.0,2.8264232
2026-02,СмартТойс,DJ05153,0.0,0.0
2025-07,Смік,DJ05153,2.0,0.40661246
2025-08,Смік,DJ05153,0.0,0.38435453
2025-09,Смік,DJ05153,0.0,0.38958228
2025-10,Смік,DJ05153,0.0,0.0
2025-11,Смік,DJ05153,0.0,0.0
2025-12,Смік,DJ05153,1.0,0.7357296
2026-01,Смік,DJ05153,1.0,1.2996975
2026-02,Смік,DJ05153,0.0,0.0
2025-07,Супрун ФОП,DJ05153,0.0,0.0
2025-08,Супрун ФОП,DJ05153,0.0,0.0
2025-09,Супрун ФОП,DJ05153,6.0,1.2242618
2025-10,Супрун ФОП,DJ05153,0.0,0.0
2025-11,Супрун ФОП,DJ05153,7.0,2.113451
2025-12,Супрун ФОП,DJ05153,0.0,0.0
2026-01,Супрун ФОП,DJ05153,0.0,0.0
2026-02,Супрун ФОП,DJ05153,0.0,0.0
2025-07,ІМ-Розетка,DJ05161,0.0,0.29133022
2025-08,ІМ-Розетка,DJ05161,2.0,1.2781676
2025-09,ІМ-Розетка,DJ05161,0.0,0.37116063
2025-10,ІМ-Розетка,DJ05161,0.0,0.0
2025-11,ІМ-Розетка,DJ05161,0.0,0.0
2025-12,ІМ-Розетка,DJ05161,0.0,0.0
2026-01,ІМ-Розетка,DJ05161,0.0,0.0
2026-02,ІМ-Розетка,DJ05161,0.0,0.0
2025-07,Акварель,DJ05161,2.0,1.5431598
2025-08,Акварель,DJ05161,5.0,2.0854697
2025-09,Акварель,DJ05161,1.0,2.5654593
2025-10,Акварель,DJ05161,5.0,2.4044714
2025-11,Акварель,DJ05161,4.0,2.705803
2025-12,Акварель,DJ05161,7.0,5.158463
2026-01,Акварель,DJ05161,3.0,1.9040924
2026-02,Акварель,DJ05161,6.0,1.6064166
2025-07,Антошка,DJ05161,3.0,2.5157077
2025-08,Антошка,DJ05161,3.0,2.3711588
2025-09,Антошка,DJ05161,1.0,2.5979793
2025-10,Антошка,DJ05161,8.0,2.61405
2025-11,Антошка,DJ05161,3.0,3.3313122
2025-12,Антошка,DJ05161,5.0,5.4238863
2026-01,Антошка,DJ05161,1.0,2.3360894
2026-02,Антошка,DJ05161,2.0,1.6094732
2025-07,БІ,DJ05161,16.0,14.216758
2025-08,БІ,DJ05161,16.0,14.631602
2025-09,БІ,DJ05161,13.0,12.923379
2025-10,БІ,DJ05161,17.0,12.549373
2025-11,БІ,DJ05161,48.0,19.063042
2025-12,БІ,DJ05161,64.0,66.56832
2026-01,БІ,DJ05161,24.0,17.829214
2026-02,БІ,DJ05161,18.0,6.911785
2025-07,МайПлей,DJ05161,1.0,0.6758482
2025-08,МайПлей,DJ05161,7.0,0.7171425
2025-09,МайПлей,DJ05161,0.0,1.3281019
2025-10,МайПлей,DJ05161,2.0,1.719385
2025-11,МайПлей,DJ05161,1.0,1.4882634
2025-12,МайПлей,DJ05161,2.0,2.242816
2026-01,МайПлей,DJ05161,0.0,0.0
2026-02,МайПлей,DJ05161,1.0,0.7780333
2025-07,СмартТойс,DJ05161,5.0,2.307057
2025-08,СмартТойс,DJ05161,0.0,0.0
2025-09,СмартТойс,DJ05161,2.0,2.1519082
2025-10,СмартТойс,DJ05161,13.0,1.8934908
2025-11,СмартТойс,DJ05161,7.0,6.0890975
2025-12,СмартТойс,DJ05161,1.0,10.203817
2026-01,СмартТойс,DJ05161,0.0,0.0
2026-02,СмартТойс,DJ05161,0.0,0.0
2025-07,ІМ-Розетка,DJ05169,0.0,0.92284966
2025-08,ІМ-Розетка,DJ05169,0.0,0.44894102
2025-09,ІМ-Розетка,DJ05169,0.0,0.4889793
2025-10,ІМ-Розетка,DJ05169,0.0,0.45757094
2025-11,ІМ-Розетка,DJ05169,2.0,0.83439404
2025-12,ІМ-Розетка,DJ05169,2.0,2.2205184
2026-01,ІМ-Розетка,DJ05169,0.0,0.0
2026-02,ІМ-Розетка,DJ05169,0.0,0.0
2025-07,Акварель,DJ05169,0.0,1.6197613
2025-08,Акварель,DJ05169,2.0,1.9964471
2025-09,Акварель,DJ05169,3.0,2.6909156
2025-10,Акварель,DJ05169,4.0,2.6504622
2025-11,Акварель,DJ05169,7.0,2.2875416
2025-12,Акварель,DJ05169,3.0,7.2745476
2026-01,Акварель,DJ05169,2.0,1.8349519
2026-02,Акварель,DJ05169,2.0,1.4236732
2025-07,БІ,DJ05169,3.0,6.5210423
2025-08,БІ,DJ05169,6.0,5.110374
2025-09,БІ,DJ05169,7.0,5.46306
2025-10,БІ,DJ05169,13.0,5.2719603
2025-11,БІ,DJ05169,12.0,7.684845
2025-12,БІ,DJ05169,15.0,16.187696
2026-01,БІ,DJ05169,3.0,2.9684749
2026-02,БІ,DJ05169,1.0,1.7709763
2025-07,Віват Канцелярія,DJ05169,1.0,0.41015896
2025-08,Віват Канцелярія,DJ05169,1.0,0.6472828
2025-09,Віват Канцелярія,DJ05169,1.0,0.82172805
2025-10,Віват Канцелярія,DJ05169,0.0,0.7958329
2025-11,Віват Канцелярія,DJ05169,0.0,0.49300116
2025-12,Віват Канцелярія,DJ05169,4.0,1.0624789
2026-01,Віват Канцелярія,DJ05169,0.0,0.05573393
2026-02,Віват Канцелярія,DJ05169,0.0,0.0
2025-07,МайПлей,DJ05169,1.0,0.48473758
2025-08,МайПлей,DJ05169,0.0,0.6971241
2025-09,МайПлей,DJ05169,1.0,0.59486234
2025-10,МайПлей,DJ05169,5.0,0.7780364
2025-11,МайПлей,DJ05169,3.0,1.6858292
2025-12,МайПлей,DJ05169,0.0,0.0
2026-01,МайПлей,DJ05169,0.0,0.0
2026-02,МайПлей,DJ05169,2.0,0.93358207
2025-07,СмартТойс,DJ05169,0.0,0.0
2025-08,СмартТойс,DJ05169,0.0,0.0
2025-09,СмартТойс,DJ05169,2.0,3.1472607
2025-10,СмартТойс,DJ05169,0.0,0.0
2025-11,СмартТойс,DJ05169,0.0,0.0
2025-12,СмартТойс,DJ05169,3.0,2.8941154
2026-01,СмартТойс,DJ05169,0.0,0.0
2026-02,СмартТойс,DJ05169,0.0,0.0
2025-07,Смік,DJ05169,0.0,0.6983069
2025-08,Смік,DJ05169,0.0,0.443591
2025-09,Смік,DJ05169,0.0,0.4540571
2025-10,Смік,DJ05169,1.0,0.42408484
2025-11,Смік,DJ05169,1.0,0.412241
2025-12,Смік,DJ05169,0.0,0.0
2026-01,Смік,DJ05169,0.0,0.0
2026-02,Смік,DJ05169,1.0,0.8649012
2025-07,Акварель,DJ05172,8.0,1.3952153
2025-08,Акварель,DJ05172,0.0,0.0
2025-09,Акварель,DJ05172,1.0,1.2973334
2025-10,Акварель,DJ05172,0.0,0.0
2025-11,Акварель,DJ05172,0.0,0.0
2025-12,Акварель,DJ05172,0.0,0.0
2026-01,Акварель,DJ05172,0.0,0.0
2026-02,Акварель,DJ05172,0.0,0.0
2025-07,Віват Канцелярія,DJ05172,1.0,0.22019246
2025-08,Віват Канцелярія,DJ05172,0.0,0.3207054
2025-09,Віват Канцелярія,DJ05172,1.0,0.22839776
2025-10,Віват Канцелярія,DJ05172,0.0,0.23056953
2025-11,Віват Канцелярія,DJ05172,1.0,0.22276609
2025-12,Віват Канцелярія,DJ05172,0.0,0.56247455
2026-01,Віват Канцелярія,DJ05172,0.0,0.77387327
2026-02,Віват Канцелярія,DJ05172,0.0,0.07722167
2025-07,Акварель,DJ05176,1.0,0.32486206
2025-08,Акварель,DJ05176,2.0,0.30537263
2025-09,Акварель,DJ05176,1.0,0.88098085
2025-10,Акварель,DJ05176,2.0,0.26312453
2025-11,Акварель,DJ05176,0.0,0.4688984
2025-12,Акварель,DJ05176,0.0,0.18273585
2026-01,Акварель,DJ05176,0.0,0.012806886
2026-02,Акварель,DJ05176,0.0,0.009771965
2025-07,Акварель,DJ05180,6.0,1.8107963
2025-08,Акварель,DJ05180,2.0,2.0505447
2025-09,Акварель,DJ05180,1.0,1.5760343
2025-10,Акварель,DJ05180,0.0,0.0
2025-11,Акварель,DJ05180,1.0,1.7301991
2025-12,Акварель,DJ05180,1.0,2.4810963
2026-01,Акварель,DJ05180,1.0,1.0531483
2026-02,Акварель,DJ05180,0.0,0.0
2025-07,Акварель,DJ05181,3.0,0.8686164
2025-08,Акварель,DJ05181,0.0,0.0
2025-09,Акварель,DJ05181,0.0,0.0
2025-10,Акварель,DJ05181,0.0,0.0
2025-11,Акварель,DJ05181,0.0,0.0
2025-12,Акварель,DJ05181,0.0,0.0
2026-01,Акварель,DJ05181,0.0,0.0
2026-02,Акварель,DJ05181,1.0,0.3747996
2025-07,Віват Канцелярія,DJ05181,0.0,0.23399746
2025-08,Віват Канцелярія,DJ05181,0.0,0.13351834
2025-09,Віват Канцелярія,DJ05181,0.0,0.21560101
2025-10,Віват Канцелярія,DJ05181,0.0,0.118668474
2025-11,Віват Канцелярія,DJ05181,0.0,0.1245348
2025-12,Віват Канцелярія,DJ05181,0.0,0.42350063
2026-01,Віват Канцелярія,DJ05181,1.0,0.91338265
2026-02,Віват Канцелярія,DJ05181,0.0,0.27743936
2025-07,ІМ-МауДау,DJ05208,0.0,0.7148168
2025-08,ІМ-МауДау,DJ05208,1.0,0.5137848
2025-09,ІМ-МауДау,DJ05208,1.0,0.61982054
2025-10,ІМ-МауДау,DJ05208,3.0,1.3349413
2025-11,ІМ-МауДау,DJ05208,4.0,2.8235888
2025-12,ІМ-МауДау,DJ05208,2.0,1.626776
2026-01,ІМ-МауДау,DJ05208,0.0,0.49075186
2026-02,ІМ-МауДау,DJ05208,0.0,0.14090748
2025-07,ІМ-Розетка,DJ05208,5.0,1.7787344
2025-08,ІМ-Розетка,DJ05208,0.0,2.9549062
2025-09,ІМ-Розетка,DJ05208,4.0,2.8800185
2025-10,ІМ-Розетка,DJ05208,6.0,4.604528
2025-11,ІМ-Розетка,DJ05208,3.0,5.6486807
2025-12,ІМ-Розетка,DJ05208,10.0,8.511767
2026-01,ІМ-Розетка,DJ05208,0.0,0.0
2026-02,ІМ-Розетка,DJ05208,0.0,0.0
2025-07,Акварель,DJ05208,1.0,1.7687097
2025-08,Акварель,DJ05208,3.0,1.7624722
2025-09,Акварель,DJ05208,0.0,1.6552416
2025-10,Акварель,DJ05208,5.0,1.8087236
2025-11,Акварель,DJ05208,5.0,3.5372922
2025-12,Акварель,DJ05208,8.0,9.2630825
2026-01,Акварель,DJ05208,10.0,5.2510147
2026-02,Акварель,DJ05208,6.0,2.9103925
2025-07,Антошка,DJ05208,2.0,1.6812962
2025-08,Антошка,DJ05208,2.0,2.1615498
2025-09,Антошка,DJ05208,3.0,2.4918115
2025-10,Антошка,DJ05208,3.0,2.7983327
2025-11,Антошка,DJ05208,10.0,2.4063597
2025-12,Антошка,DJ05208,10.0,7.0080023
2026-01,Антошка,DJ05208,3.0,2.4776552
2026-02,Антошка,DJ05208,1.0,1.9773266
2025-07,БІ,DJ05208,6.0,6.5728545
2025-08,БІ,DJ05208,3.0,6.6597605
2025-09,БІ,DJ05208,1.0,3.2473445
2025-10,БІ,DJ05208,0.0,4.81497
2025-11,БІ,DJ05208,0.0,4.2479115
2025-12,БІ,DJ05208,7.0,11.354502
2026-01,БІ,DJ05208,16.0,6.1975627
2026-02,БІ,DJ05208,6.0,4.1310306
2025-07,Віват Канцелярія,DJ05208,1.0,0.8468636
2025-08,Віват Канцелярія,DJ05208,1.0,0.9788474
2025-09,Віват Канцелярія,DJ05208,0.0,0.61783683
2025-10,Віват Канцелярія,DJ05208,3.0,0.5228231
2025-11,Віват Канцелярія,DJ05208,1.0,1.2073216
2025-12,Віват Канцелярія,DJ05208,5.0,2.8451748
2026-01,Віват Канцелярія,DJ05208,3.0,2.413081
2026-02,Віват Канцелярія,DJ05208,0.0,0.0
2025-07,МайПлей,DJ05208,0.0,1.1792517
2025-08,МайПлей,DJ05208,1.0,1.0446073
2025-09,МайПлей,DJ05208,1.0,1.1386609
2025-10,МайПлей,DJ05208,3.0,1.3216486
2025-11,МайПлей,DJ05208,1.0,2.2458248
2025-12,МайПлей,DJ05208,11.0,4.968284
2026-01,МайПлей,DJ05208,8.0,5.515359
2026-02,МайПлей,DJ05208,3.0,2.0928495
2025-07,Озерова ФОП,DJ05208,0.0,0.0
2025-08,Озерова ФОП,DJ05208,0.0,0.0
2025-09,Озерова ФОП,DJ05208,0.0,0.0
2025-10,Озерова ФОП,DJ05208,5.0,1.8266273
2025-11,Озерова ФОП,DJ05208,3.0,3.7762647
2025-12,Озерова ФОП,DJ05208,6.0,5.897214
2026-01,Озерова ФОП,DJ05208,0.0,0.0
2026-02,Озерова ФОП,DJ05208,0.0,0.0
2025-07,СмартТойс,DJ05208,0.0,0.0
2025-08,СмартТойс,DJ05208,2.0,1.2138727
2025-09,СмартТойс,DJ05208,1.0,1.4620255
2025-10,СмартТойс,DJ05208,1.0,1.816622
2025-11,СмартТойс,DJ05208,2.0,1.7985617
2025-12,СмартТойс,DJ05208,0.0,0.0
2026-01,СмартТойс,DJ05208,5.0,1.595978
2026-02,СмартТойс,DJ05208,0.0,0.0
2025-07,ІМ-Розетка,DJ05218,0.0,0.122732766
2025-08,ІМ-Розетка,DJ05218,1.0,1.38512
2025-09,ІМ-Розетка,DJ05218,1.0,0.65293133
2025-10,ІМ-Розетка,DJ05218,5.0,1.9785651
2025-11,ІМ-Розетка,DJ05218,4.0,3.9730797
2025-12,ІМ-Розетка,DJ05218,6.0,5.388157
2026-01,ІМ-Розетка,DJ05218,0.0,0.0
2026-02,ІМ-Розетка,DJ05218,0.0,0.0
2025-07,Акварель,DJ05218,0.0,1.6692271
2025-08,Акварель,DJ05218,2.0,1.236988
2025-09,Акварель,DJ05218,2.0,1.1569817
2025-10,Акварель,DJ05218,5.0,2.040513
2025-11,Акварель,DJ05218,8.0,3.8512602
2025-12,Акварель,DJ05218,11.0,7.4460325
2026-01,Акварель,DJ05218,2.0,2.1666272
2026-02,Акварель,DJ05218,4.0,2.0271358
2025-07,Антошка,DJ05218,1.0,3.5646238
2025-08,Антошка,DJ05218,6.0,5.498345
2025-09,Антошка,DJ05218,0.0,2.009832
2025-10,Антошка,DJ05218,8.0,3.4422042
2025-11,Антошка,DJ05218,11.0,6.8424225
2025-12,Антошка,DJ05218,18.0,9.510929
2026-01,Антошка,DJ05218,6.0,3.396974
2026-02,Антошка,DJ05218,0.0,0.0
2025-07,Віват Канцелярія,DJ05218,0.0,0.31175718
2025-08,Віват Канцелярія,DJ05218,0.0,0.39144462
2025-09,Віват Канцелярія,DJ05218,1.0,0.39008588
2025-10,Віват Канцелярія,DJ05218,2.0,0.5236504
2025-11,Віват Канцелярія,DJ05218,1.0,0.8670324
2025-12,Віват Канцелярія,DJ05218,3.0,1.770318
2026-01,Віват Канцелярія,DJ05218,1.0,1.0493089
2026-02,Віват Канцелярія,DJ05218,0.0,0.2528835
2025-07,МайПлей,DJ05218,1.0,0.50171155
2025-08,МайПлей,DJ05218,1.0,0.8343438
2025-09,МайПлей,DJ05218,0.0,0.6327524
2025-10,МайПлей,DJ05218,5.0,1.2469069
2025-11,МайПлей,DJ05218,3.0,3.0414498
2025-12,МайПлей,DJ05218,4.0,5.4320407
2026-01,МайПлей,DJ05218,3.0,1.7695029
2026-02,МайПлей,DJ05218,2.0,1.2239054
2025-07,ІМ-Розетка,DJ05270,5.0,1.6641837
2025-08,ІМ-Розетка,DJ05270,1.0,2.6724932
2025-09,ІМ-Розетка,DJ05270,3.0,2.5937881
2025-10,ІМ-Розетка,DJ05270,5.0,3.09039
2025-11,ІМ-Розетка,DJ05270,1.0,1.6724644
2025-12,ІМ-Розетка,DJ05270,1.0,2.5761983
2026-01,ІМ-Розетка,DJ05270,1.0,3.7627347
2026-02,ІМ-Розетка,DJ05270,4.0,1.3916347
2025-07,Акварель,DJ05270,2.0,1.112054
2025-08,Акварель,DJ05270,1.0,1.9531159
2025-09,Акварель,DJ05270,1.0,1.4802976
2025-10,Акварель,DJ05270,2.0,1.7234881
2025-11,Акварель,DJ05270,1.0,1.573434
2025-12,Акварель,DJ05270,5.0,4.411868
2026-01,Акварель,DJ05270,4.0,1.7357389
2026-02,Акварель,DJ05270,1.0,1.7114073
2025-07,Антошка,DJ05270,0.0,0.46275413
2025-08,Антошка,DJ05270,4.0,0.5089091
2025-09,Антошка,DJ05270,0.0,2.014921
2025-10,Антошка,DJ05270,2.0,1.7185543
2025-11,Антошка,DJ05270,0.0,0.0
2025-12,Антошка,DJ05270,8.0,1.5252562
2026-01,Антошка,DJ05270,0.0,0.0
2026-02,Антошка,DJ05270,0.0,0.0
2025-07,БІ,DJ05270,9.0,6.0510206
2025-08,БІ,DJ05270,14.0,10.031184
2025-09,БІ,DJ05270,8.0,14.589261
2025-10,БІ,DJ05270,20.0,9.734354
2025-11,БІ,DJ05270,27.0,12.061725
2025-12,БІ,DJ05270,37.0,36.705856
2026-01,БІ,DJ05270,23.0,16.088188
2026-02,БІ,DJ05270,14.0,12.469408
2025-07,Браін,DJ05270,2.0,1.5406982
2025-08,Браін,DJ05270,0.0,0.0
2025-09,Браін,DJ05270,0.0,0.0
2025-10,Браін,DJ05270,0.0,0.0
2025-11,Браін,DJ05270,0.0,0.0
2025-12,Браін,DJ05270,0.0,0.0
2026-01,Браін,DJ05270,0.0,0.0
2026-02,Браін,DJ05270,0.0,0.013428837
2025-07,Віват Канцелярія,DJ05270,0.0,0.8283688
2025-08,Віват Канцелярія,DJ05270,4.0,1.3759847
2025-09,Віват Канцелярія,DJ05270,1.0,0.9783814
2025-10,Віват Канцелярія,DJ05270,1.0,1.5021347
2025-11,Віват Канцелярія,DJ05270,6.0,1.3708411
2025-12,Віват Канцелярія,DJ05270,3.0,3.4233763
2026-01,Віват Канцелярія,DJ05270,1.0,4.031875
2026-02,Віват Канцелярія,DJ05270,0.0,0.0
2025-07,МайПлей,DJ05270,0.0,0.3666131
2025-08,МайПлей,DJ05270,3.0,0.38829407
2025-09,МайПлей,DJ05270,0.0,0.6306877
2025-10,МайПлей,DJ05270,1.0,1.1742177
2025-11,МайПлей,DJ05270,2.0,1.2225952
2025-12,МайПлей,DJ05270,6.0,2.0478673
2026-01,МайПлей,DJ05270,0.0,0.0
2026-02,МайПлей,DJ05270,0.0,0.0
2025-07,СмартТойс,DJ05270,0.0,0.0
2025-08,СмартТойс,DJ05270,3.0,1.9522512
2025-09,СмартТойс,DJ05270,2.0,2.38253
2025-10,СмартТойс,DJ05270,2.0,2.7946982
2025-11,СмартТойс,DJ05270,0.0,0.0
2025-12,СмартТойс,DJ05270,3.0,5.0669355
2026-01,СмартТойс,DJ05270,0.0,0.0
2026-02,СмартТойс,DJ05270,0.0,0.0
2025-07,Сільпо,DJ05270,0.0,0.60708094
2025-08,Сільпо,DJ05270,1.0,0.48213452
2025-09,Сільпо,DJ05270,10.0,0.554633
2025-10,Сільпо,DJ05270,7.0,2.6258302
2025-11,Сільпо,DJ05270,6.0,2.7476857
2025-12,Сільпо,DJ05270,3.0,6.8281927
2026-01,Сільпо,DJ05270,0.0,0.88132036
2026-02,Сільпо,DJ05270,0.0,0.21896335
2025-07,Віват Канцелярія,DJ05640,1.0,0.4213646
2025-08,Віват Канцелярія,DJ05640,0.0,0.36550775
2025-09,Віват Канцелярія,DJ05640,0.0,0.3773584
2025-10,Віват Канцелярія,DJ05640,0.0,0.34527385
2025-11,Віват Канцелярія,DJ05640,1.0,0.29211244
2025-12,Віват Канцелярія,DJ05640,0.0,0.5673646
2026-01,Віват Канцелярія,DJ05640,0.0,0.1402259
2026-02,Віват Канцелярія,DJ05640,0.0,0.1054695
2025-07,ІМ-Розетка,DJ05641,3.0,0.5643362
2025-08,ІМ-Розетка,DJ05641,2.0,0.51109886
2025-09,ІМ-Розетка,DJ05641,1.0,2.3408663
2025-10,ІМ-Розетка,DJ05641,2.0,1.147288
2025-11,ІМ-Розетка,DJ05641,0.0,0.0
2025-12,ІМ-Розетка,DJ05641,0.0,0.0
2026-01,ІМ-Розетка,DJ05641,0.0,0.0
2026-02,ІМ-Розетка,DJ05641,0.0,0.0
2025-07,Акварель,DJ05641,0.0,0.44320774
2025-08,Акварель,DJ05641,1.0,0.5365954
2025-09,Акварель,DJ05641,1.0,1.2370996
2025-10,Акварель,DJ05641,0.0,0.0
2025-11,Акварель,DJ05641,0.0,0.0
2025-12,Акварель,DJ05641,1.0,1.1079106
2026-01,Акварель,DJ05641,2.0,1.1195189
2026-02,Акварель,DJ05641,1.0,0.98104686
2025-07,Антошка,DJ05641,0.0,0.37910336
2025-08,Антошка,DJ05641,1.0,0.35838133
2025-09,Антошка,DJ05641,1.0,0.8765878
2025-10,Антошка,DJ05641,0.0,0.0
2025-11,Антошка,DJ05641,0.0,0.0
2025-12,Антошка,DJ05641,0.0,0.0
2026-01,Антошка,DJ05641,0.0,0.0
2026-02,Антошка,DJ05641,0.0,0.0
2025-07,БІ,DJ05641,1.0,2.294716
2025-08,БІ,DJ05641,4.0,0.46616173
2025-09,БІ,DJ05641,0.0,0.0
2025-10,БІ,DJ05641,0.0,0.0
2025-11,БІ,DJ05641,0.0,0.0
2025-12,БІ,DJ05641,0.0,0.0
2026-01,БІ,DJ05641,0.0,0.0
2026-02,БІ,DJ05641,0.0,0.0
2025-07,Епіцентр,DJ05641,1.0,0.2744222
2025-08,Епіцентр,DJ05641,0.0,0.3077747
2025-09,Епіцентр,DJ05641,0.0,0.38082442
2025-10,Епіцентр,DJ05641,0.0,0.35725752
2025-11,Епіцентр,DJ05641,0.0,0.29179576
2025-12,Епіцентр,DJ05641,1.0,0.5094286
2026-01,Епіцентр,DJ05641,0.0,0.2561028
2026-02,Епіцентр,DJ05641,1.0,0.107792266
2025-07,МайПлей,DJ05641,0.0,0.3173314
2025-08,МайПлей,DJ05641,0.0,0.24410146
2025-09,МайПлей,DJ05641,0.0,0.40719703
2025-10,МайПлей,DJ05641,1.0,0.380082
2025-11,МайПлей,DJ05641,1.0,0.9717575
2025-12,МайПлей,DJ05641,6.0,1.6452242
2026-01,МайПлей,DJ05641,1.0,1.1417035
2026-02,МайПлей,DJ05641,1.0,1.0564256
2025-07,Мегамаркет,DJ05641,1.0,0.37268996
2025-08,Мегамаркет,DJ05641,0.0,0.3311617
2025-09,Мегамаркет,DJ05641,0.0,0.0
2025-10,Мегамаркет,DJ05641,0.0,0.0
2025-11,Мегамаркет,DJ05641,0.0,0.0
2025-12,Мегамаркет,DJ05641,0.0,0.0
2026-01,Мегамаркет,DJ05641,0.0,0.0
2026-02,Мегамаркет,DJ05641,0.0,0.0
2025-07,ІМ-Розетка,DJ05642,2.0,0.54367894
2025-08,ІМ-Розетка,DJ05642,0.0,0.5126196
2025-09,ІМ-Розетка,DJ05642,1.0,0.5986654
2025-10,ІМ-Розетка,DJ05642,2.0,0.13488542
2025-11,ІМ-Розетка,DJ05642,0.0,0.0
2025-12,ІМ-Розетка,DJ05642,0.0,0.0
2026-01,ІМ-Розетка,DJ05642,0.0,0.0
2026-02,ІМ-Розетка,DJ05642,0.0,0.0
2025-07,Акварель,DJ05642,1.0,0.44970378
2025-08,Акварель,DJ05642,1.0,0.5447904
2025-09,Акварель,DJ05642,2.0,0.5013468
2025-10,Акварель,DJ05642,2.0,0.6389413
2025-11,Акварель,DJ05642,1.0,1.3880057
2025-12,Акварель,DJ05642,1.0,2.7670436
2026-01,Акварель,DJ05642,0.0,0.0
2026-02,Акварель,DJ05642,0.0,0.0
2025-07,БІ,DJ05642,0.0,2.24759
2025-08,БІ,DJ05642,0.0,1.9620785
2025-09,БІ,DJ05642,1.0,1.5676178
2025-10,БІ,DJ05642,0.0,0.5826179
2025-11,БІ,DJ05642,0.0,0.0
2025-12,БІ,DJ05642,1.0,4.498924
2026-01,БІ,DJ05642,1.0,1.5623592
2026-02,БІ,DJ05642,0.0,0.0
2025-07,Епіцентр,DJ05642,0.0,0.687125
2025-08,Епіцентр,DJ05642,1.0,0.30392173
2025-09,Епіцентр,DJ05642,0.0,0.2531472
2025-10,Епіцентр,DJ05642,0.0,0.21288815
2025-11,Епіцентр,DJ05642,0.0,0.3182306
2025-12,Епіцентр,DJ05642,2.0,0.48362026
2026-01,Епіцентр,DJ05642,1.0,0.19453257
2026-02,Епіцентр,DJ05642,0.0,0.22147724
2025-07,МайПлей,DJ05642,0.0,0.3889659
2025-08,МайПлей,DJ05642,1.0,0.22721484
2025-09,МайПлей,DJ05642,1.0,0.42852512
2025-10,МайПлей,DJ05642,3.0,0.41367418
2025-11,МайПлей,DJ05642,0.0,0.0
2025-12,МайПлей,DJ05642,1.0,1.9225185
2026-01,МайПлей,DJ05642,0.0,0.0
2026-02,МайПлей,DJ05642,2.0,0.7542829
2025-07,ІМ-Розетка,DJ06103,2.0,2.322416
2025-08,ІМ-Розетка,DJ06103,2.0,2.1525168
2025-09,ІМ-Розетка,DJ06103,0.0,0.45028323
2025-10,ІМ-Розетка,DJ06103,0.0,0.1192829
2025-11,ІМ-Розетка,DJ06103,0.0,0.13902481
2025-12,ІМ-Розетка,DJ06103,1.0,2.126337
2026-01,ІМ-Розетка,DJ06103,0.0,0.0
2026-02,ІМ-Розетка,DJ06103,1.0,0.7915163
2025-07,БІ,DJ06103,5.0,3.4038365
2025-08,БІ,DJ06103,8.0,4.096652
2025-09,БІ,DJ06103,3.0,5.192104
2025-10,БІ,DJ06103,6.0,5.3037825
2025-11,БІ,DJ06103,13.0,6.8934155
2025-12,БІ,DJ06103,30.0,18.28724
2026-01,БІ,DJ06103,8.0,4.7635813
2026-02,БІ,DJ06103,3.0,2.110209
2025-07,Акварель,DJ06432,0.0,0.09001574
2025-08,Акварель,DJ06432,0.0,0.04472172
2025-09,Акварель,DJ06432,0.0,0.289875
2025-10,Акварель,DJ06432,0.0,0.2728729
2025-11,Акварель,DJ06432,0.0,0.2727245
2025-12,Акварель,DJ06432,0.0,0.75662947
2026-01,Акварель,DJ06432,1.0,0.0
2026-02,Акварель,DJ06432,0.0,0.281715
2025-07,Акварель,DJ06433,0.0,0.0
2025-08,Акварель,DJ06433,4.0,1.5256633
2025-09,Акварель,DJ06433,1.0,1.4094511
2025-10,Акварель,DJ06433,1.0,1.6331708
2025-11,Акварель,DJ06433,2.0,1.5218174
2025-12,Акварель,DJ06433,2.0,2.898878
2026-01,Акварель,DJ06433,3.0,0.5448993
2026-02,Акварель,DJ06433,1.0,1.3968703
2025-07,ІМ-Розетка,DJ06481,1.0,0.5704437
2025-08,ІМ-Розетка,DJ06481,1.0,0.4932777
2025-09,ІМ-Розетка,DJ06481,2.0,0.6806828
2025-10,ІМ-Розетка,DJ06481,1.0,0.5755188
2025-11,ІМ-Розетка,DJ06481,0.0,0.5759201
2025-12,ІМ-Розетка,DJ06481,6.0,0.1473079
2026-01,ІМ-Розетка,DJ06481,0.0,0.34562305
2026-02,ІМ-Розетка,DJ06481,0.0,0.13302518
2025-07,Антошка,DJ06481,0.0,0.4380198
2025-08,Антошка,DJ06481,0.0,0.47582135
2025-09,Антошка,DJ06481,1.0,0.45447838
2025-10,Антошка,DJ06481,0.0,0.5186308
2025-11,Антошка,DJ06481,1.0,0.4113941
2025-12,Антошка,DJ06481,0.0,1.0069473
2026-01,Антошка,DJ06481,0.0,0.07309652
2026-02,Антошка,DJ06481,1.0,0.040611766
2025-07,БІ,DJ06481,1.0,2.2310987
2025-08,БІ,DJ06481,2.0,2.3920867
2025-09,БІ,DJ06481,1.0,1.7160345
2025-10,БІ,DJ06481,2.0,2.0756865
2025-11,БІ,DJ06481,4.0,2.4252105
2025-12,БІ,DJ06481,2.0,5.444422
2026-01,БІ,DJ06481,2.0,1.5879679
2026-02,БІ,DJ06481,3.0,1.2772235
2025-07,МайПлей,DJ06481,0.0,0.36442617
2025-08,МайПлей,DJ06481,0.0,0.38361576
2025-09,МайПлей,DJ06481,1.0,0.39084414
2025-10,МайПлей,DJ06481,1.0,0.45106468
2025-11,МайПлей,DJ06481,0.0,0.38215238
2025-12,МайПлей,DJ06481,6.0,0.9034177
2026-01,МайПлей,DJ06481,1.0,0.4603363
2026-02,МайПлей,DJ06481,0.0,0.25069684
2025-07,ІМ-Розетка,DJ06646,1.0,0.5771863
2025-08,ІМ-Розетка,DJ06646,3.0,0.15611553
2025-09,ІМ-Розетка,DJ06646,0.0,0.28074515
2025-10,ІМ-Розетка,DJ06646,0.0,0.07677742
2025-11,ІМ-Розетка,DJ06646,0.0,0.014680357
2025-12,ІМ-Розетка,DJ06646,0.0,0.022571012
2026-01,ІМ-Розетка,DJ06646,0.0,0.018005883
2026-02,ІМ-Розетка,DJ06646,0.0,0.04217591
2025-07,ІМ-Розетка,DJ06970,3.0,1.4872537
2025-08,ІМ-Розетка,DJ06970,1.0,1.3068354
2025-09,ІМ-Розетка,DJ06970,0.0,1.7594161
2025-10,ІМ-Розетка,DJ06970,14.0,1.7961521
2025-11,ІМ-Розетка,DJ06970,0.0,0.0
2025-12,ІМ-Розетка,DJ06970,0.0,0.0
2026-01,ІМ-Розетка,DJ06970,0.0,0.0
2026-02,ІМ-Розетка,DJ06970,0.0,0.0
2025-07,Акварель,DJ06970,1.0,2.9091775
2025-08,Акварель,DJ06970,5.0,3.0864437
2025-09,Акварель,DJ06970,3.0,3.7123377
2025-10,Акварель,DJ06970,6.0,3.6733816
2025-11,Акварель,DJ06970,3.0,4.220483
2025-12,Акварель,DJ06970,6.0,5.812914
2026-01,Акварель,DJ06970,5.0,1.6733279
2026-02,Акварель,DJ06970,2.0,2.0529344
2025-07,Антошка,DJ06970,3.0,0.65928394
2025-08,Антошка,DJ06970,0.0,1.6891204
2025-09,Антошка,DJ06970,0.0,0.7945045
2025-10,Антошка,DJ06970,2.0,0.77672166
2025-11,Антошка,DJ06970,2.0,0.6833607
2025-12,Антошка,DJ06970,0.0,1.3526273
2026-01,Антошка,DJ06970,0.0,0.07332709
2026-02,Антошка,DJ06970,0.0,0.23151892
2025-07,БІ,DJ06970,8.0,4.4742537
2025-08,БІ,DJ06970,4.0,5.1795783
2025-09,БІ,DJ06970,2.0,5.484691
2025-10,БІ,DJ06970,3.0,4.0141735
2025-11,БІ,DJ06970,10.0,3.8946593
2025-12,БІ,DJ06970,4.0,7.655244
2026-01,БІ,DJ06970,2.0,2.2338996
2026-02,БІ,DJ06970,3.0,1.4493244
2025-07,Віват Канцелярія,DJ06970,0.0,0.37331548
2025-08,Віват Канцелярія,DJ06970,2.0,0.42310128
2025-09,Віват Канцелярія,DJ06970,0.0,0.6056225
2025-10,Віват Канцелярія,DJ06970,1.0,0.48231414
2025-11,Віват Канцелярія,DJ06970,1.0,0.5081997
2025-12,Віват Канцелярія,DJ06970,3.0,0.7751668
2026-01,Віват Канцелярія,DJ06970,0.0,0.5728358
2026-02,Віват Канцелярія,DJ06970,0.0,0.11595988
2025-07,МайПлей,DJ06970,1.0,0.6442878
2025-08,МайПлей,DJ06970,0.0,0.6103476
2025-09,МайПлей,DJ06970,0.0,0.43239138
2025-10,МайПлей,DJ06970,0.0,0.0
2025-11,МайПлей,DJ06970,2.0,1.0342164
2025-12,МайПлей,DJ06970,3.0,1.9661924
2026-01,МайПлей,DJ06970,1.0,1.1579586
2026-02,МайПлей,DJ06970,4.0,1.0438815
2025-07,СмартТойс,DJ06970,0.0,0.0
2025-08,СмартТойс,DJ06970,2.0,1.2991806
2025-09,СмартТойс,DJ06970,0.0,0.0
2025-10,СмартТойс,DJ06970,1.0,1.3390685
2025-11,СмартТойс,DJ06970,0.0,0.0
2025-12,СмартТойс,DJ06970,0.0,0.0
2026-01,СмартТойс,DJ06970,0.0,0.0
2026-02,СмартТойс,DJ06970,0.0,0.0
2025-07,Смік,DJ06970,0.0,0.42316806
2025-08,Смік,DJ06970,1.0,0.40577948
2025-09,Смік,DJ06970,0.0,0.43647736
2025-10,Смік,DJ06970,2.0,0.4545082
2025-11,Смік,DJ06970,0.0,0.63143927
2025-12,Смік,DJ06970,1.0,0.9313688
2026-01,Смік,DJ06970,0.0,0.28272867
2026-02,Смік,DJ06970,0.0,0.13314359
2025-07,Акварель,DJ06971,1.0,1.8433993
2025-08,Акварель,DJ06971,1.0,1.8476015
2025-09,Акварель,DJ06971,1.0,1.5746034
2025-10,Акварель,DJ06971,1.0,1.4804497
2025-11,Акварель,DJ06971,0.0,0.0
2025-12,Акварель,DJ06971,1.0,1.9037652
2026-01,Акварель,DJ06971,1.0,0.9807525
2026-02,Акварель,DJ06971,0.0,0.0
2025-07,БІ,DJ06971,0.0,0.0
2025-08,БІ,DJ06971,0.0,0.0
2025-09,БІ,DJ06971,0.0,0.0
2025-10,БІ,DJ06971,1.0,1.8608601
2025-11,БІ,DJ06971,0.0,0.0
2025-12,БІ,DJ06971,0.0,0.0
2026-01,БІ,DJ06971,0.0,0.0
2026-02,БІ,DJ06971,0.0,0.0
2025-07,Віват Канцелярія,DJ06971,0.0,0.37771505
2025-08,Віват Канцелярія,DJ06971,1.0,0.4116458
2025-09,Віват Канцелярія,DJ06971,1.0,0.3926839
2025-10,Віват Канцелярія,DJ06971,0.0,0.40199122
2025-11,Віват Канцелярія,DJ06971,1.0,0.35718435
2025-12,Віват Канцелярія,DJ06971,1.0,0.8148962
2026-01,Віват Канцелярія,DJ06971,0.0,0.9212041
2026-02,Віват Канцелярія,DJ06971,0.0,0.12088553
2025-07,МайПлей,DJ06971,0.0,0.0
2025-08,МайПлей,DJ06971,0.0,0.47867575
2025-09,МайПлей,DJ06971,0.0,0.37801284
2025-10,МайПлей,DJ06971,0.0,0.34300262
2025-11,МайПлей,DJ06971,0.0,0.34294897
2025-12,МайПлей,DJ06971,3.0,0.72593224
2026-01,МайПлей,DJ06971,1.0,0.47947675
2026-02,МайПлей,DJ06971,0.0,0.0
2025-07,Смік,DJ06971,0.0,0.38159934
2025-08,Смік,DJ06971,1.0,0.37857884
2025-09,Смік,DJ06971,0.0,0.37939397
2025-10,Смік,DJ06971,0.0,0.32847235
2025-11,Смік,DJ06971,0.0,0.3276622
2025-12,Смік,DJ06971,1.0,0.5639892
2026-01,Смік,DJ06971,0.0,0.3019242
2026-02,Смік,DJ06971,0.0,0.13327058
2025-07,Акварель,DJ07015,2.0,1.09982
2025-08,Акварель,DJ07015,3.0,1.6101098
2025-09,Акварель,DJ07015,1.0,1.7294712
2025-10,Акварель,DJ07015,1.0,1.6844827
2025-11,Акварель,DJ07015,0.0,0.0
2025-12,Акварель,DJ07015,0.0,0.0
2026-01,Акварель,DJ07015,0.0,0.0
2026-02,Акварель,DJ07015,1.0,0.43779594
2025-07,Акварель,DJ07016,1.0,1.4344616
2025-08,Акварель,DJ07016,1.0,1.0958375
2025-09,Акварель,DJ07016,0.0,0.0
2025-10,Акварель,DJ07016,1.0,1.4817827
2025-11,Акварель,DJ07016,0.0,0.0
2025-12,Акварель,DJ07016,0.0,0.0
2026-01,Акварель,DJ07016,0.0,0.0
2026-02,Акварель,DJ07016,0.0,0.0
2025-07,ІМ-Розетка,DJ07112,1.0,1.9963356
2025-08,ІМ-Розетка,DJ07112,2.0,1.6832268
2025-09,ІМ-Розетка,DJ07112,2.0,1.7978374
2025-10,ІМ-Розетка,DJ07112,1.0,1.4319117
2025-11,ІМ-Розетка,DJ07112,0.0,0.41865134
2025-12,ІМ-Розетка,DJ07112,0.0,0.6665211
2026-01,ІМ-Розетка,DJ07112,0.0,0.0
2026-02,ІМ-Розетка,DJ07112,0.0,0.0
2025-07,Акварель,DJ07112,0.0,2.3007796
2025-08,Акварель,DJ07112,0.0,1.8832204
2025-09,Акварель,DJ07112,1.0,0.70415884
2025-10,Акварель,DJ07112,4.0,1.350355
2025-11,Акварель,DJ07112,2.0,1.8466846
2025-12,Акварель,DJ07112,9.0,6.3997455
2026-01,Акварель,DJ07112,3.0,4.8808327
2026-02,Акварель,DJ07112,1.0,1.6325138
2025-07,Антошка,DJ07112,2.0,1.571527
2025-08,Антошка,DJ07112,4.0,2.4893923
2025-09,Антошка,DJ07112,0.0,2.287404
2025-10,Антошка,DJ07112,2.0,1.3916794
2025-11,Антошка,DJ07112,5.0,2.5061212
2025-12,Антошка,DJ07112,13.0,11.191786
2026-01,Антошка,DJ07112,11.0,2.824207
2026-02,Антошка,DJ07112,2.0,2.219985
2025-07,БІ,DJ07112,19.0,19.317108
2025-08,БІ,DJ07112,15.0,18.94082
2025-09,БІ,DJ07112,15.0,17.221788
2025-10,БІ,DJ07112,29.0,17.433914
2025-11,БІ,DJ07112,50.0,27.517946
2025-12,БІ,DJ07112,113.0,91.69951
2026-01,БІ,DJ07112,37.0,35.78724
2026-02,БІ,DJ07112,33.0,12.054069
2025-07,Епіцентр,DJ07112,0.0,0.5275238
2025-08,Епіцентр,DJ07112,1.0,0.94559693
2025-09,Епіцентр,DJ07112,0.0,1.3090731
2025-10,Епіцентр,DJ07112,0.0,0.4191318
2025-11,Епіцентр,DJ07112,0.0,0.37224537
2025-12,Епіцентр,DJ07112,2.0,1.6017109
2026-01,Епіцентр,DJ07112,1.0,1.0457525
2026-02,Епіцентр,DJ07112,0.0,0.0
2025-07,МайПлей,DJ07112,3.0,1.116843
2025-08,МайПлей,DJ07112,1.0,2.3811638
2025-09,МайПлей,DJ07112,0.0,1.3789434
2025-10,МайПлей,DJ07112,1.0,0.89022833
2025-11,МайПлей,DJ07112,1.0,0.97263736
2025-12,МайПлей,DJ07112,3.0,4.064735
2026-01,МайПлей,DJ07112,4.0,1.0747839
2026-02,МайПлей,DJ07112,0.0,0.0
2025-07,Супрун ФОП,DJ07112,15.0,7.232537
2025-08,Супрун ФОП,DJ07112,7.0,9.117752
2025-09,Супрун ФОП,DJ07112,0.0,0.0
2025-10,Супрун ФОП,DJ07112,0.0,0.0
2025-11,Супрун ФОП,DJ07112,0.0,0.0
2025-12,Супрун ФОП,DJ07112,25.0,11.741008
2026-01,Супрун ФОП,DJ07112,0.0,0.09232563
2026-02,Супрун ФОП,DJ07112,0.0,0.0
2025-07,ІМ-МауДау,DJ07114,0.0,0.48382995
2025-08,ІМ-МауДау,DJ07114,1.0,0.53910106
2025-09,ІМ-МауДау,DJ07114,0.0,0.5953053
2025-10,ІМ-МауДау,DJ07114,1.0,0.52559
2025-11,ІМ-МауДау,DJ07114,0.0,0.27900773
2025-12,ІМ-МауДау,DJ07114,2.0,1.3363329
2026-01,ІМ-МауДау,DJ07114,0.0,0.24822874
2026-02,ІМ-МауДау,DJ07114,0.0,0.14168964
2025-07,ІМ-Розетка,DJ07114,1.0,1.7240068
2025-08,ІМ-Розетка,DJ07114,0.0,0.3147324
2025-09,ІМ-Розетка,DJ07114,0.0,0.17625268
2025-10,ІМ-Розетка,DJ07114,0.0,0.12482897
2025-11,ІМ-Розетка,DJ07114,3.0,1.3365755
2025-12,ІМ-Розетка,DJ07114,4.0,2.5454686
2026-01,ІМ-Розетка,DJ07114,0.0,0.0
2026-02,ІМ-Розетка,DJ07114,0.0,0.0
2025-07,Акварель,DJ07114,3.0,0.9278036
2025-08,Акварель,DJ07114,2.0,2.8662112
2025-09,Акварель,DJ07114,3.0,1.8410803
2025-10,Акварель,DJ07114,4.0,2.0636613
2025-11,Акварель,DJ07114,1.0,2.073352
2025-12,Акварель,DJ07114,3.0,4.186765
2026-01,Акварель,DJ07114,5.0,1.0336691
2026-02,Акварель,DJ07114,0.0,0.0
2025-07,БІ,DJ07114,21.0,22.621769
2025-08,БІ,DJ07114,12.0,19.818108
2025-09,БІ,DJ07114,9.0,11.617362
2025-10,БІ,DJ07114,21.0,15.244998
2025-11,БІ,DJ07114,32.0,20.280025
2025-12,БІ,DJ07114,95.0,61.847992
2026-01,БІ,DJ07114,39.0,20.856121
2026-02,БІ,DJ07114,19.0,10.765003
2025-07,Віват Канцелярія,DJ07114,0.0,0.35271072
2025-08,Віват Канцелярія,DJ07114,0.0,0.39455977
2025-09,Віват Канцелярія,DJ07114,1.0,0.4003012
2025-10,Віват Канцелярія,DJ07114,0.0,0.6129026
2025-11,Віват Канцелярія,DJ07114,2.0,0.57018024
2025-12,Віват Канцелярія,DJ07114,12.0,2.4276297
2026-01,Віват Канцелярія,DJ07114,0.0,0.0
2026-02,Віват Канцелярія,DJ07114,0.0,0.0
2025-07,МайПлей,DJ07114,2.0,0.9030097
2025-08,МайПлей,DJ07114,2.0,1.3601055
2025-09,МайПлей,DJ07114,5.0,0.9611715
2025-10,МайПлей,DJ07114,3.0,1.6675326
2025-11,МайПлей,DJ07114,1.0,1.6669372
2025-12,МайПлей,DJ07114,1.0,4.6704526
2026-01,МайПлей,DJ07114,0.0,0.0
2026-02,МайПлей,DJ07114,1.0,0.66332966
2025-07,Мегамаркет,DJ07114,0.0,0.46328107
2025-08,Мегамаркет,DJ07114,0.0,0.3290108
2025-09,Мегамаркет,DJ07114,0.0,0.317593
2025-10,Мегамаркет,DJ07114,0.0,0.36236218
2025-11,Мегамаркет,DJ07114,0.0,0.36855367
2025-12,Мегамаркет,DJ07114,0.0,0.0
2026-01,Мегамаркет,DJ07114,0.0,0.0
2026-02,Мегамаркет,DJ07114,1.0,0.4541555
2025-07,Супрун ФОП,DJ07114,12.0,3.0341024
2025-08,Супрун ФОП,DJ07114,15.0,6.937436
2025-09,Супрун ФОП,DJ07114,0.0,0.038449813
2025-10,Супрун ФОП,DJ07114,1.0,2.6698415
2025-11,Супрун ФОП,DJ07114,26.0,2.7283983
2025-12,Супрун ФОП,DJ07114,13.0,26.784786
2026-01,Супрун ФОП,DJ07114,1.0,5.055254
2026-02,Супрун ФОП,DJ07114,0.0,0.0
2025-07,ІМ-Розетка,DJ07161,2.0,1.9485329
2025-08,ІМ-Розетка,DJ07161,4.0,2.7611542
2025-09,ІМ-Розетка,DJ07161,1.0,2.7115169
2025-10,ІМ-Розетка,DJ07161,1.0,2.7057493
2025-11,ІМ-Розетка,DJ07161,2.0,3.2780998
2025-12,ІМ-Розетка,DJ07161,3.0,5.5706263
2026-01,ІМ-Розетка,DJ07161,0.0,0.0
2026-02,ІМ-Розетка,DJ07161,0.0,0.0
2025-07,Акварель,DJ07161,1.0,1.656654
2025-08,Акварель,DJ07161,1.0,2.2062647
2025-09,Акварель,DJ07161,3.0,1.7355444
2025-10,Акварель,DJ07161,2.0,1.6928114
2025-11,Акварель,DJ07161,2.0,2.306801
2025-12,Акварель,DJ07161,7.0,10.415983
2026-01,Акварель,DJ07161,5.0,3.121478
2026-02,Акварель,DJ07161,0.0,0.0
2025-07,Антошка,DJ07161,5.0,1.5769712
2025-08,Антошка,DJ07161,6.0,2.7140167
2025-09,Антошка,DJ07161,6.0,4.851288
2025-10,Антошка,DJ07161,6.0,4.7991843
2025-11,Антошка,DJ07161,12.0,5.171102
2025-12,Антошка,DJ07161,8.0,15.229743
2026-01,Антошка,DJ07161,10.0,2.6659722
2026-02,Антошка,DJ07161,5.0,1.3885978
2025-07,БІ,DJ07161,19.0,26.193882
2025-08,БІ,DJ07161,30.0,20.128668
2025-09,БІ,DJ07161,25.0,27.143148
2025-10,БІ,DJ07161,40.0,29.74607
2025-11,БІ,DJ07161,55.0,31.82787
2025-12,БІ,DJ07161,79.0,97.80781
2026-01,БІ,DJ07161,38.0,29.939785
2026-02,БІ,DJ07161,18.0,13.052911
2025-07,Віват Канцелярія,DJ07161,0.0,0.2446599
2025-08,Віват Канцелярія,DJ07161,1.0,0.4523279
2025-09,Віват Канцелярія,DJ07161,0.0,1.0448406
2025-10,Віват Канцелярія,DJ07161,0.0,0.30816704
2025-11,Віват Канцелярія,DJ07161,1.0,0.40605655
2025-12,Віват Канцелярія,DJ07161,2.0,1.8563696
2026-01,Віват Канцелярія,DJ07161,0.0,1.6273481
2026-02,Віват Канцелярія,DJ07161,0.0,0.752884
2025-07,МайПлей,DJ07161,2.0,1.0415425
2025-08,МайПлей,DJ07161,2.0,1.6088516
2025-09,МайПлей,DJ07161,1.0,0.68142056
2025-10,МайПлей,DJ07161,0.0,0.8149225
2025-11,МайПлей,DJ07161,0.0,0.53786075
2025-12,МайПлей,DJ07161,3.0,1.5329586
2026-01,МайПлей,DJ07161,1.0,1.203175
2026-02,МайПлей,DJ07161,1.0,0.939468
2025-07,Мегамаркет,DJ07161,1.0,0.30749932
2025-08,Мегамаркет,DJ07161,1.0,0.24326321
2025-09,Мегамаркет,DJ07161,0.0,0.3239781
2025-10,Мегамаркет,DJ07161,3.0,0.46771413
2025-11,Мегамаркет,DJ07161,0.0,0.67416143
2025-12,Мегамаркет,DJ07161,0.0,0.98741144
2026-01,Мегамаркет,DJ07161,0.0,0.019800024
2026-02,Мегамаркет,DJ07161,0.0,0.0
2025-07,ІМ-МауДау,DJ07162,0.0,0.08913736
2025-08,ІМ-МауДау,DJ07162,0.0,0.12181226
2025-09,ІМ-МауДау,DJ07162,0.0,0.2193869
2025-10,ІМ-МауДау,DJ07162,3.0,1.3836993
2025-11,ІМ-МауДау,DJ07162,1.0,1.2278727
2025-12,ІМ-МауДау,DJ07162,1.0,1.2592106
2026-01,ІМ-МауДау,DJ07162,0.0,0.2590447
2026-02,ІМ-МауДау,DJ07162,0.0,0.10764852
2025-07,Акварель,DJ07162,2.0,1.8692716
2025-08,Акварель,DJ07162,3.0,2.0691297
2025-09,Акварель,DJ07162,2.0,1.7625941
2025-10,Акварель,DJ07162,3.0,1.9760697
2025-11,Акварель,DJ07162,1.0,2.4789286
2025-12,Акварель,DJ07162,10.0,9.076585
2026-01,Акварель,DJ07162,6.0,2.2416499
2026-02,Акварель,DJ07162,3.0,2.4309907
2025-07,Антошка,DJ07162,5.0,6.201156
2025-08,Антошка,DJ07162,6.0,4.4646974
2025-09,Антошка,DJ07162,5.0,6.688239
2025-10,Антошка,DJ07162,8.0,8.674189
2025-11,Антошка,DJ07162,10.0,10.094688
2025-12,Антошка,DJ07162,18.0,22.388443
2026-01,Антошка,DJ07162,6.0,4.7913947
2026-02,Антошка,DJ07162,7.0,2.1689413
2025-07,Епіцентр,DJ07162,2.0,1.0207394
2025-08,Епіцентр,DJ07162,1.0,0.99908495
2025-09,Епіцентр,DJ07162,0.0,1.2280037
2025-10,Епіцентр,DJ07162,1.0,0.6493077
2025-11,Епіцентр,DJ07162,5.0,1.2271332
2025-12,Епіцентр,DJ07162,1.0,3.4764616
2026-01,Епіцентр,DJ07162,0.0,0.26400068
2026-02,Епіцентр,DJ07162,1.0,0.11316123
2025-07,МайПлей,DJ07162,2.0,0.55423015
2025-08,МайПлей,DJ07162,0.0,0.682932
2025-09,МайПлей,DJ07162,0.0,0.65862155
2025-10,МайПлей,DJ07162,0.0,0.6300349
2025-11,МайПлей,DJ07162,0.0,0.5672563
2025-12,МайПлей,DJ07162,0.0,1.5419245
2026-01,МайПлей,DJ07162,0.0,0.04050136
2026-02,МайПлей,DJ07162,1.0,0.015563329
2025-07,Мегамаркет,DJ07162,1.0,0.5767562
2025-08,Мегамаркет,DJ07162,2.0,0.2557421
2025-09,Мегамаркет,DJ07162,0.0,0.31845704
2025-10,Мегамаркет,DJ07162,3.0,0.611071
2025-11,Мегамаркет,DJ07162,0.0,0.0
2025-12,Мегамаркет,DJ07162,0.0,1.0677
2026-01,Мегамаркет,DJ07162,0.0,0.010945449
2026-02,Мегамаркет,DJ07162,0.0,0.0
2025-07,Акварель,DJ07205,1.0,1.1463026
2025-08,Акварель,DJ07205,1.0,1.1906118
2025-09,Акварель,DJ07205,0.0,0.0
2025-10,Акварель,DJ07205,0.0,0.0
2025-11,Акварель,DJ07205,0.0,0.0
2025-12,Акварель,DJ07205,2.0,0.99180347
2026-01,Акварель,DJ07205,0.0,0.0
2026-02,Акварель,DJ07205,0.0,0.0
2025-07,Сільпо,DJ07227,0.0,0.0
2025-08,Сільпо,DJ07227,1.0,0.77295965
2025-09,Сільпо,DJ07227,1.0,1.0331701
2025-10,Сільпо,DJ07227,2.0,0.9020383
2025-11,Сільпо,DJ07227,0.0,0.0
2025-12,Сільпо,DJ07227,0.0,0.0
2026-01,Сільпо,DJ07227,0.0,0.0
2026-02,Сільпо,DJ07227,0.0,0.0
2025-07,Акварель,DJ07241,0.0,0.0
2025-08,Акварель,DJ07241,0.0,0.0
2025-09,Акварель,DJ07241,0.0,0.0
2025-10,Акварель,DJ07241,1.0,0.81189895
2025-11,Акварель,DJ07241,1.0,0.87289304
2025-12,Акварель,DJ07241,1.0,1.43834
2026-01,Акварель,DJ07241,0.0,0.0
2026-02,Акварель,DJ07241,0.0,0.0
2025-07,Віват Канцелярія,DJ07241,0.0,0.4019528
2025-08,Віват Канцелярія,DJ07241,0.0,0.37140986
2025-09,Віват Канцелярія,DJ07241,0.0,0.30512944
2025-10,Віват Канцелярія,DJ07241,2.0,0.2176566
2025-11,Віват Канцелярія,DJ07241,1.0,0.32465887
2025-12,Віват Канцелярія,DJ07241,2.0,0.8826648
2026-01,Віват Канцелярія,DJ07241,0.0,0.6997594
2026-02,Віват Канцелярія,DJ07241,0.0,0.106319234
2025-07,Віват Канцелярія,DJ07246,0.0,0.0
2025-08,Віват Канцелярія,DJ07246,1.0,0.7149348
2025-09,Віват Канцелярія,DJ07246,1.0,0.82736635
2025-10,Віват Канцелярія,DJ07246,0.0,0.0
2025-11,Віват Канцелярія,DJ07246,0.0,0.0
2025-12,Віват Канцелярія,DJ07246,1.0,0.8475082
2026-01,Віват Канцелярія,DJ07246,0.0,0.0
2026-02,Віват Канцелярія,DJ07246,0.0,0.0
2025-07,Віват Канцелярія,DJ07256,1.0,0.23855914
2025-08,Віват Канцелярія,DJ07256,0.0,0.24862371
2025-09,Віват Канцелярія,DJ07256,1.0,0.23019661
2025-10,Віват Канцелярія,DJ07256,0.0,0.11751043
2025-11,Віват Канцелярія,DJ07256,1.0,0.075409584
2025-12,Віват Канцелярія,DJ07256,0.0,0.37674958
2026-01,Віват Канцелярія,DJ07256,0.0,0.09113602
2026-02,Віват Канцелярія,DJ07256,0.0,0.09877849
2025-07,Акварель,DJ07282,0.0,0.0
2025-08,Акварель,DJ07282,0.0,0.6898118
2025-09,Акварель,DJ07282,0.0,0.3921944
2025-10,Акварель,DJ07282,1.0,0.2727247
2025-11,Акварель,DJ07282,0.0,0.0
2025-12,Акварель,DJ07282,0.0,1.1528645
2026-01,Акварель,DJ07282,0.0,0.09807804
2026-02,Акварель,DJ07282,1.0,0.04248718
2025-07,БІ,DJ07282,0.0,0.0
2025-08,БІ,DJ07282,1.0,1.3975892
2025-09,БІ,DJ07282,1.0,1.3800832
2025-10,БІ,DJ07282,3.0,1.5176864
2025-11,БІ,DJ07282,0.0,0.0
2025-12,БІ,DJ07282,1.0,3.5510666
2026-01,БІ,DJ07282,1.0,0.98669106
2026-02,БІ,DJ07282,0.0,0.0
2025-07,Епіцентр,DJ07282,2.0,0.34936613
2025-08,Епіцентр,DJ07282,1.0,0.646937
2025-09,Епіцентр,DJ07282,0.0,0.42660937
2025-10,Епіцентр,DJ07282,0.0,0.49596733
2025-11,Епіцентр,DJ07282,1.0,0.37424695
2025-12,Епіцентр,DJ07282,2.0,1.0467046
2026-01,Епіцентр,DJ07282,0.0,0.08848284
2026-02,Епіцентр,DJ07282,0.0,0.0936104
2025-07,ІМ-Розетка,DJ07900,3.0,3.3012695
2025-08,ІМ-Розетка,DJ07900,0.0,0.0
2025-09,ІМ-Розетка,DJ07900,0.0,0.0
2025-10,ІМ-Розетка,DJ07900,0.0,0.0
2025-11,ІМ-Розетка,DJ07900,0.0,0.0
2025-12,ІМ-Розетка,DJ07900,0.0,0.0
2026-01,ІМ-Розетка,DJ07900,0.0,0.0
2026-02,ІМ-Розетка,DJ07900,0.0,0.0
2025-07,Акварель,DJ07900,6.0,3.449641
2025-08,Акварель,DJ07900,3.0,3.734368
2025-09,Акварель,DJ07900,13.0,3.3394234
2025-10,Акварель,DJ07900,28.0,5.3118024
2025-11,Акварель,DJ07900,5.0,9.896752
2025-12,Акварель,DJ07900,7.0,16.289244
2026-01,Акварель,DJ07900,1.0,2.8446972
2026-02,Акварель,DJ07900,0.0,0.0
2025-07,Антошка,DJ07900,1.0,2.669475
2025-08,Антошка,DJ07900,1.0,2.6091778
2025-09,Антошка,DJ07900,0.0,0.0
2025-10,Антошка,DJ07900,2.0,2.2230687
2025-11,Антошка,DJ07900,1.0,2.7071304
2025-12,Антошка,DJ07900,4.0,3.151986
2026-01,Антошка,DJ07900,3.0,1.1648598
2026-02,Антошка,DJ07900,0.0,0.0
2025-07,БІ,DJ07900,7.0,7.193359
2025-08,БІ,DJ07900,5.0,11.057661
2025-09,БІ,DJ07900,3.0,5.9139333
2025-10,БІ,DJ07900,15.0,5.7535434
2025-11,БІ,DJ07900,6.0,7.6539855
2025-12,БІ,DJ07900,4.0,17.740337
2026-01,БІ,DJ07900,4.0,1.7032481
2026-02,БІ,DJ07900,3.0,1.4080155
2025-07,Віват Канцелярія,DJ07900,0.0,0.0
2025-08,Віват Канцелярія,DJ07900,0.0,0.0
2025-09,Віват Канцелярія,DJ07900,1.0,0.77437943
2025-10,Віват Канцелярія,DJ07900,1.0,0.9534283
2025-11,Віват Канцелярія,DJ07900,0.0,0.0
2025-12,Віват Канцелярія,DJ07900,1.0,1.4767723
2026-01,Віват Канцелярія,DJ07900,0.0,0.008038238
2026-02,Віват Канцелярія,DJ07900,0.0,0.0
2025-07,МайПлей,DJ07900,0.0,0.0
2025-08,МайПлей,DJ07900,0.0,0.0
2025-09,МайПлей,DJ07900,0.0,0.0
2025-10,МайПлей,DJ07900,2.0,0.87894845
2025-11,МайПлей,DJ07900,1.0,1.5241822
2025-12,МайПлей,DJ07900,1.0,2.3773968
2026-01,МайПлей,DJ07900,0.0,0.0
2026-02,МайПлей,DJ07900,0.0,0.0
2025-07,СмартТойс,DJ07900,0.0,0.0
2025-08,СмартТойс,DJ07900,0.0,0.0
2025-09,СмартТойс,DJ07900,0.0,0.0
2025-10,СмартТойс,DJ07900,0.0,0.0
2025-11,СмартТойс,DJ07900,0.0,0.0
2025-12,СмартТойс,DJ07900,0.0,0.016906809
2026-01,СмартТойс,DJ07900,0.0,0.012861013
2026-02,СмартТойс,DJ07900,0.0,0.025398193
2025-07,ІМ-Розетка,DJ07901,6.0,2.5199933
2025-08,ІМ-Розетка,DJ07901,7.0,2.6132386
2025-09,ІМ-Розетка,DJ07901,2.0,3.9514444
2025-10,ІМ-Розетка,DJ07901,0.0,0.0
2025-11,ІМ-Розетка,DJ07901,0.0,0.0
2025-12,ІМ-Розетка,DJ07901,0.0,0.0
2026-01,ІМ-Розетка,DJ07901,0.0,0.0
2026-02,ІМ-Розетка,DJ07901,0.0,0.0
2025-07,Акварель,DJ07901,2.0,3.4885862
2025-08,Акварель,DJ07901,6.0,3.5242755
2025-09,Акварель,DJ07901,6.0,3.648493
2025-10,Акварель,DJ07901,5.0,4.3532305
2025-11,Акварель,DJ07901,4.0,4.007895
2025-12,Акварель,DJ07901,9.0,8.501704
2026-01,Акварель,DJ07901,2.0,2.184733
2026-02,Акварель,DJ07901,3.0,1.6136848
2025-07,Антошка,DJ07901,0.0,0.0
2025-08,Антошка,DJ07901,3.0,2.5630548
2025-09,Антошка,DJ07901,4.0,1.9298866
2025-10,Антошка,DJ07901,3.0,2.5093486
2025-11,Антошка,DJ07901,3.0,2.7062585
2025-12,Антошка,DJ07901,1.0,4.785271
2026-01,Антошка,DJ07901,0.0,0.0
2026-02,Антошка,DJ07901,0.0,0.0
2025-07,БІ,DJ07901,13.0,10.626916
2025-08,БІ,DJ07901,11.0,10.227079
2025-09,БІ,DJ07901,11.0,8.206828
2025-10,БІ,DJ07901,7.0,8.721534
2025-11,БІ,DJ07901,5.0,6.547474
2025-12,БІ,DJ07901,0.0,0.0
2026-01,БІ,DJ07901,1.0,2.055755
2026-02,БІ,DJ07901,1.0,1.1797081
2025-07,Віват Канцелярія,DJ07901,2.0,2.0978994
2025-08,Віват Канцелярія,DJ07901,0.0,0.0
2025-09,Віват Канцелярія,DJ07901,2.0,0.99797004
2025-10,Віват Канцелярія,DJ07901,1.0,2.1455479
2025-11,Віват Канцелярія,DJ07901,2.0,2.2535412
2025-12,Віват Канцелярія,DJ07901,2.0,3.3951898
2026-01,Віват Канцелярія,DJ07901,2.0,0.9789722
2026-02,Віват Канцелярія,DJ07901,0.0,0.0
2025-07,МайПлей,DJ07901,1.0,1.992838
2025-08,МайПлей,DJ07901,1.0,1.8270969
2025-09,МайПлей,DJ07901,0.0,0.9896952
2025-10,МайПлей,DJ07901,0.0,0.0
2025-11,МайПлей,DJ07901,4.0,1.0508621
2025-12,МайПлей,DJ07901,0.0,0.0
2026-01,МайПлей,DJ07901,0.0,0.0
2026-02,МайПлей,DJ07901,0.0,0.0
2025-07,Мегамаркет,DJ07901,0.0,0.25281847
2025-08,Мегамаркет,DJ07901,1.0,0.22264189
2025-09,Мегамаркет,DJ07901,0.0,0.29731375
2025-10,Мегамаркет,DJ07901,1.0,0.35669434
2025-11,Мегамаркет,DJ07901,0.0,0.28771797
2025-12,Мегамаркет,DJ07901,1.0,0.42100605
2026-01,Мегамаркет,DJ07901,1.0,0.13677487
2026-02,Мегамаркет,DJ07901,0.0,0.119256124
2025-07,Акварель,DJ07906,2.0,1.688356
2025-08,Акварель,DJ07906,1.0,1.9629661
2025-09,Акварель,DJ07906,3.0,1.4440453
2025-10,Акварель,DJ07906,0.0,0.0
2025-11,Акварель,DJ07906,1.0,1.7891655
2025-12,Акварель,DJ07906,0.0,0.0
2026-01,Акварель,DJ07906,0.0,0.0
2026-02,Акварель,DJ07906,0.0,0.0
2025-07,Антошка,DJ07906,1.0,1.1340796
2025-08,Антошка,DJ07906,0.0,0.0
2025-09,Антошка,DJ07906,2.0,1.0186136
2025-10,Антошка,DJ07906,0.0,0.0
2025-11,Антошка,DJ07906,0.0,0.0
2025-12,Антошка,DJ07906,1.0,1.079489
2026-01,Антошка,DJ07906,0.0,0.0
2026-02,Антошка,DJ07906,0.0,0.0
2025-07,ІМ-Розетка,DJ07922,1.0,1.3276149
2025-08,ІМ-Розетка,DJ07922,4.0,2.3183908
2025-09,ІМ-Розетка,DJ07922,5.0,5.9979053
2025-10,ІМ-Розетка,DJ07922,15.0,4.1568527
2025-11,ІМ-Розетка,DJ07922,3.0,10.181856
2025-12,ІМ-Розетка,DJ07922,12.0,18.182482
2026-01,ІМ-Розетка,DJ07922,8.0,2.5573153
2026-02,ІМ-Розетка,DJ07922,6.0,2.3077288
2025-07,Акварель,DJ07922,2.0,0.6028105
2025-08,Акварель,DJ07922,3.0,2.1993685
2025-09,Акварель,DJ07922,1.0,2.2636807
2025-10,Акварель,DJ07922,2.0,1.6307604
2025-11,Акварель,DJ07922,3.0,1.6342653
2025-12,Акварель,DJ07922,6.0,6.2460933
2026-01,Акварель,DJ07922,2.0,2.0840075
2026-02,Акварель,DJ07922,1.0,1.4033661
2025-07,Антошка,DJ07922,0.0,1.2262071
2025-08,Антошка,DJ07922,1.0,0.8838812
2025-09,Антошка,DJ07922,1.0,1.3433135
2025-10,Антошка,DJ07922,1.0,1.6280692
2025-11,Антошка,DJ07922,2.0,0.961196
2025-12,Антошка,DJ07922,30.0,3.2562833
2026-01,Антошка,DJ07922,0.0,0.0
2026-02,Антошка,DJ07922,0.0,0.0
2025-07,БІ,DJ07922,7.0,8.26045
2025-08,БІ,DJ07922,13.0,13.970202
2025-09,БІ,DJ07922,15.0,14.328742
2025-10,БІ,DJ07922,16.0,17.506174
2025-11,БІ,DJ07922,16.0,18.900412
2025-12,БІ,DJ07922,69.0,53.332336
2026-01,БІ,DJ07922,16.0,9.832928
2026-02,БІ,DJ07922,15.0,6.4721036
2025-07,МайПлей,DJ07922,0.0,0.40650272
2025-08,МайПлей,DJ07922,2.0,0.34873918
2025-09,МайПлей,DJ07922,0.0,1.2231405
2025-10,МайПлей,DJ07922,3.0,0.5662753
2025-11,МайПлей,DJ07922,1.0,0.65227795
2025-12,МайПлей,DJ07922,2.0,2.339419
2026-01,МайПлей,DJ07922,0.0,0.0
2026-02,МайПлей,DJ07922,0.0,0.0
2025-07,Смік,DJ07922,0.0,0.35987434
2025-08,Смік,DJ07922,1.0,0.3730992
2025-09,Смік,DJ07922,0.0,0.4400691
2025-10,Смік,DJ07922,0.0,0.3530657
2025-11,Смік,DJ07922,0.0,0.3975938
2025-12,Смік,DJ07922,0.0,0.86177367
2026-01,Смік,DJ07922,2.0,0.017696328
2026-02,Смік,DJ07922,0.0,0.2189333
2025-07,Супрун ФОП,DJ07922,0.0,0.0
2025-08,Супрун ФОП,DJ07922,0.0,0.0
2025-09,Супрун ФОП,DJ07922,0.0,0.0
2025-10,Супрун ФОП,DJ07922,0.0,0.0
2025-11,Супрун ФОП,DJ07922,3.0,1.5826046
2025-12,Супрун ФОП,DJ07922,2.0,2.2771018
2026-01,Супрун ФОП,DJ07922,0.0,0.0
2026-02,Супрун ФОП,DJ07922,0.0,0.0
2025-07,ІМ-Розетка,DJ07955,3.0,1.8944607
2025-08,ІМ-Розетка,DJ07955,1.0,1.9927676
2025-09,ІМ-Розетка,DJ07955,1.0,1.9851087
2025-10,ІМ-Розетка,DJ07955,3.0,1.9683285
2025-11,ІМ-Розетка,DJ07955,5.0,2.0487473
2025-12,ІМ-Розетка,DJ07955,1.0,3.6724863
2026-01,ІМ-Розетка,DJ07955,0.0,0.0
2026-02,ІМ-Розетка,DJ07955,0.0,0.0
2025-07,Акварель,DJ07955,5.0,3.1793935
2025-08,Акварель,DJ07955,2.0,3.4981434
2025-09,Акварель,DJ07955,2.0,3.2807102
2025-10,Акварель,DJ07955,5.0,3.189253
2025-11,Акварель,DJ07955,1.0,3.5781982
2025-12,Акварель,DJ07955,4.0,5.505844
2026-01,Акварель,DJ07955,5.0,2.1114857
2026-02,Акварель,DJ07955,1.0,1.9439211
2025-07,Антошка,DJ07955,1.0,2.9576678
2025-08,Антошка,DJ07955,2.0,2.6751435
2025-09,Антошка,DJ07955,4.0,2.3519316
2025-10,Антошка,DJ07955,3.0,2.3064973
2025-11,Антошка,DJ07955,0.0,0.0
2025-12,Антошка,DJ07955,1.0,3.4578695
2026-01,Антошка,DJ07955,0.0,0.0
2026-02,Антошка,DJ07955,0.0,0.0
2025-07,БІ,DJ07955,13.0,7.842699
2025-08,БІ,DJ07955,8.0,9.677458
2025-09,БІ,DJ07955,4.0,7.950838
2025-10,БІ,DJ07955,6.0,7.758059
2025-11,БІ,DJ07955,7.0,6.901412
2025-12,БІ,DJ07955,17.0,11.824593
2026-01,БІ,DJ07955,5.0,3.4252477
2026-02,БІ,DJ07955,3.0,1.9087801
2025-07,МайПлей,DJ07955,0.0,0.0
2025-08,МайПлей,DJ07955,1.0,1.0864438
2025-09,МайПлей,DJ07955,0.0,0.0
2025-10,МайПлей,DJ07955,2.0,0.94816166
2025-11,МайПлей,DJ07955,0.0,0.0
2025-12,МайПлей,DJ07955,0.0,0.0
2026-01,МайПлей,DJ07955,0.0,0.0
2026-02,МайПлей,DJ07955,0.0,0.0
2025-07,Смік,DJ07955,0.0,0.0
2025-08,Смік,DJ07955,1.0,0.74877286
2025-09,Смік,DJ07955,0.0,0.0
2025-10,Смік,DJ07955,1.0,0.7896794
2025-11,Смік,DJ07955,0.0,0.0
2025-12,Смік,DJ07955,0.0,0.0
2026-01,Смік,DJ07955,0.0,0.0
2026-02,Смік,DJ07955,0.0,0.0
2025-07,Акварель,DJ07956,1.0,1.2049726
2025-08,Акварель,DJ07956,0.0,0.0
2025-09,Акварель,DJ07956,1.0,1.1179942
2025-10,Акварель,DJ07956,1.0,1.2188284
2025-11,Акварель,DJ07956,0.0,0.0
2025-12,Акварель,DJ07956,2.0,1.4184003
2026-01,Акварель,DJ07956,0.0,0.0
2026-02,Акварель,DJ07956,2.0,1.1073505
2025-07,БІ,DJ07956,0.0,0.0
2025-08,БІ,DJ07956,0.0,0.0
2025-09,БІ,DJ07956,0.0,0.0
2025-10,БІ,DJ07956,0.0,0.0
2025-11,БІ,DJ07956,0.0,0.0
2025-12,БІ,DJ07956,0.0,0.0
2026-01,БІ,DJ07956,0.0,0.0
2026-02,БІ,DJ07956,0.0,0.0
2025-07,Віват Канцелярія,DJ07956,0.0,0.3333082
2025-08,Віват Канцелярія,DJ07956,1.0,0.37467563
2025-09,Віват Канцелярія,DJ07956,0.0,0.24567185
2025-10,Віват Канцелярія,DJ07956,0.0,0.35143933
2025-11,Віват Канцелярія,DJ07956,1.0,0.30302873
2025-12,Віват Канцелярія,DJ07956,0.0,0.77033645
2026-01,Віват Канцелярія,DJ07956,1.0,0.040207654
2026-02,Віват Канцелярія,DJ07956,0.0,0.14584093
2025-07,Акварель,DJ07970,0.0,0.0
2025-08,Акварель,DJ07970,1.0,1.272923
2025-09,Акварель,DJ07970,0.0,0.0
2025-10,Акварель,DJ07970,0.0,0.0
2025-11,Акварель,DJ07970,1.0,1.1254644
2025-12,Акварель,DJ07970,0.0,0.0
2026-01,Акварель,DJ07970,0.0,0.0
2026-02,Акварель,DJ07970,0.0,0.0
2025-07,Віват Канцелярія,DJ07970,1.0,0.305911
2025-08,Віват Канцелярія,DJ07970,0.0,0.37589568
2025-09,Віват Канцелярія,DJ07970,1.0,0.3786924
2025-10,Віват Канцелярія,DJ07970,0.0,0.38226062
2025-11,Віват Канцелярія,DJ07970,1.0,0.3597688
2025-12,Віват Канцелярія,DJ07970,0.0,1.0012351
2026-01,Віват Канцелярія,DJ07970,0.0,0.090103894
2026-02,Віват Канцелярія,DJ07970,0.0,0.10623809
2025-07,Мегамаркет,DJ08111,0.0,0.0
2025-08,Мегамаркет,DJ08111,0.0,0.0
2025-09,Мегамаркет,DJ08111,0.0,0.0
2025-10,Мегамаркет,DJ08111,0.0,0.0
2025-11,Мегамаркет,DJ08111,0.0,0.0
2025-12,Мегамаркет,DJ08111,1.0,0.5915547
2026-01,Мегамаркет,DJ08111,0.0,0.0
2026-02,Мегамаркет,DJ08111,0.0,0.0
2025-07,Акварель,DJ08115,0.0,0.0
2025-08,Акварель,DJ08115,0.0,0.0
2025-09,Акварель,DJ08115,0.0,0.0
2025-10,Акварель,DJ08115,0.0,0.0
2025-11,Акварель,DJ08115,0.0,0.0
2025-12,Акварель,DJ08115,0.0,0.0
2026-01,Акварель,DJ08115,0.0,0.0
2026-02,Акварель,DJ08115,0.0,0.0
2025-07,ІМ-Розетка,DJ08117,1.0,1.4559464
2025-08,ІМ-Розетка,DJ08117,1.0,1.2326666
2025-09,ІМ-Розетка,DJ08117,1.0,1.3163185
2025-10,ІМ-Розетка,DJ08117,1.0,0.8725306
2025-11,ІМ-Розетка,DJ08117,1.0,1.3455755
2025-12,ІМ-Розетка,DJ08117,1.0,0.22712305
2026-01,ІМ-Розетка,DJ08117,0.0,1.1749564
2026-02,ІМ-Розетка,DJ08117,1.0,0.40631637
2025-07,Антошка,DJ08117,5.0,3.1487885
2025-08,Антошка,DJ08117,6.0,4.7271748
2025-09,Антошка,DJ08117,4.0,4.621898
2025-10,Антошка,DJ08117,7.0,4.780313
2025-11,Антошка,DJ08117,5.0,5.3691487
2025-12,Антошка,DJ08117,6.0,9.259482
2026-01,Антошка,DJ08117,5.0,2.39863
2026-02,Антошка,DJ08117,3.0,1.7045891
2025-07,БІ,DJ08117,2.0,3.5959594
2025-08,БІ,DJ08117,3.0,3.882405
2025-09,БІ,DJ08117,2.0,3.2509332
2025-10,БІ,DJ08117,1.0,3.7400343
2025-11,БІ,DJ08117,1.0,3.835739
2025-12,БІ,DJ08117,5.0,6.0298486
2026-01,БІ,DJ08117,12.0,11.745847
2026-02,БІ,DJ08117,13.0,7.8967376
2025-07,Епіцентр,DJ08117,2.0,1.2235874
2025-08,Епіцентр,DJ08117,1.0,1.6682489
2025-09,Епіцентр,DJ08117,1.0,1.5264285
2025-10,Епіцентр,DJ08117,1.0,1.6688036
2025-11,Епіцентр,DJ08117,2.0,1.6646373
2025-12,Епіцентр,DJ08117,5.0,3.7261326
2026-01,Епіцентр,DJ08117,3.0,2.5265543
2026-02,Епіцентр,DJ08117,0.0,1.6491187
2025-07,МайПлей,DJ08117,5.0,1.1333191
2025-08,МайПлей,DJ08117,4.0,2.6017056
2025-09,МайПлей,DJ08117,4.0,2.7804854
2025-10,МайПлей,DJ08117,2.0,3.0312798
2025-11,МайПлей,DJ08117,2.0,2.7894971
2025-12,МайПлей,DJ08117,7.0,4.390658
2026-01,МайПлей,DJ08117,2.0,2.458597
2026-02,МайПлей,DJ08117,1.0,1.102867
2025-07,Мегамаркет,DJ08117,1.0,0.6903586
2025-08,Мегамаркет,DJ08117,1.0,0.40078357
2025-09,Мегамаркет,DJ08117,0.0,0.6373372
2025-10,Мегамаркет,DJ08117,1.0,0.45847732
2025-11,Мегамаркет,DJ08117,0.0,0.48329812
2025-12,Мегамаркет,DJ08117,1.0,0.48772535
2026-01,Мегамаркет,DJ08117,0.0,1.0674876
2026-02,Мегамаркет,DJ08117,0.0,0.10180614
2025-07,ІМ-МауДау,DJ08120,0.0,0.34510732
2025-08,ІМ-МауДау,DJ08120,1.0,0.0967851
2025-09,ІМ-МауДау,DJ08120,2.0,1.377377
2025-10,ІМ-МауДау,DJ08120,2.0,2.60068
2025-11,ІМ-МауДау,DJ08120,3.0,1.5284519
2025-12,ІМ-МауДау,DJ08120,5.0,4.0572767
2026-01,ІМ-МауДау,DJ08120,0.0,0.0
2026-02,ІМ-МауДау,DJ08120,0.0,0.0
2025-07,ІМ-Розетка,DJ08120,1.0,2.1178942
2025-08,ІМ-Розетка,DJ08120,1.0,2.0859842
2025-09,ІМ-Розетка,DJ08120,2.0,2.1781735
2025-10,ІМ-Розетка,DJ08120,4.0,2.217122
2025-11,ІМ-Розетка,DJ08120,1.0,1.1954812
2025-12,ІМ-Розетка,DJ08120,8.0,4.1290007
2026-01,ІМ-Розетка,DJ08120,0.0,0.0
2026-02,ІМ-Розетка,DJ08120,0.0,0.0
2025-07,Акварель,DJ08120,4.0,2.4554513
2025-08,Акварель,DJ08120,8.0,2.6501143
2025-09,Акварель,DJ08120,1.0,3.4786348
2025-10,Акварель,DJ08120,3.0,2.6186981
2025-11,Акварель,DJ08120,4.0,2.9202492
2025-12,Акварель,DJ08120,15.0,9.011669
2026-01,Акварель,DJ08120,9.0,3.478824
2026-02,Акварель,DJ08120,0.0,0.0
2025-07,Антошка,DJ08120,1.0,3.3541157
2025-08,Антошка,DJ08120,3.0,3.0411248
2025-09,Антошка,DJ08120,1.0,2.9159086
2025-10,Антошка,DJ08120,7.0,2.9038742
2025-11,Антошка,DJ08120,4.0,2.8009505
2025-12,Антошка,DJ08120,6.0,8.031814
2026-01,Антошка,DJ08120,5.0,2.5312266
2026-02,Антошка,DJ08120,2.0,1.6783864
2025-07,БІ,DJ08120,36.0,34.72765
2025-08,БІ,DJ08120,34.0,37.244392
2025-09,БІ,DJ08120,27.0,38.157436
2025-10,БІ,DJ08120,39.0,35.88334
2025-11,БІ,DJ08120,78.0,34.576782
2025-12,БІ,DJ08120,178.0,93.915016
2026-01,БІ,DJ08120,61.0,36.673225
2026-02,БІ,DJ08120,33.0,19.174318
2025-07,МайПлей,DJ08120,0.0,1.4216573
2025-08,МайПлей,DJ08120,3.0,2.118877
2025-09,МайПлей,DJ08120,0.0,2.5454197
2025-10,МайПлей,DJ08120,1.0,1.0931782
2025-11,МайПлей,DJ08120,3.0,1.079753
2025-12,МайПлей,DJ08120,5.0,2.6653743
2026-01,МайПлей,DJ08120,2.0,2.0103364
2026-02,МайПлей,DJ08120,3.0,1.1678308
2025-07,Мегамаркет,DJ08120,2.0,0.93342716
2025-08,Мегамаркет,DJ08120,1.0,0.30274
2025-09,Мегамаркет,DJ08120,1.0,0.9319501
2025-10,Мегамаркет,DJ08120,0.0,0.60145146
2025-11,Мегамаркет,DJ08120,0.0,0.42468572
2025-12,Мегамаркет,DJ08120,0.0,0.5718414
2026-01,Мегамаркет,DJ08120,1.0,0.9627053
2026-02,Мегамаркет,DJ08120,1.0,0.9263826
2025-07,СмартТойс,DJ08120,0.0,0.0
2025-08,СмартТойс,DJ08120,0.0,0.0
2025-09,СмартТойс,DJ08120,0.0,0.0
2025-10,СмартТойс,DJ08120,0.0,0.012837823
2025-11,СмартТойс,DJ08120,1.0,1.2350923
2025-12,СмартТойс,DJ08120,3.0,1.2566651
2026-01,СмартТойс,DJ08120,0.0,0.0
2026-02,СмартТойс,DJ08120,0.0,0.0
2025-07,Супрун ФОП,DJ08120,1.0,1.085291
2025-08,Супрун ФОП,DJ08120,1.0,1.2367883
2025-09,Супрун ФОП,DJ08120,1.0,1.0998577
2025-10,Супрун ФОП,DJ08120,0.0,0.0
2025-11,Супрун ФОП,DJ08120,0.0,0.0
2025-12,Супрун ФОП,DJ08120,0.0,0.0
2026-01,Супрун ФОП,DJ08120,1.0,1.0419586
2026-02,Супрун ФОП,DJ08120,0.0,0.0
2025-07,Акварель,DJ08121,0.0,0.0
2025-08,Акварель,DJ08121,0.0,0.0
2025-09,Акварель,DJ08121,1.0,1.6152794
2025-10,Акварель,DJ08121,2.0,1.6928738
2025-11,Акварель,DJ08121,2.0,1.5511154
2025-12,Акварель,DJ08121,0.0,0.0
2026-01,Акварель,DJ08121,1.0,0.977953
2026-02,Акварель,DJ08121,0.0,0.0
2025-07,Віват Канцелярія,DJ08121,1.0,0.88965875
2025-08,Віват Канцелярія,DJ08121,0.0,0.0
2025-09,Віват Канцелярія,DJ08121,0.0,0.0
2025-10,Віват Канцелярія,DJ08121,0.0,0.0
2025-11,Віват Канцелярія,DJ08121,0.0,0.0
2025-12,Віват Канцелярія,DJ08121,0.0,0.0
2026-01,Віват Канцелярія,DJ08121,1.0,1.4760048
2026-02,Віват Канцелярія,DJ08121,0.0,0.0
2025-07,Акварель,DJ08129,1.0,1.5538918
2025-08,Акварель,DJ08129,2.0,2.0172255
2025-09,Акварель,DJ08129,1.0,1.649885
2025-10,Акварель,DJ08129,5.0,1.6131792
2025-11,Акварель,DJ08129,1.0,2.105365
2025-12,Акварель,DJ08129,7.0,3.28034
2026-01,Акварель,DJ08129,7.0,1.6920252
2026-02,Акварель,DJ08129,1.0,1.6470711
2025-07,ІМ-Розетка,DJ08132,0.0,1.2224244
2025-08,ІМ-Розетка,DJ08132,1.0,0.56673104
2025-09,ІМ-Розетка,DJ08132,0.0,1.1579696
2025-10,ІМ-Розетка,DJ08132,6.0,0.75699615
2025-11,ІМ-Розетка,DJ08132,2.0,2.6515806
2025-12,ІМ-Розетка,DJ08132,0.0,0.0
2026-01,ІМ-Розетка,DJ08132,0.0,0.0
2026-02,ІМ-Розетка,DJ08132,0.0,0.0
2025-07,Акварель,DJ08132,1.0,2.4307516
2025-08,Акварель,DJ08132,4.0,2.8518388
2025-09,Акварель,DJ08132,5.0,2.9131844
2025-10,Акварель,DJ08132,6.0,3.3684316
2025-11,Акварель,DJ08132,5.0,4.3169756
2025-12,Акварель,DJ08132,9.0,7.026499
2026-01,Акварель,DJ08132,3.0,2.1200392
2026-02,Акварель,DJ08132,4.0,2.3398166
2025-07,БІ,DJ08132,23.0,18.36809
2025-08,БІ,DJ08132,12.0,17.552717
2025-09,БІ,DJ08132,12.0,11.286387
2025-10,БІ,DJ08132,21.0,11.741096
2025-11,БІ,DJ08132,7.0,13.060102
2025-12,БІ,DJ08132,2.0,17.371979
2026-01,БІ,DJ08132,1.0,2.0175705
2026-02,БІ,DJ08132,0.0,0.0
2025-07,Віват Канцелярія,DJ08132,1.0,0.914259
2025-08,Віват Канцелярія,DJ08132,0.0,0.9691386
2025-09,Віват Канцелярія,DJ08132,0.0,0.4290584
2025-10,Віват Канцелярія,DJ08132,1.0,0.4693047
2025-11,Віват Канцелярія,DJ08132,0.0,0.0
2025-12,Віват Канцелярія,DJ08132,7.0,1.1231053
2026-01,Віват Канцелярія,DJ08132,0.0,0.0
2026-02,Віват Канцелярія,DJ08132,0.0,0.0
2025-07,МайПлей,DJ08132,0.0,0.99998194
2025-08,МайПлей,DJ08132,1.0,0.5366328
2025-09,МайПлей,DJ08132,2.0,0.7242574
2025-10,МайПлей,DJ08132,3.0,1.3257874
2025-11,МайПлей,DJ08132,2.0,2.573672
2025-12,МайПлей,DJ08132,2.0,4.6269855
2026-01,МайПлей,DJ08132,5.0,1.2241272
2026-02,МайПлей,DJ08132,0.0,0.0
2025-07,Акварель,DJ08135,0.0,0.0
2025-08,Акварель,DJ08135,0.0,0.0
2025-09,Акварель,DJ08135,0.0,0.0
2025-10,Акварель,DJ08135,0.0,0.0
2025-11,Акварель,DJ08135,0.0,0.0
2025-12,Акварель,DJ08135,0.0,0.0
2026-01,Акварель,DJ08135,0.0,0.0
2026-02,Акварель,DJ08135,0.0,0.0
2025-07,Акварель,DJ08151,3.0,2.5456953
2025-08,Акварель,DJ08151,4.0,2.8933065
2025-09,Акварель,DJ08151,1.0,2.8767066
2025-10,Акварель,DJ08151,6.0,2.6390028
2025-11,Акварель,DJ08151,6.0,4.499349
2025-12,Акварель,DJ08151,18.0,14.813548
2026-01,Акварель,DJ08151,1.0,7.4590755
2026-02,Акварель,DJ08151,2.0,4.861382
2025-07,Антошка,DJ08151,9.0,5.6529274
2025-08,Антошка,DJ08151,6.0,6.3179135
2025-09,Антошка,DJ08151,1.0,7.444013
2025-10,Антошка,DJ08151,7.0,5.480835
2025-11,Антошка,DJ08151,11.0,7.057896
2025-12,Антошка,DJ08151,20.0,14.062095
2026-01,Антошка,DJ08151,11.0,4.790904
2026-02,Антошка,DJ08151,11.0,3.283313
2025-07,БІ,DJ08151,5.0,8.734585
2025-08,БІ,DJ08151,12.0,12.459757
2025-09,БІ,DJ08151,6.0,9.4612875
2025-10,БІ,DJ08151,17.0,8.506076
2025-11,БІ,DJ08151,14.0,16.353237
2025-12,БІ,DJ08151,31.0,30.091078
2026-01,БІ,DJ08151,23.0,14.329387
2026-02,БІ,DJ08151,17.0,11.913669
2025-07,Віват Канцелярія,DJ08151,1.0,1.3755803
2025-08,Віват Канцелярія,DJ08151,1.0,1.6729648
2025-09,Віват Канцелярія,DJ08151,1.0,1.8933184
2025-10,Віват Канцелярія,DJ08151,0.0,1.4108825
2025-11,Віват Канцелярія,DJ08151,1.0,1.8601859
2025-12,Віват Канцелярія,DJ08151,1.0,2.38546
2026-01,Віват Канцелярія,DJ08151,2.0,1.3115716
2026-02,Віват Канцелярія,DJ08151,0.0,0.0
2025-07,МайПлей,DJ08151,1.0,0.9229182
2025-08,МайПлей,DJ08151,1.0,0.8329615
2025-09,МайПлей,DJ08151,1.0,1.0206019
2025-10,МайПлей,DJ08151,4.0,1.253894
2025-11,МайПлей,DJ08151,0.0,1.4086702
2025-12,МайПлей,DJ08151,5.0,2.4470093
2026-01,МайПлей,DJ08151,0.0,0.0
2026-02,МайПлей,DJ08151,1.0,0.8642862
2025-07,Мегамаркет,DJ08151,0.0,0.5361461
2025-08,Мегамаркет,DJ08151,0.0,0.3856141
2025-09,Мегамаркет,DJ08151,1.0,0.41162947
2025-10,Мегамаркет,DJ08151,4.0,0.61509955
2025-11,Мегамаркет,DJ08151,0.0,1.3036028
2025-12,Мегамаркет,DJ08151,1.0,1.4749438
2026-01,Мегамаркет,DJ08151,0.0,0.021518506
2026-02,Мегамаркет,DJ08151,0.0,0.0
2025-07,Смік,DJ08151,0.0,0.10688464
2025-08,Смік,DJ08151,0.0,0.13362959
2025-09,Смік,DJ08151,0.0,0.14959697
2025-10,Смік,DJ08151,0.0,0.23302872
2025-11,Смік,DJ08151,0.0,0.88635564
2025-12,Смік,DJ08151,4.0,2.168836
2026-01,Смік,DJ08151,1.0,1.4037629
2026-02,Смік,DJ08151,1.0,0.90780526
2025-07,Акварель,DJ08156,0.0,0.0
2025-08,Акварель,DJ08156,0.0,0.0
2025-09,Акварель,DJ08156,1.0,1.917173
2025-10,Акварель,DJ08156,0.0,0.0
2025-11,Акварель,DJ08156,0.0,0.0
2025-12,Акварель,DJ08156,0.0,0.0
2026-01,Акварель,DJ08156,0.0,0.0
2026-02,Акварель,DJ08156,0.0,0.0
2025-07,ІМ-Розетка,DJ08157,0.0,0.110351145
2025-08,ІМ-Розетка,DJ08157,0.0,0.101545386
2025-09,ІМ-Розетка,DJ08157,1.0,0.95235646
2025-10,ІМ-Розетка,DJ08157,0.0,0.2544686
2025-11,ІМ-Розетка,DJ08157,0.0,0.25382608
2025-12,ІМ-Розетка,DJ08157,4.0,1.581342
2026-01,ІМ-Розетка,DJ08157,0.0,0.0
2026-02,ІМ-Розетка,DJ08157,0.0,0.0
2025-07,Акварель,DJ08157,5.0,2.8323064
2025-08,Акварель,DJ08157,9.0,2.4999928
2025-09,Акварель,DJ08157,5.0,3.7963803
2025-10,Акварель,DJ08157,2.0,6.3268137
2025-11,Акварель,DJ08157,12.0,5.208902
2025-12,Акварель,DJ08157,20.0,15.788456
2026-01,Акварель,DJ08157,7.0,4.225718
2026-02,Акварель,DJ08157,4.0,3.0017579
2025-07,Антошка,DJ08157,6.0,6.7651014
2025-08,Антошка,DJ08157,5.0,6.035104
2025-09,Антошка,DJ08157,5.0,6.2572017
2025-10,Антошка,DJ08157,15.0,6.2169356
2025-11,Антошка,DJ08157,12.0,10.805826
2025-12,Антошка,DJ08157,39.0,22.285883
2026-01,Антошка,DJ08157,17.0,7.0876036
2026-02,Антошка,DJ08157,13.0,4.136178
2025-07,БІ,DJ08157,23.0,15.195769
2025-08,БІ,DJ08157,14.0,20.444853
2025-09,БІ,DJ08157,8.0,16.471827
2025-10,БІ,DJ08157,24.0,17.768785
2025-11,БІ,DJ08157,38.0,24.715303
2025-12,БІ,DJ08157,73.0,66.88648
2026-01,БІ,DJ08157,28.0,18.03139
2026-02,БІ,DJ08157,22.0,9.076086
2025-07,МайПлей,DJ08157,1.0,2.257334
2025-08,МайПлей,DJ08157,1.0,1.6813862
2025-09,МайПлей,DJ08157,2.0,1.6580583
2025-10,МайПлей,DJ08157,4.0,2.3169708
2025-11,МайПлей,DJ08157,4.0,2.0043893
2025-12,МайПлей,DJ08157,5.0,5.088359
2026-01,МайПлей,DJ08157,1.0,1.9040797
2026-02,МайПлей,DJ08157,2.0,1.4863813
2025-07,Мегамаркет,DJ08157,0.0,0.9051555
2025-08,Мегамаркет,DJ08157,1.0,0.31066006
2025-09,Мегамаркет,DJ08157,1.0,0.56733364
2025-10,Мегамаркет,DJ08157,2.0,0.5596048
2025-11,Мегамаркет,DJ08157,0.0,0.8721271
2025-12,Мегамаркет,DJ08157,1.0,0.8194484
2026-01,Мегамаркет,DJ08157,0.0,0.030327084
2026-02,Мегамаркет,DJ08157,1.0,0.67647487
2025-07,ІМ-МауДау,DJ08158,0.0,0.5121554
2025-08,ІМ-МауДау,DJ08158,5.0,1.0631903
2025-09,ІМ-МауДау,DJ08158,0.0,2.1733909
2025-10,ІМ-МауДау,DJ08158,1.0,0.70994586
2025-11,ІМ-МауДау,DJ08158,1.0,1.5686901
2025-12,ІМ-МауДау,DJ08158,0.0,0.586898
2026-01,ІМ-МауДау,DJ08158,0.0,0.14955704
2026-02,ІМ-МауДау,DJ08158,0.0,0.1345585
2025-07,ІМ-Розетка,DJ08158,3.0,0.82173294
2025-08,ІМ-Розетка,DJ08158,2.0,2.1226182
2025-09,ІМ-Розетка,DJ08158,0.0,0.5568008
2025-10,ІМ-Розетка,DJ08158,0.0,0.17267899
2025-11,ІМ-Розетка,DJ08158,5.0,1.8957067
2025-12,ІМ-Розетка,DJ08158,2.0,4.401665
2026-01,ІМ-Розетка,DJ08158,0.0,0.0
2026-02,ІМ-Розетка,DJ08158,0.0,0.0
2025-07,Акварель,DJ08158,2.0,2.1447604
2025-08,Акварель,DJ08158,3.0,2.889752
2025-09,Акварель,DJ08158,5.0,2.5102563
2025-10,Акварель,DJ08158,5.0,3.2980494
2025-11,Акварель,DJ08158,4.0,3.4162016
2025-12,Акварель,DJ08158,16.0,12.878481
2026-01,Акварель,DJ08158,4.0,3.5902994
2026-02,Акварель,DJ08158,4.0,2.020823
2025-07,Антошка,DJ08158,0.0,0.82145715
2025-08,Антошка,DJ08158,0.0,0.8773009
2025-09,Антошка,DJ08158,0.0,0.50287384
2025-10,Антошка,DJ08158,3.0,0.64736396
2025-11,Антошка,DJ08158,1.0,3.3582308
2025-12,Антошка,DJ08158,6.0,5.909709
2026-01,Антошка,DJ08158,5.0,1.7758542
2026-02,Антошка,DJ08158,5.0,1.4733434
2025-07,БІ,DJ08158,11.0,15.777046
2025-08,БІ,DJ08158,19.0,14.058186
2025-09,БІ,DJ08158,18.0,19.954948
2025-10,БІ,DJ08158,26.0,15.927685
2025-11,БІ,DJ08158,27.0,24.653221
2025-12,БІ,DJ08158,77.0,69.12091
2026-01,БІ,DJ08158,42.0,18.142681
2026-02,БІ,DJ08158,28.0,8.852481
2025-07,Віват Канцелярія,DJ08158,2.0,0.5657147
2025-08,Віват Канцелярія,DJ08158,2.0,0.83072907
2025-09,Віват Канцелярія,DJ08158,3.0,1.2065578
2025-10,Віват Канцелярія,DJ08158,1.0,1.5357399
2025-11,Віват Канцелярія,DJ08158,2.0,1.2217374
2025-12,Віват Канцелярія,DJ08158,5.0,3.3983357
2026-01,Віват Канцелярія,DJ08158,1.0,1.7207458
2026-02,Віват Канцелярія,DJ08158,0.0,0.0
2025-07,Епіцентр,DJ08158,0.0,0.35367608
2025-08,Епіцентр,DJ08158,0.0,0.5418377
2025-09,Епіцентр,DJ08158,0.0,0.7290787
2025-10,Епіцентр,DJ08158,1.0,0.38578033
2025-11,Епіцентр,DJ08158,1.0,1.1265224
2025-12,Епіцентр,DJ08158,4.0,1.6611038
2026-01,Епіцентр,DJ08158,2.0,1.1114134
2026-02,Епіцентр,DJ08158,0.0,0.0
2025-07,Країна Казок,DJ08158,0.0,0.22493985
2025-08,Країна Казок,DJ08158,1.0,0.13547651
2025-09,Країна Казок,DJ08158,0.0,0.47005436
2025-10,Країна Казок,DJ08158,1.0,0.36480746
2025-11,Країна Казок,DJ08158,0.0,0.26576716
2025-12,Країна Казок,DJ08158,1.0,0.2096836
2026-01,Країна Казок,DJ08158,0.0,0.22583902
2026-02,Країна Казок,DJ08158,0.0,0.10913246
2025-07,КідСтор Київ,DJ08158,4.0,1.274744
2025-08,КідСтор Київ,DJ08158,0.0,0.0
2025-09,КідСтор Київ,DJ08158,2.0,2.3400347
2025-10,КідСтор Київ,DJ08158,0.0,0.0
2025-11,КідСтор Київ,DJ08158,2.0,1.8670119
2025-12,КідСтор Київ,DJ08158,2.0,2.5294223
2026-01,КідСтор Київ,DJ08158,0.0,0.0
2026-02,КідСтор Київ,DJ08158,0.0,0.0
2025-07,МайПлей,DJ08158,1.0,0.82953554
2025-08,МайПлей,DJ08158,2.0,1.0227548
2025-09,МайПлей,DJ08158,2.0,1.5613054
2025-10,МайПлей,DJ08158,2.0,1.3514466
2025-11,МайПлей,DJ08158,2.0,1.3367568
2025-12,МайПлей,DJ08158,2.0,3.326185
2026-01,МайПлей,DJ08158,2.0,1.1309427
2026-02,МайПлей,DJ08158,1.0,0.97716427
2025-07,Монако,DJ08158,1.0,1.9650126
2025-08,Монако,DJ08158,1.0,1.6953267
2025-09,Монако,DJ08158,0.0,0.0
2025-10,Монако,DJ08158,0.0,0.0
2025-11,Монако,DJ08158,0.0,0.0
2025-12,Монако,DJ08158,1.0,1.5168751
2026-01,Монако,DJ08158,0.0,0.0
2026-02,Монако,DJ08158,0.0,0.0
2025-07,Акварель,DJ08162,4.0,3.3151646
2025-08,Акварель,DJ08162,6.0,4.111564
2025-09,Акварель,DJ08162,4.0,5.1670427
2025-10,Акварель,DJ08162,6.0,4.4432254
2025-11,Акварель,DJ08162,3.0,4.9147196
2025-12,Акварель,DJ08162,10.0,7.72307
2026-01,Акварель,DJ08162,6.0,2.648578
2026-02,Акварель,DJ08162,6.0,2.4829693
2025-07,БІ,DJ08162,11.0,5.360196
2025-08,БІ,DJ08162,14.0,11.1809025
2025-09,БІ,DJ08162,3.0,12.84706
2025-10,БІ,DJ08162,11.0,10.13845
2025-11,БІ,DJ08162,14.0,12.576556
2025-12,БІ,DJ08162,16.0,21.706972
2026-01,БІ,DJ08162,9.0,4.3767653
2026-02,БІ,DJ08162,4.0,3.11512
2025-07,Віват Канцелярія,DJ08162,6.0,2.5087147
2025-08,Віват Канцелярія,DJ08162,2.0,3.7309117
2025-09,Віват Канцелярія,DJ08162,1.0,3.7260833
2025-10,Віват Канцелярія,DJ08162,4.0,2.926686
2025-11,Віват Канцелярія,DJ08162,2.0,2.8571382
2025-12,Віват Канцелярія,DJ08162,9.0,5.4485564
2026-01,Віват Канцелярія,DJ08162,5.0,2.1762156
2026-02,Віват Канцелярія,DJ08162,0.0,0.0
2025-07,МайПлей,DJ08162,1.0,0.76452494
2025-08,МайПлей,DJ08162,4.0,1.1296399
2025-09,МайПлей,DJ08162,1.0,2.550658
2025-10,МайПлей,DJ08162,6.0,2.2262347
2025-11,МайПлей,DJ08162,3.0,2.4836001
2025-12,МайПлей,DJ08162,5.0,5.159383
2026-01,МайПлей,DJ08162,1.0,1.6651024
2026-02,МайПлей,DJ08162,2.0,1.200709
2025-07,Мегамаркет,DJ08162,0.0,0.7531484
2025-08,Мегамаркет,DJ08162,0.0,0.42255732
2025-09,Мегамаркет,DJ08162,0.0,0.42563868
2025-10,Мегамаркет,DJ08162,2.0,0.59605414
2025-11,Мегамаркет,DJ08162,0.0,0.72186846
2025-12,Мегамаркет,DJ08162,0.0,0.69738966
2026-01,Мегамаркет,DJ08162,0.0,0.0
2026-02,Мегамаркет,DJ08162,0.0,0.0
2025-07,Монако,DJ08162,1.0,1.291007
2025-08,Монако,DJ08162,0.0,0.0
2025-09,Монако,DJ08162,0.0,0.0
2025-10,Монако,DJ08162,1.0,1.1808392
2025-11,Монако,DJ08162,0.0,0.0
2025-12,Монако,DJ08162,0.0,0.0
2026-01,Монако,DJ08162,1.0,1.0889666
2026-02,Монако,DJ08162,0.0,0.0
2025-07,Акварель,DJ08164,5.0,3.4343116
2025-08,Акварель,DJ08164,4.0,4.156283
2025-09,Акварель,DJ08164,6.0,4.125962
2025-10,Акварель,DJ08164,4.0,4.7949586
2025-11,Акварель,DJ08164,3.0,4.397404
2025-12,Акварель,DJ08164,6.0,7.593417
2026-01,Акварель,DJ08164,3.0,2.3825946
2026-02,Акварель,DJ08164,6.0,2.0382843
2025-07,Антошка,DJ08164,11.0,12.818252
2025-08,Антошка,DJ08164,14.0,12.800193
2025-09,Антошка,DJ08164,12.0,14.125099
2025-10,Антошка,DJ08164,13.0,10.75784
2025-11,Антошка,DJ08164,20.0,8.7680025
2025-12,Антошка,DJ08164,15.0,20.557621
2026-01,Антошка,DJ08164,11.0,4.3867183
2026-02,Антошка,DJ08164,8.0,2.904917
2025-07,БІ,DJ08164,37.0,21.529432
2025-08,БІ,DJ08164,26.0,30.113424
2025-09,БІ,DJ08164,18.0,22.691282
2025-10,БІ,DJ08164,16.0,18.206709
2025-11,БІ,DJ08164,16.0,15.468424
2025-12,БІ,DJ08164,27.0,28.155918
2026-01,БІ,DJ08164,16.0,6.7159266
2026-02,БІ,DJ08164,9.0,5.1082096
2025-07,МайПлей,DJ08164,5.0,2.4278166
2025-08,МайПлей,DJ08164,3.0,2.7667747
2025-09,МайПлей,DJ08164,4.0,2.9478889
2025-10,МайПлей,DJ08164,1.0,3.3951626
2025-11,МайПлей,DJ08164,0.0,0.0
2025-12,МайПлей,DJ08164,2.0,3.8796701
2026-01,МайПлей,DJ08164,2.0,1.4387918
2026-02,МайПлей,DJ08164,0.0,0.0
2025-07,Мегамаркет,DJ08164,0.0,0.54972804
2025-08,Мегамаркет,DJ08164,0.0,0.41160473
2025-09,Мегамаркет,DJ08164,0.0,0.0
2025-10,Мегамаркет,DJ08164,0.0,0.0
2025-11,Мегамаркет,DJ08164,1.0,0.931154
2025-12,Мегамаркет,DJ08164,1.0,1.0402879
2026-01,Мегамаркет,DJ08164,0.0,0.021390425
2026-02,Мегамаркет,DJ08164,0.0,0.0
2025-07,ІМ-Розетка,DJ08165,2.0,2.9320288
2025-08,ІМ-Розетка,DJ08165,2.0,3.0016787
2025-09,ІМ-Розетка,DJ08165,3.0,2.4720438
2025-10,ІМ-Розетка,DJ08165,2.0,2.3190815
2025-11,ІМ-Розетка,DJ08165,1.0,1.6406784
2025-12,ІМ-Розетка,DJ08165,1.0,5.394598
2026-01,ІМ-Розетка,DJ08165,1.0,1.9738458
2026-02,ІМ-Розетка,DJ08165,0.0,0.0
2025-07,Акварель,DJ08165,9.0,3.6698735
2025-08,Акварель,DJ08165,2.0,4.1260033
2025-09,Акварель,DJ08165,6.0,3.379082
2025-10,Акварель,DJ08165,5.0,3.4004004
2025-11,Акварель,DJ08165,5.0,3.8926823
2025-12,Акварель,DJ08165,14.0,16.037971
2026-01,Акварель,DJ08165,7.0,3.4805603
2026-02,Акварель,DJ08165,7.0,2.39611
2025-07,Антошка,DJ08165,12.0,7.0229588
2025-08,Антошка,DJ08165,7.0,8.06956
2025-09,Антошка,DJ08165,15.0,8.777493
2025-10,Антошка,DJ08165,11.0,12.019207
2025-11,Антошка,DJ08165,14.0,10.581238
2025-12,Антошка,DJ08165,47.0,17.417145
2026-01,Антошка,DJ08165,11.0,5.578839
2026-02,Антошка,DJ08165,10.0,2.4983451
2025-07,БІ,DJ08165,28.0,19.144106
2025-08,БІ,DJ08165,27.0,23.904207
2025-09,БІ,DJ08165,35.0,25.77206
2025-10,БІ,DJ08165,35.0,34.90793
2025-11,БІ,DJ08165,46.0,29.620813
2025-12,БІ,DJ08165,119.0,76.64933
2026-01,БІ,DJ08165,32.0,14.898475
2026-02,БІ,DJ08165,21.0,9.910622
2025-07,МайПлей,DJ08165,0.0,0.85904014
2025-08,МайПлей,DJ08165,2.0,0.7461067
2025-09,МайПлей,DJ08165,0.0,1.0227315
2025-10,МайПлей,DJ08165,4.0,0.69516677
2025-11,МайПлей,DJ08165,0.0,1.0832925
2025-12,МайПлей,DJ08165,3.0,1.945643
2026-01,МайПлей,DJ08165,1.0,1.3953239
2026-02,МайПлей,DJ08165,3.0,0.8988715
2025-07,Мегамаркет,DJ08165,0.0,0.72481394
2025-08,Мегамаркет,DJ08165,1.0,0.24138634
2025-09,Мегамаркет,DJ08165,0.0,0.6909543
2025-10,Мегамаркет,DJ08165,0.0,0.38961577
2025-11,Мегамаркет,DJ08165,1.0,0.39018998
2025-12,Мегамаркет,DJ08165,0.0,0.6034276
2026-01,Мегамаркет,DJ08165,0.0,0.017087275
2026-02,Мегамаркет,DJ08165,1.0,0.81122744
2025-07,ІМ-Розетка,DJ08166,0.0,0.14948438
2025-08,ІМ-Розетка,DJ08166,0.0,0.13594744
2025-09,ІМ-Розетка,DJ08166,0.0,0.12727179
2025-10,ІМ-Розетка,DJ08166,1.0,0.82960445
2025-11,ІМ-Розетка,DJ08166,1.0,0.8708365
2025-12,ІМ-Розетка,DJ08166,2.0,1.8285276
2026-01,ІМ-Розетка,DJ08166,0.0,0.0
2026-02,ІМ-Розетка,DJ08166,0.0,0.0
2025-07,Акварель,DJ08166,3.0,4.1407275
2025-08,Акварель,DJ08166,8.0,4.4704757
2025-09,Акварель,DJ08166,6.0,3.9188433
2025-10,Акварель,DJ08166,7.0,4.6276174
2025-11,Акварель,DJ08166,5.0,5.5485845
2025-12,Акварель,DJ08166,20.0,15.476381
2026-01,Акварель,DJ08166,9.0,5.7264957
2026-02,Акварель,DJ08166,3.0,3.6847029
2025-07,Антошка,DJ08166,14.0,6.2463794
2025-08,Антошка,DJ08166,11.0,8.70207
2025-09,Антошка,DJ08166,12.0,8.486852
2025-10,Антошка,DJ08166,14.0,10.222713
2025-11,Антошка,DJ08166,19.0,10.807489
2025-12,Антошка,DJ08166,34.0,25.28563
2026-01,Антошка,DJ08166,20.0,7.2648215
2026-02,Антошка,DJ08166,8.0,4.9442277
2025-07,БІ,DJ08166,19.0,24.715382
2025-08,БІ,DJ08166,23.0,27.453493
2025-09,БІ,DJ08166,21.0,25.603848
2025-10,БІ,DJ08166,36.0,20.629288
2025-11,БІ,DJ08166,39.0,29.966934
2025-12,БІ,DJ08166,87.0,78.4967
2026-01,БІ,DJ08166,45.0,26.682756
2026-02,БІ,DJ08166,31.0,14.902336
2025-07,МайПлей,DJ08166,2.0,2.7707582
2025-08,МайПлей,DJ08166,4.0,1.857959
2025-09,МайПлей,DJ08166,3.0,2.9378092
2025-10,МайПлей,DJ08166,7.0,2.7077801
2025-11,МайПлей,DJ08166,2.0,2.8759837
2025-12,МайПлей,DJ08166,6.0,4.9890513
2026-01,МайПлей,DJ08166,0.0,0.0
2026-02,МайПлей,DJ08166,2.0,1.1817476
2025-07,Мегамаркет,DJ08166,0.0,0.4108243
2025-08,Мегамаркет,DJ08166,0.0,0.3150451
2025-09,Мегамаркет,DJ08166,0.0,0.38671783
2025-10,Мегамаркет,DJ08166,0.0,0.39598408
2025-11,Мегамаркет,DJ08166,0.0,0.5276822
2025-12,Мегамаркет,DJ08166,0.0,0.56828946
2026-01,Мегамаркет,DJ08166,0.0,0.29527873
2026-02,Мегамаркет,DJ08166,1.0,0.3263183
2025-07,Акварель,DJ08168,2.0,1.3725924
2025-08,Акварель,DJ08168,0.0,0.0
2025-09,Акварель,DJ08168,0.0,0.0
2025-10,Акварель,DJ08168,0.0,0.0
2025-11,Акварель,DJ08168,0.0,0.0
2025-12,Акварель,DJ08168,0.0,0.0
2026-01,Акварель,DJ08168,0.0,0.0
2026-02,Акварель,DJ08168,0.0,0.0
2025-07,БІ,DJ08168,0.0,0.0
2025-08,БІ,DJ08168,0.0,0.0
2025-09,БІ,DJ08168,0.0,0.0
2025-10,БІ,DJ08168,1.0,2.0147576
2025-11,БІ,DJ08168,0.0,0.0
2025-12,БІ,DJ08168,2.0,3.0426743
2026-01,БІ,DJ08168,0.0,0.0
2026-02,БІ,DJ08168,0.0,0.0
2025-07,Віват Канцелярія,DJ08168,0.0,0.0
2025-08,Віват Канцелярія,DJ08168,0.0,0.0
2025-09,Віват Канцелярія,DJ08168,0.0,0.0
2025-10,Віват Канцелярія,DJ08168,0.0,0.0
2025-11,Віват Канцелярія,DJ08168,1.0,0.7657139
2025-12,Віват Канцелярія,DJ08168,1.0,1.4620285
2026-01,Віват Канцелярія,DJ08168,0.0,0.0
2026-02,Віват Канцелярія,DJ08168,0.0,0.0
2025-07,МайПлей,DJ08168,0.0,0.0
2025-08,МайПлей,DJ08168,1.0,1.2217814
2025-09,МайПлей,DJ08168,0.0,0.0
2025-10,МайПлей,DJ08168,0.0,0.0
2025-11,МайПлей,DJ08168,0.0,0.0
2025-12,МайПлей,DJ08168,1.0,1.3963864
2026-01,МайПлей,DJ08168,0.0,0.0
2026-02,МайПлей,DJ08168,0.0,0.0
2025-07,Епіцентр,DJ08184,1.0,0.49498513
2025-08,Епіцентр,DJ08184,0.0,0.6820769
2025-09,Епіцентр,DJ08184,1.0,0.52274907
2025-10,Епіцентр,DJ08184,2.0,0.44418702
2025-11,Епіцентр,DJ08184,1.0,0.57244873
2025-12,Епіцентр,DJ08184,1.0,1.2874303
2026-01,Епіцентр,DJ08184,0.0,0.1924009
2026-02,Епіцентр,DJ08184,0.0,0.04035587
2025-07,Антошка,DJ08186,12.0,6.6718197
2025-08,Антошка,DJ08186,4.0,10.0546465
2025-09,Антошка,DJ08186,7.0,5.9722433
2025-10,Антошка,DJ08186,4.0,6.5072684
2025-11,Антошка,DJ08186,5.0,5.9197946
2025-12,Антошка,DJ08186,8.0,10.469017
2026-01,Антошка,DJ08186,7.0,2.8439453
2026-02,Антошка,DJ08186,8.0,1.9684478
2025-07,БІ,DJ08186,9.0,13.34337
2025-08,БІ,DJ08186,13.0,11.670389
2025-09,БІ,DJ08186,12.0,10.94855
2025-10,БІ,DJ08186,7.0,10.777223
2025-11,БІ,DJ08186,10.0,9.373049
2025-12,БІ,DJ08186,15.0,15.103396
2026-01,БІ,DJ08186,4.0,3.969862
2026-02,БІ,DJ08186,6.0,2.1107564
2025-07,КідСтор Київ,DJ08186,4.0,1.693958
2025-08,КідСтор Київ,DJ08186,0.0,0.0
2025-09,КідСтор Київ,DJ08186,2.0,2.5801415
2025-10,КідСтор Київ,DJ08186,0.0,0.0
2025-11,КідСтор Київ,DJ08186,1.0,2.3831918
2025-12,КідСтор Київ,DJ08186,0.0,0.0
2026-01,КідСтор Київ,DJ08186,0.0,0.0
2026-02,КідСтор Київ,DJ08186,0.0,0.0
2025-07,МайПлей,DJ08186,5.0,1.7214828
2025-08,МайПлей,DJ08186,4.0,2.7512074
2025-09,МайПлей,DJ08186,2.0,2.8616745
2025-10,МайПлей,DJ08186,4.0,2.9403956
2025-11,МайПлей,DJ08186,3.0,3.4196947
2025-12,МайПлей,DJ08186,1.0,4.8876586
2026-01,МайПлей,DJ08186,1.0,1.5349561
2026-02,МайПлей,DJ08186,0.0,0.0
2025-07,Мегамаркет,DJ08186,1.0,0.5000419
2025-08,Мегамаркет,DJ08186,0.0,0.5909824
2025-09,Мегамаркет,DJ08186,1.0,0.44600087
2025-10,Мегамаркет,DJ08186,0.0,0.47626388
2025-11,Мегамаркет,DJ08186,0.0,0.6056895
2025-12,Мегамаркет,DJ08186,0.0,0.6157816
2026-01,Мегамаркет,DJ08186,0.0,0.047796104
2026-02,Мегамаркет,DJ08186,0.0,0.10371085
2025-07,ІМ-Розетка,DJ08194,2.0,1.0571412
2025-08,ІМ-Розетка,DJ08194,2.0,1.1152534
2025-09,ІМ-Розетка,DJ08194,0.0,0.0
2025-10,ІМ-Розетка,DJ08194,3.0,1.7109807
2025-11,ІМ-Розетка,DJ08194,5.0,0.813184
2025-12,ІМ-Розетка,DJ08194,0.0,1.2059568
2026-01,ІМ-Розетка,DJ08194,0.0,0.0
2026-02,ІМ-Розетка,DJ08194,0.0,0.0
2025-07,БІ,DJ08194,17.0,18.426306
2025-08,БІ,DJ08194,15.0,16.911781
2025-09,БІ,DJ08194,14.0,16.295033
2025-10,БІ,DJ08194,15.0,14.379079
2025-11,БІ,DJ08194,23.0,16.573044
2025-12,БІ,DJ08194,69.0,57.197464
2026-01,БІ,DJ08194,31.0,23.059631
2026-02,БІ,DJ08194,18.0,8.581849
2025-07,Віват Канцелярія,DJ08194,0.0,1.6976237
2025-08,Віват Канцелярія,DJ08194,1.0,1.0244231
2025-09,Віват Канцелярія,DJ08194,1.0,1.148632
2025-10,Віват Канцелярія,DJ08194,0.0,0.0
2025-11,Віват Канцелярія,DJ08194,3.0,1.758864
2025-12,Віват Канцелярія,DJ08194,3.0,2.5087402
2026-01,Віват Канцелярія,DJ08194,3.0,1.2435406
2026-02,Віват Канцелярія,DJ08194,0.0,0.0
2025-07,МайПлей,DJ08194,2.0,0.79710364
2025-08,МайПлей,DJ08194,2.0,1.0803231
2025-09,МайПлей,DJ08194,0.0,0.0
2025-10,МайПлей,DJ08194,4.0,1.7050852
2025-11,МайПлей,DJ08194,5.0,1.8149712
2025-12,МайПлей,DJ08194,4.0,3.7357898
2026-01,МайПлей,DJ08194,1.0,1.8175274
2026-02,МайПлей,DJ08194,1.0,1.024635
2025-07,Супрун ФОП,DJ08194,0.0,0.0
2025-08,Супрун ФОП,DJ08194,0.0,0.0
2025-09,Супрун ФОП,DJ08194,7.0,1.0510459
2025-10,Супрун ФОП,DJ08194,0.0,0.0
2025-11,Супрун ФОП,DJ08194,0.0,0.0
2025-12,Супрун ФОП,DJ08194,0.0,0.0
2026-01,Супрун ФОП,DJ08194,0.0,0.0
2026-02,Супрун ФОП,DJ08194,0.0,0.0
2025-07,Акварель,DJ08198,1.0,0.76499486
2025-08,Акварель,DJ08198,1.0,1.1457294
2025-09,Акварель,DJ08198,1.0,1.0653319
2025-10,Акварель,DJ08198,3.0,1.0638487
2025-11,Акварель,DJ08198,2.0,2.1078966
2025-12,Акварель,DJ08198,4.0,3.8513558
2026-01,Акварель,DJ08198,1.0,0.653992
2026-02,Акварель,DJ08198,0.0,0.49059537
2025-07,Антошка,DJ08198,3.0,0.9228347
2025-08,Антошка,DJ08198,3.0,2.5766199
2025-09,Антошка,DJ08198,1.0,2.715512
2025-10,Антошка,DJ08198,5.0,2.2129745
2025-11,Антошка,DJ08198,4.0,2.2328386
2025-12,Антошка,DJ08198,3.0,4.6886206
2026-01,Антошка,DJ08198,0.0,0.6732045
2026-02,Антошка,DJ08198,0.0,0.30908594
2025-07,БІ,DJ08198,13.0,6.798175
2025-08,БІ,DJ08198,6.0,10.550839
2025-09,БІ,DJ08198,21.0,12.97307
2025-10,БІ,DJ08198,15.0,15.108811
2025-11,БІ,DJ08198,22.0,16.466742
2025-12,БІ,DJ08198,31.0,22.67639
2026-01,БІ,DJ08198,6.0,5.732259
2026-02,БІ,DJ08198,13.0,2.594847
2025-07,Епіцентр,DJ08198,1.0,0.7584755
2025-08,Епіцентр,DJ08198,0.0,1.0654685
2025-09,Епіцентр,DJ08198,2.0,0.557556
2025-10,Епіцентр,DJ08198,1.0,0.98979324
2025-11,Епіцентр,DJ08198,3.0,0.9004435
2025-12,Епіцентр,DJ08198,2.0,2.603197
2026-01,Епіцентр,DJ08198,0.0,0.3182136
2026-02,Епіцентр,DJ08198,1.0,0.104248986
2025-07,МайПлей,DJ08198,0.0,0.6273132
2025-08,МайПлей,DJ08198,1.0,0.61812544
2025-09,МайПлей,DJ08198,1.0,0.951676
2025-10,МайПлей,DJ08198,3.0,0.8377415
2025-11,МайПлей,DJ08198,1.0,1.2698208
2025-12,МайПлей,DJ08198,3.0,2.5121133
2026-01,МайПлей,DJ08198,1.0,0.6002946
2026-02,МайПлей,DJ08198,1.0,0.334044
2025-07,СмартТойс,DJ08198,3.0,1.2874734
2025-08,СмартТойс,DJ08198,4.0,2.087322
2025-09,СмартТойс,DJ08198,2.0,2.7745361
2025-10,СмартТойс,DJ08198,2.0,2.6625376
2025-11,СмартТойс,DJ08198,3.0,2.8168366
2025-12,СмартТойс,DJ08198,1.0,3.6623003
2026-01,СмартТойс,DJ08198,3.0,1.7885623
2026-02,СмартТойс,DJ08198,0.0,0.0
2025-07,Акварель,DJ08358,2.0,1.5183369
2025-08,Акварель,DJ08358,2.0,1.8020655
2025-09,Акварель,DJ08358,2.0,1.4766937
2025-10,Акварель,DJ08358,0.0,0.0
2025-11,Акварель,DJ08358,0.0,0.0
2025-12,Акварель,DJ08358,0.0,0.0
2026-01,Акварель,DJ08358,0.0,0.0
2026-02,Акварель,DJ08358,1.0,0.5508756
2025-07,ІМ-Розетка,DJ08417,0.0,0.21028651
2025-08,ІМ-Розетка,DJ08417,0.0,0.15005499
2025-09,ІМ-Розетка,DJ08417,2.0,1.2603214
2025-10,ІМ-Розетка,DJ08417,2.0,1.4203575
2025-11,ІМ-Розетка,DJ08417,2.0,2.787021
2025-12,ІМ-Розетка,DJ08417,5.0,6.3266907
2026-01,ІМ-Розетка,DJ08417,0.0,0.0
2026-02,ІМ-Розетка,DJ08417,1.0,0.9008632
2025-07,Акварель,DJ08417,1.0,1.7317615
2025-08,Акварель,DJ08417,1.0,2.1091595
2025-09,Акварель,DJ08417,0.0,1.3602962
2025-10,Акварель,DJ08417,2.0,2.0080035
2025-11,Акварель,DJ08417,2.0,2.1249113
2025-12,Акварель,DJ08417,6.0,6.3757067
2026-01,Акварель,DJ08417,1.0,3.0945892
2026-02,Акварель,DJ08417,0.0,0.0
2025-07,Антошка,DJ08417,0.0,0.37497908
2025-08,Антошка,DJ08417,1.0,0.5441942
2025-09,Антошка,DJ08417,2.0,1.2689635
2025-10,Антошка,DJ08417,0.0,1.1822091
2025-11,Антошка,DJ08417,0.0,0.80641985
2025-12,Антошка,DJ08417,1.0,1.45447
2026-01,Антошка,DJ08417,0.0,0.0
2026-02,Антошка,DJ08417,0.0,0.0
2025-07,БІ,DJ08417,1.0,2.7192607
2025-08,БІ,DJ08417,0.0,2.8983724
2025-09,БІ,DJ08417,1.0,1.7907016
2025-10,БІ,DJ08417,1.0,2.558249
2025-11,БІ,DJ08417,0.0,2.5142035
2025-12,БІ,DJ08417,10.0,4.3212404
2026-01,БІ,DJ08417,10.0,10.238065
2026-02,БІ,DJ08417,0.0,0.0
2025-07,МайПлей,DJ08417,1.0,0.4567318
2025-08,МайПлей,DJ08417,0.0,0.48009878
2025-09,МайПлей,DJ08417,1.0,0.46100476
2025-10,МайПлей,DJ08417,2.0,0.80104095
2025-11,МайПлей,DJ08417,1.0,1.9279505
2025-12,МайПлей,DJ08417,5.0,3.378751
2026-01,МайПлей,DJ08417,1.0,2.202542
2026-02,МайПлей,DJ08417,0.0,0.0
2025-07,Мегамаркет,DJ08417,0.0,0.44297752
2025-08,Мегамаркет,DJ08417,0.0,0.31213537
2025-09,Мегамаркет,DJ08417,0.0,0.42752275
2025-10,Мегамаркет,DJ08417,1.0,0.44080347
2025-11,Мегамаркет,DJ08417,0.0,0.698332
2025-12,Мегамаркет,DJ08417,1.0,0.60707015
2026-01,Мегамаркет,DJ08417,0.0,0.0
2026-02,Мегамаркет,DJ08417,0.0,0.0
2025-07,СмартТойс,DJ08417,0.0,0.0
2025-08,СмартТойс,DJ08417,0.0,0.0
2025-09,СмартТойс,DJ08417,0.0,0.0
2025-10,СмартТойс,DJ08417,1.0,1.313793
2025-11,СмартТойс,DJ08417,2.0,1.5642904
2025-12,СмартТойс,DJ08417,2.0,2.4070249
2026-01,СмартТойс,DJ08417,0.0,0.0
2026-02,СмартТойс,DJ08417,0.0,0.0
2025-07,Акварель,DJ08443,1.0,0.8844524
2025-08,Акварель,DJ08443,0.0,0.0
2025-09,Акварель,DJ08443,3.0,1.0500861
2025-10,Акварель,DJ08443,3.0,1.9132429
2025-11,Акварель,DJ08443,0.0,0.0
2025-12,Акварель,DJ08443,2.0,3.0575387
2026-01,Акварель,DJ08443,0.0,0.0
2026-02,Акварель,DJ08443,0.0,0.0
2025-07,Віват Канцелярія,DJ08443,0.0,0.3950513
2025-08,Віват Канцелярія,DJ08443,1.0,0.39772323
2025-09,Віват Канцелярія,DJ08443,0.0,0.38901937
2025-10,Віват Канцелярія,DJ08443,2.0,0.3592823
2025-11,Віват Канцелярія,DJ08443,1.0,0.41142747
2025-12,Віват Канцелярія,DJ08443,0.0,1.335647
2026-01,Віват Канцелярія,DJ08443,0.0,0.9426748
2026-02,Віват Канцелярія,DJ08443,0.0,0.09482823
2025-07,МайПлей,DJ08443,0.0,0.0
2025-08,МайПлей,DJ08443,1.0,1.2436501
2025-09,МайПлей,DJ08443,0.0,0.0
2025-10,МайПлей,DJ08443,0.0,0.0
2025-11,МайПлей,DJ08443,0.0,0.0
2025-12,МайПлей,DJ08443,1.0,1.5747671
2026-01,МайПлей,DJ08443,0.0,0.0
2026-02,МайПлей,DJ08443,1.0,0.6976134
2025-07,ІМ-Розетка,DJ08451,10.0,2.2222013
2025-08,ІМ-Розетка,DJ08451,2.0,3.716684
2025-09,ІМ-Розетка,DJ08451,3.0,2.218926
2025-10,ІМ-Розетка,DJ08451,2.0,2.5552497
2025-11,ІМ-Розетка,DJ08451,1.0,2.5688338
2025-12,ІМ-Розетка,DJ08451,3.0,5.600106
2026-01,ІМ-Розетка,DJ08451,2.0,1.6175225
2026-02,ІМ-Розетка,DJ08451,1.0,1.3804084
2025-07,Акварель,DJ08451,0.0,1.6833589
2025-08,Акварель,DJ08451,2.0,1.9410727
2025-09,Акварель,DJ08451,1.0,1.8189044
2025-10,Акварель,DJ08451,2.0,1.864921
2025-11,Акварель,DJ08451,5.0,2.2218747
2025-12,Акварель,DJ08451,7.0,4.3753676
2026-01,Акварель,DJ08451,0.0,0.0
2026-02,Акварель,DJ08451,2.0,1.1832222
2025-07,Антошка,DJ08451,5.0,2.0489426
2025-08,Антошка,DJ08451,2.0,2.5577111
2025-09,Антошка,DJ08451,3.0,2.6202796
2025-10,Антошка,DJ08451,7.0,3.2834618
2025-11,Антошка,DJ08451,5.0,3.64473
2025-12,Антошка,DJ08451,9.0,14.115527
2026-01,Антошка,DJ08451,3.0,4.5381494
2026-02,Антошка,DJ08451,6.0,1.8798138
2025-07,БІ,DJ08451,7.0,6.5851207
2025-08,БІ,DJ08451,12.0,9.220247
2025-09,БІ,DJ08451,15.0,12.116771
2025-10,БІ,DJ08451,15.0,12.921469
2025-11,БІ,DJ08451,12.0,15.478976
2025-12,БІ,DJ08451,40.0,39.203686
2026-01,БІ,DJ08451,20.0,9.164575
2026-02,БІ,DJ08451,8.0,4.919681
2025-07,Епіцентр,DJ08451,1.0,0.48342317
2025-08,Епіцентр,DJ08451,0.0,1.0973375
2025-09,Епіцентр,DJ08451,3.0,0.98855925
2025-10,Епіцентр,DJ08451,0.0,0.0
2025-11,Епіцентр,DJ08451,2.0,1.1237807
2025-12,Епіцентр,DJ08451,5.0,4.986352
2026-01,Епіцентр,DJ08451,1.0,1.3187761
2026-02,Епіцентр,DJ08451,1.0,1.2663808
2025-07,МайПлей,DJ08451,2.0,0.7917333
2025-08,МайПлей,DJ08451,2.0,0.974157
2025-09,МайПлей,DJ08451,1.0,1.7589402
2025-10,МайПлей,DJ08451,1.0,1.5311657
2025-11,МайПлей,DJ08451,1.0,1.0561811
2025-12,МайПлей,DJ08451,6.0,4.639047
2026-01,МайПлей,DJ08451,2.0,1.5508829
2026-02,МайПлей,DJ08451,2.0,0.8886404
2025-07,Мегамаркет,DJ08451,0.0,0.57372594
2025-08,Мегамаркет,DJ08451,0.0,0.23974489
2025-09,Мегамаркет,DJ08451,1.0,0.23676647
2025-10,Мегамаркет,DJ08451,0.0,0.39561576
2025-11,Мегамаркет,DJ08451,1.0,0.24238507
2025-12,Мегамаркет,DJ08451,1.0,0.47682232
2026-01,Мегамаркет,DJ08451,0.0,0.7274542
2026-02,Мегамаркет,DJ08451,0.0,0.108072035
2025-07,СмартТойс,DJ08451,0.0,0.0
2025-08,СмартТойс,DJ08451,0.0,0.0
2025-09,СмартТойс,DJ08451,5.0,1.3476435
2025-10,СмартТойс,DJ08451,7.0,2.415274
2025-11,СмартТойс,DJ08451,0.0,0.0
2025-12,СмартТойс,DJ08451,0.0,0.0
2026-01,СмартТойс,DJ08451,0.0,0.0
2026-02,СмартТойс,DJ08451,0.0,0.0
2025-07,Акварель,DJ08454,0.0,1.0480676
2025-08,Акварель,DJ08454,0.0,0.7099282
2025-09,Акварель,DJ08454,0.0,0.43035915
2025-10,Акварель,DJ08454,0.0,0.5288853
2025-11,Акварель,DJ08454,1.0,0.8066256
2025-12,Акварель,DJ08454,3.0,3.0838935
2026-01,Акварель,DJ08454,2.0,2.9634736
2026-02,Акварель,DJ08454,0.0,0.0
2025-07,Антошка,DJ08454,0.0,0.5785217
2025-08,Антошка,DJ08454,0.0,0.72069454
2025-09,Антошка,DJ08454,0.0,0.5122899
2025-10,Антошка,DJ08454,1.0,0.76122034
2025-11,Антошка,DJ08454,2.0,1.0440047
2025-12,Антошка,DJ08454,3.0,1.6943487
2026-01,Антошка,DJ08454,1.0,1.263666
2026-02,Антошка,DJ08454,0.0,0.0
2025-07,МайПлей,DJ08454,0.0,0.38998505
2025-08,МайПлей,DJ08454,1.0,0.4487211
2025-09,МайПлей,DJ08454,0.0,1.0177678
2025-10,МайПлей,DJ08454,0.0,0.5152887
2025-11,МайПлей,DJ08454,2.0,0.43090865
2025-12,МайПлей,DJ08454,1.0,1.578269
2026-01,МайПлей,DJ08454,0.0,0.4366259
2026-02,МайПлей,DJ08454,0.0,0.11887711
2025-07,ІМ-Розетка,DJ08463,0.0,1.0869117
2025-08,ІМ-Розетка,DJ08463,1.0,0.60202706
2025-09,ІМ-Розетка,DJ08463,0.0,1.6298746
2025-10,ІМ-Розетка,DJ08463,1.0,0.72024983
2025-11,ІМ-Розетка,DJ08463,2.0,1.0344472
2025-12,ІМ-Розетка,DJ08463,6.0,1.2840203
2026-01,ІМ-Розетка,DJ08463,0.0,0.0
2026-02,ІМ-Розетка,DJ08463,0.0,0.0
2025-07,Акварель,DJ08463,5.0,2.3785746
2025-08,Акварель,DJ08463,2.0,3.2261276
2025-09,Акварель,DJ08463,2.0,2.8580818
2025-10,Акварель,DJ08463,9.0,2.5830684
2025-11,Акварель,DJ08463,7.0,3.9079158
2025-12,Акварель,DJ08463,10.0,15.739076
2026-01,Акварель,DJ08463,6.0,6.839473
2026-02,Акварель,DJ08463,3.0,1.944309
2025-07,Антошка,DJ08463,3.0,4.127552
2025-08,Антошка,DJ08463,0.0,4.2098436
2025-09,Антошка,DJ08463,6.0,2.2080045
2025-10,Антошка,DJ08463,5.0,4.5866423
2025-11,Антошка,DJ08463,4.0,4.1984835
2025-12,Антошка,DJ08463,17.0,10.477068
2026-01,Антошка,DJ08463,6.0,3.2961466
2026-02,Антошка,DJ08463,4.0,2.3148348
2025-07,БІ,DJ08463,14.0,24.056118
2025-08,БІ,DJ08463,22.0,17.466814
2025-09,БІ,DJ08463,16.0,24.496487
2025-10,БІ,DJ08463,36.0,19.982756
2025-11,БІ,DJ08463,53.0,31.411875
2025-12,БІ,DJ08463,133.0,93.8452
2026-01,БІ,DJ08463,37.0,29.086254
2026-02,БІ,DJ08463,11.0,10.063625
2025-07,Віват Канцелярія,DJ08463,1.0,1.3665514
2025-08,Віват Канцелярія,DJ08463,5.0,1.4914417
2025-09,Віват Канцелярія,DJ08463,2.0,1.6824466
2025-10,Віват Канцелярія,DJ08463,4.0,1.5928417
2025-11,Віват Канцелярія,DJ08463,5.0,1.9520738
2025-12,Віват Канцелярія,DJ08463,5.0,6.5434585
2026-01,Віват Канцелярія,DJ08463,2.0,2.428882
2026-02,Віват Канцелярія,DJ08463,0.0,0.0
2025-07,Країна Казок,DJ08463,0.0,0.5135631
2025-08,Країна Казок,DJ08463,0.0,0.3649592
2025-09,Країна Казок,DJ08463,1.0,0.24644178
2025-10,Країна Казок,DJ08463,0.0,0.25148898
2025-11,Країна Казок,DJ08463,0.0,0.24648793
2025-12,Країна Казок,DJ08463,0.0,0.49896327
2026-01,Країна Казок,DJ08463,0.0,0.11179012
2026-02,Країна Казок,DJ08463,0.0,0.09192672
2025-07,МайПлей,DJ08463,0.0,1.2593905
2025-08,МайПлей,DJ08463,1.0,1.5722246
2025-09,МайПлей,DJ08463,0.0,1.2820934
2025-10,МайПлей,DJ08463,3.0,1.9371256
2025-11,МайПлей,DJ08463,2.0,2.818021
2025-12,МайПлей,DJ08463,12.0,8.280785
2026-01,МайПлей,DJ08463,3.0,2.4658406
2026-02,МайПлей,DJ08463,0.0,0.0
2025-07,Мегамаркет,DJ08463,0.0,0.6565297
2025-08,Мегамаркет,DJ08463,0.0,0.33280838
2025-09,Мегамаркет,DJ08463,1.0,0.24050254
2025-10,Мегамаркет,DJ08463,0.0,0.4195749
2025-11,Мегамаркет,DJ08463,1.0,0.37237504
2025-12,Мегамаркет,DJ08463,2.0,0.64345175
2026-01,Мегамаркет,DJ08463,0.0,0.0
2026-02,Мегамаркет,DJ08463,0.0,0.0
2025-07,ІМ-Розетка,DJ08464,1.0,0.8657557
2025-08,ІМ-Розетка,DJ08464,1.0,0.802658
2025-09,ІМ-Розетка,DJ08464,1.0,1.6051936
2025-10,ІМ-Розетка,DJ08464,0.0,0.9037357
2025-11,ІМ-Розетка,DJ08464,1.0,0.71094537
2025-12,ІМ-Розетка,DJ08464,6.0,2.0451715
2026-01,ІМ-Розетка,DJ08464,2.0,1.2798462
2026-02,ІМ-Розетка,DJ08464,0.0,0.0
2025-07,Акварель,DJ08464,1.0,1.9727547
2025-08,Акварель,DJ08464,1.0,2.4283378
2025-09,Акварель,DJ08464,0.0,2.1154997
2025-10,Акварель,DJ08464,4.0,1.4752277
2025-11,Акварель,DJ08464,1.0,2.2897189
2025-12,Акварель,DJ08464,11.0,7.460669
2026-01,Акварель,DJ08464,5.0,5.68407
2026-02,Акварель,DJ08464,5.0,2.2644138
2025-07,Антошка,DJ08464,0.0,0.95571685
2025-08,Антошка,DJ08464,1.0,0.6868684
2025-09,Антошка,DJ08464,2.0,0.964969
2025-10,Антошка,DJ08464,0.0,1.7055012
2025-11,Антошка,DJ08464,1.0,0.91424954
2025-12,Антошка,DJ08464,4.0,2.4335227
2026-01,Антошка,DJ08464,2.0,1.4714526
2026-02,Антошка,DJ08464,0.0,0.0
2025-07,БІ,DJ08464,10.0,13.946393
2025-08,БІ,DJ08464,11.0,13.077934
2025-09,БІ,DJ08464,6.0,14.725442
2025-10,БІ,DJ08464,17.0,13.85524
2025-11,БІ,DJ08464,22.0,17.337257
2025-12,БІ,DJ08464,71.0,56.427185
2026-01,БІ,DJ08464,23.0,16.343336
2026-02,БІ,DJ08464,25.0,4.9916935
2025-07,Віват Канцелярія,DJ08464,2.0,0.71820545
2025-08,Віват Канцелярія,DJ08464,5.0,0.5913421
2025-09,Віват Канцелярія,DJ08464,0.0,1.1095246
2025-10,Віват Канцелярія,DJ08464,1.0,1.1914097
2025-11,Віват Канцелярія,DJ08464,0.0,0.7957444
2025-12,Віват Канцелярія,DJ08464,1.0,2.759558
2026-01,Віват Канцелярія,DJ08464,0.0,0.0
2026-02,Віват Канцелярія,DJ08464,0.0,0.0
2025-07,МайПлей,DJ08464,2.0,1.1511757
2025-08,МайПлей,DJ08464,1.0,1.1165375
2025-09,МайПлей,DJ08464,0.0,1.9894972
2025-10,МайПлей,DJ08464,3.0,1.3196626
2025-11,МайПлей,DJ08464,3.0,2.3124745
2025-12,МайПлей,DJ08464,2.0,8.097857
2026-01,МайПлей,DJ08464,5.0,1.6715125
2026-02,МайПлей,DJ08464,0.0,0.0
2025-07,Монако,DJ08464,0.0,0.0
2025-08,Монако,DJ08464,0.0,0.0
2025-09,Монако,DJ08464,0.0,0.0
2025-10,Монако,DJ08464,0.0,0.0
2025-11,Монако,DJ08464,2.0,1.4388423
2025-12,Монако,DJ08464,0.0,0.0
2026-01,Монако,DJ08464,1.0,1.1923761
2026-02,Монако,DJ08464,0.0,0.0
2025-07,ІМ-Розетка,DJ08477,1.0,1.891341
2025-08,ІМ-Розетка,DJ08477,0.0,0.8654725
2025-09,ІМ-Розетка,DJ08477,0.0,1.4315153
2025-10,ІМ-Розетка,DJ08477,0.0,0.1423056
2025-11,ІМ-Розетка,DJ08477,0.0,0.70175385
2025-12,ІМ-Розетка,DJ08477,2.0,2.2249327
2026-01,ІМ-Розетка,DJ08477,1.0,0.8716814
2026-02,ІМ-Розетка,DJ08477,1.0,1.0142807
2025-07,Акварель,DJ08477,3.0,2.653933
2025-08,Акварель,DJ08477,4.0,2.144556
2025-09,Акварель,DJ08477,2.0,2.2343853
2025-10,Акварель,DJ08477,2.0,2.708925
2025-11,Акварель,DJ08477,4.0,2.7203844
2025-12,Акварель,DJ08477,5.0,12.275764
2026-01,Акварель,DJ08477,4.0,2.2642403
2026-02,Акварель,DJ08477,4.0,1.8336059
2025-07,Антошка,DJ08477,1.0,1.8244822
2025-08,Антошка,DJ08477,2.0,2.0297976
2025-09,Антошка,DJ08477,3.0,2.1338637
2025-10,Антошка,DJ08477,0.0,2.8444934
2025-11,Антошка,DJ08477,7.0,2.6848319
2025-12,Антошка,DJ08477,19.0,17.250778
2026-01,Антошка,DJ08477,5.0,4.463422
2026-02,Антошка,DJ08477,4.0,2.0840094
2025-07,БІ,DJ08477,16.0,20.90295
2025-08,БІ,DJ08477,12.0,18.09377
2025-09,БІ,DJ08477,17.0,16.685211
2025-10,БІ,DJ08477,19.0,21.877794
2025-11,БІ,DJ08477,26.0,26.578785
2025-12,БІ,DJ08477,49.0,69.072105
2026-01,БІ,DJ08477,32.0,10.924242
2026-02,БІ,DJ08477,26.0,7.65083
2025-07,МайПлей,DJ08477,0.0,0.7430065
2025-08,МайПлей,DJ08477,2.0,0.89853007
2025-09,МайПлей,DJ08477,0.0,1.134644
2025-10,МайПлей,DJ08477,2.0,0.8486304
2025-11,МайПлей,DJ08477,1.0,0.8245481
2025-12,МайПлей,DJ08477,0.0,2.22133
2026-01,МайПлей,DJ08477,0.0,0.0
2026-02,МайПлей,DJ08477,1.0,0.9017631
2025-07,Мегамаркет,DJ08477,0.0,0.5077258
2025-08,Мегамаркет,DJ08477,0.0,0.32650486
2025-09,Мегамаркет,DJ08477,1.0,0.24868527
2025-10,Мегамаркет,DJ08477,1.0,0.37932542
2025-11,Мегамаркет,DJ08477,0.0,0.55878925
2025-12,Мегамаркет,DJ08477,1.0,1.0777261
2026-01,Мегамаркет,DJ08477,0.0,0.13423398
2026-02,Мегамаркет,DJ08477,3.0,0.11104228
2025-07,Озерова ФОП,DJ08477,0.0,0.0
2025-08,Озерова ФОП,DJ08477,0.0,0.0
2025-09,Озерова ФОП,DJ08477,0.0,0.0
2025-10,Озерова ФОП,DJ08477,4.0,1.7249511
2025-11,Озерова ФОП,DJ08477,3.0,2.86668
2025-12,Озерова ФОП,DJ08477,0.0,0.0
2026-01,Озерова ФОП,DJ08477,0.0,0.0
2026-02,Озерова ФОП,DJ08477,0.0,0.0
2025-07,СмартТойс,DJ08477,0.0,0.0
2025-08,СмартТойс,DJ08477,0.0,0.0
2025-09,СмартТойс,DJ08477,2.0,1.9795036
2025-10,СмартТойс,DJ08477,10.0,2.198064
2025-11,СмартТойс,DJ08477,1.0,4.704797
2025-12,СмартТойс,DJ08477,0.0,0.0
2026-01,СмартТойс,DJ08477,0.0,0.0
2026-02,СмартТойс,DJ08477,0.0,0.0
2025-07,ІМ-МауДау,DJ08505,0.0,0.10250418
2025-08,ІМ-МауДау,DJ08505,0.0,0.08676539
2025-09,ІМ-МауДау,DJ08505,0.0,0.018177427
2025-10,ІМ-МауДау,DJ08505,0.0,0.33767578
2025-11,ІМ-МауДау,DJ08505,1.0,0.45432165
2025-12,ІМ-МауДау,DJ08505,0.0,0.30914447
2026-01,ІМ-МауДау,DJ08505,0.0,0.04793988
2026-02,ІМ-МауДау,DJ08505,0.0,0.10348919
2025-07,Акварель,DJ08505,0.0,0.6579016
2025-08,Акварель,DJ08505,0.0,0.5085265
2025-09,Акварель,DJ08505,2.0,0.42566448
2025-10,Акварель,DJ08505,3.0,1.261649
2025-11,Акварель,DJ08505,0.0,0.0
2025-12,Акварель,DJ08505,2.0,2.411079
2026-01,Акварель,DJ08505,0.0,0.0
2026-02,Акварель,DJ08505,2.0,0.6989998
2025-07,Епіцентр,DJ08505,1.0,0.29511097
2025-08,Епіцентр,DJ08505,0.0,0.68381906
2025-09,Епіцентр,DJ08505,2.0,0.36988577
2025-10,Епіцентр,DJ08505,1.0,0.42713088
2025-11,Епіцентр,DJ08505,0.0,0.36470953
2025-12,Епіцентр,DJ08505,1.0,0.8365933
2026-01,Епіцентр,DJ08505,0.0,0.13856637
2026-02,Епіцентр,DJ08505,0.0,0.09834643
2025-07,МайПлей,DJ08505,0.0,0.40750578
2025-08,МайПлей,DJ08505,1.0,0.36570457
2025-09,МайПлей,DJ08505,0.0,0.22870025
2025-10,МайПлей,DJ08505,0.0,0.0
2025-11,МайПлей,DJ08505,0.0,0.0
2025-12,МайПлей,DJ08505,1.0,1.4201354
2026-01,МайПлей,DJ08505,1.0,0.8980444
2026-02,МайПлей,DJ08505,0.0,0.0
2025-07,Супрун ФОП,DJ08505,0.0,0.0
2025-08,Супрун ФОП,DJ08505,0.0,0.0
2025-09,Супрун ФОП,DJ08505,0.0,0.0
2025-10,Супрун ФОП,DJ08505,2.0,1.1412299
2025-11,Супрун ФОП,DJ08505,0.0,0.0
2025-12,Супрун ФОП,DJ08505,0.0,0.0
2026-01,Супрун ФОП,DJ08505,0.0,0.0
2026-02,Супрун ФОП,DJ08505,0.0,0.0
2025-07,Акварель,DJ08507,1.0,0.8094371
2025-08,Акварель,DJ08507,0.0,0.0
2025-09,Акварель,DJ08507,0.0,0.0
2025-10,Акварель,DJ08507,0.0,0.0
2025-11,Акварель,DJ08507,0.0,0.0
2025-12,Акварель,DJ08507,0.0,0.0
2026-01,Акварель,DJ08507,0.0,0.0
2026-02,Акварель,DJ08507,0.0,0.0
2025-07,ІМ-МауДау,DJ08510,0.0,0.22265013
2025-08,ІМ-МауДау,DJ08510,1.0,0.54183644
2025-09,ІМ-МауДау,DJ08510,0.0,0.0974149
2025-10,ІМ-МауДау,DJ08510,1.0,0.6271229
2025-11,ІМ-МауДау,DJ08510,3.0,0.84842575
2025-12,ІМ-МауДау,DJ08510,4.0,3.212512
2026-01,ІМ-МауДау,DJ08510,0.0,0.56547844
2026-02,ІМ-МауДау,DJ08510,0.0,0.13586652
2025-07,ІМ-Розетка,DJ08510,0.0,0.4019261
2025-08,ІМ-Розетка,DJ08510,0.0,0.4114372
2025-09,ІМ-Розетка,DJ08510,0.0,0.44169426
2025-10,ІМ-Розетка,DJ08510,1.0,1.6597116
2025-11,ІМ-Розетка,DJ08510,1.0,0.19298351
2025-12,ІМ-Розетка,DJ08510,1.0,2.9452887
2026-01,ІМ-Розетка,DJ08510,1.0,1.1977178
2026-02,ІМ-Розетка,DJ08510,0.0,0.0
2025-07,Акварель,DJ08510,0.0,1.1021205
2025-08,Акварель,DJ08510,0.0,1.1569026
2025-09,Акварель,DJ08510,2.0,0.61856264
2025-10,Акварель,DJ08510,0.0,1.6837639
2025-11,Акварель,DJ08510,5.0,1.9306769
2025-12,Акварель,DJ08510,2.0,5.869044
2026-01,Акварель,DJ08510,2.0,3.1644914
2026-02,Акварель,DJ08510,5.0,1.8567562
2025-07,БІ,DJ08510,4.0,4.5842996
2025-08,БІ,DJ08510,1.0,5.0563397
2025-09,БІ,DJ08510,5.0,5.6214423
2025-10,БІ,DJ08510,8.0,7.678489
2025-11,БІ,DJ08510,12.0,10.631899
2025-12,БІ,DJ08510,34.0,23.759398
2026-01,БІ,DJ08510,9.0,12.252298
2026-02,БІ,DJ08510,8.0,4.3903956
2025-07,МайПлей,DJ08510,2.0,0.6421858
2025-08,МайПлей,DJ08510,0.0,0.45430443
2025-09,МайПлей,DJ08510,0.0,0.3988169
2025-10,МайПлей,DJ08510,1.0,0.63626605
2025-11,МайПлей,DJ08510,2.0,0.5887914
2025-12,МайПлей,DJ08510,3.0,2.1663811
2026-01,МайПлей,DJ08510,2.0,1.312887
2026-02,МайПлей,DJ08510,1.0,1.0351782
2025-07,Мегамаркет,DJ08510,0.0,0.42381564
2025-08,Мегамаркет,DJ08510,0.0,0.36895806
2025-09,Мегамаркет,DJ08510,1.0,0.3702199
2025-10,Мегамаркет,DJ08510,0.0,0.41305545
2025-11,Мегамаркет,DJ08510,1.0,0.42853826
2025-12,Мегамаркет,DJ08510,3.0,1.2089927
2026-01,Мегамаркет,DJ08510,0.0,1.2217504
2026-02,Мегамаркет,DJ08510,0.0,0.088534676
2025-07,Супрун ФОП,DJ08510,0.0,0.0
2025-08,Супрун ФОП,DJ08510,0.0,0.0
2025-09,Супрун ФОП,DJ08510,0.0,0.0
2025-10,Супрун ФОП,DJ08510,0.0,0.0
2025-11,Супрун ФОП,DJ08510,0.0,0.0
2025-12,Супрун ФОП,DJ08510,0.0,0.0
2026-01,Супрун ФОП,DJ08510,0.0,0.0
2026-02,Супрун ФОП,DJ08510,0.0,0.0
2025-07,БІ,DJ08526,0.0,0.56202835
2025-08,БІ,DJ08526,0.0,0.16705057
2025-09,БІ,DJ08526,0.0,0.0628422
2025-10,БІ,DJ08526,0.0,0.027693737
2025-11,БІ,DJ08526,0.0,0.032791685
2025-12,БІ,DJ08526,1.0,4.3669896
2026-01,БІ,DJ08526,0.0,0.43670738
2026-02,БІ,DJ08526,2.0,3.7079275
2025-07,МайПлей,DJ08526,0.0,0.35174182
2025-08,МайПлей,DJ08526,0.0,0.36697057
2025-09,МайПлей,DJ08526,0.0,0.35325807
2025-10,МайПлей,DJ08526,2.0,0.45644125
2025-11,МайПлей,DJ08526,1.0,1.119727
2025-12,МайПлей,DJ08526,1.0,1.6356612
2026-01,МайПлей,DJ08526,0.0,0.96468735
2026-02,МайПлей,DJ08526,0.0,0.37067133
2025-07,СмартТойс,DJ08526,0.0,0.0
2025-08,СмартТойс,DJ08526,0.0,0.0
2025-09,СмартТойс,DJ08526,0.0,0.0
2025-10,СмартТойс,DJ08526,0.0,0.0
2025-11,СмартТойс,DJ08526,0.0,0.0
2025-12,СмартТойс,DJ08526,0.0,0.0
2026-01,СмартТойс,DJ08526,1.0,1.763844
2026-02,СмартТойс,DJ08526,0.0,0.0
2025-07,ІМ-Розетка,DJ08527,1.0,0.9796637
2025-08,ІМ-Розетка,DJ08527,0.0,0.40632734
2025-09,ІМ-Розетка,DJ08527,1.0,0.586015
2025-10,ІМ-Розетка,DJ08527,0.0,0.35445908
2025-11,ІМ-Розетка,DJ08527,0.0,0.3607328
2025-12,ІМ-Розетка,DJ08527,0.0,0.9250971
2026-01,ІМ-Розетка,DJ08527,0.0,0.10013236
2026-02,ІМ-Розетка,DJ08527,0.0,0.017089441
2025-07,БІ,DJ08527,4.0,3.620272
2025-08,БІ,DJ08527,9.0,4.8277726
2025-09,БІ,DJ08527,0.0,4.470652
2025-10,БІ,DJ08527,3.0,4.3820157
2025-11,БІ,DJ08527,5.0,4.0577574
2025-12,БІ,DJ08527,15.0,8.000723
2026-01,БІ,DJ08527,6.0,11.041812
2026-02,БІ,DJ08527,5.0,6.084275
2025-07,МайПлей,DJ08527,1.0,0.38635543
2025-08,МайПлей,DJ08527,0.0,0.47367206
2025-09,МайПлей,DJ08527,1.0,0.4172341
2025-10,МайПлей,DJ08527,0.0,0.4272735
2025-11,МайПлей,DJ08527,1.0,0.42510068
2025-12,МайПлей,DJ08527,1.0,1.6059182
2026-01,МайПлей,DJ08527,1.0,0.47598696
2026-02,МайПлей,DJ08527,0.0,0.2662729
2025-07,ІМ-Кідіс,DJ08533,0.0,0.39594236
2025-08,ІМ-Кідіс,DJ08533,0.0,0.43244457
2025-09,ІМ-Кідіс,DJ08533,0.0,0.321771
2025-10,ІМ-Кідіс,DJ08533,0.0,0.3005628
2025-11,ІМ-Кідіс,DJ08533,0.0,0.25926423
2025-12,ІМ-Кідіс,DJ08533,0.0,0.4521163
2026-01,ІМ-Кідіс,DJ08533,0.0,0.050530802
2026-02,ІМ-Кідіс,DJ08533,0.0,0.046783984
2025-07,ІМ-МауДау,DJ08533,0.0,0.7653149
2025-08,ІМ-МауДау,DJ08533,1.0,0.5233891
2025-09,ІМ-МауДау,DJ08533,0.0,0.1499857
2025-10,ІМ-МауДау,DJ08533,0.0,0.14060694
2025-11,ІМ-МауДау,DJ08533,0.0,0.09308831
2025-12,ІМ-МауДау,DJ08533,0.0,0.12894149
2026-01,ІМ-МауДау,DJ08533,0.0,0.018662669
2026-02,ІМ-МауДау,DJ08533,0.0,0.04143463
2025-07,ІМ-Розетка,DJ08533,0.0,0.8738056
2025-08,ІМ-Розетка,DJ08533,0.0,0.24139331
2025-09,ІМ-Розетка,DJ08533,2.0,3.2397165
2025-10,ІМ-Розетка,DJ08533,2.0,2.3350205
2025-11,ІМ-Розетка,DJ08533,1.0,4.2719364
2025-12,ІМ-Розетка,DJ08533,6.0,6.339548
2026-01,ІМ-Розетка,DJ08533,0.0,0.0
2026-02,ІМ-Розетка,DJ08533,0.0,0.0
2025-07,Акварель,DJ08533,2.0,2.9182837
2025-08,Акварель,DJ08533,1.0,2.2356286
2025-09,Акварель,DJ08533,2.0,2.1130855
2025-10,Акварель,DJ08533,2.0,2.7591004
2025-11,Акварель,DJ08533,5.0,3.0606108
2025-12,Акварель,DJ08533,8.0,7.5822387
2026-01,Акварель,DJ08533,2.0,6.102391
2026-02,Акварель,DJ08533,2.0,2.037185
2025-07,Антошка,DJ08533,2.0,1.9413967
2025-08,Антошка,DJ08533,3.0,1.7080876
2025-09,Антошка,DJ08533,2.0,1.6510612
2025-10,Антошка,DJ08533,5.0,2.8107147
2025-11,Антошка,DJ08533,4.0,3.965989
2025-12,Антошка,DJ08533,13.0,8.32731
2026-01,Антошка,DJ08533,3.0,2.6080356
2026-02,Антошка,DJ08533,14.0,1.8181674
2025-07,БІ,DJ08533,31.0,28.258833
2025-08,БІ,DJ08533,28.0,29.765982
2025-09,БІ,DJ08533,24.0,30.704159
2025-10,БІ,DJ08533,52.0,30.80846
2025-11,БІ,DJ08533,81.0,35.362514
2025-12,БІ,DJ08533,152.0,99.98908
2026-01,БІ,DJ08533,77.0,33.08708
2026-02,БІ,DJ08533,39.0,18.764645
2025-07,Ковальчук ФОП,DJ08533,0.0,0.0
2025-08,Ковальчук ФОП,DJ08533,0.0,0.0
2025-09,Ковальчук ФОП,DJ08533,1.0,0.90405196
2025-10,Ковальчук ФОП,DJ08533,0.0,0.0
2025-11,Ковальчук ФОП,DJ08533,1.0,1.1341062
2025-12,Ковальчук ФОП,DJ08533,0.0,0.0
2026-01,Ковальчук ФОП,DJ08533,0.0,0.0
2026-02,Ковальчук ФОП,DJ08533,0.0,0.0
2025-07,МайПлей,DJ08533,4.0,1.2473376
2025-08,МайПлей,DJ08533,5.0,0.85270655
2025-09,МайПлей,DJ08533,3.0,2.0937467
2025-10,МайПлей,DJ08533,5.0,2.4610033
2025-11,МайПлей,DJ08533,1.0,4.8919635
2025-12,МайПлей,DJ08533,8.0,8.662326
2026-01,МайПлей,DJ08533,3.0,2.2489758
2026-02,МайПлей,DJ08533,2.0,1.4522808
2025-07,Озерова ФОП,DJ08533,0.0,0.0
2025-08,Озерова ФОП,DJ08533,0.0,0.0
2025-09,Озерова ФОП,DJ08533,0.0,0.0
2025-10,Озерова ФОП,DJ08533,0.0,0.0
2025-11,Озерова ФОП,DJ08533,2.0,1.98885
2025-12,Озерова ФОП,DJ08533,0.0,0.0
2026-01,Озерова ФОП,DJ08533,0.0,0.0
2026-02,Озерова ФОП,DJ08533,0.0,0.0
2025-07,Планета Ігр,DJ08533,0.0,0.0
2025-08,Планета Ігр,DJ08533,4.0,2.664163
2025-09,Планета Ігр,DJ08533,0.0,0.0
2025-10,Планета Ігр,DJ08533,0.0,0.0
2025-11,Планета Ігр,DJ08533,6.0,2.8465328
2025-12,Планета Ігр,DJ08533,0.0,0.0
2026-01,Планета Ігр,DJ08533,0.0,0.0
2026-02,Планета Ігр,DJ08533,0.0,0.0
2025-07,СмартТойс,DJ08533,0.0,0.0
2025-08,СмартТойс,DJ08533,3.0,2.4120584
2025-09,СмартТойс,DJ08533,0.0,0.0
2025-10,СмартТойс,DJ08533,14.0,2.8145478
2025-11,СмартТойс,DJ08533,9.0,9.008319
2025-12,СмартТойс,DJ08533,1.0,13.976337
2026-01,СмартТойс,DJ08533,0.0,0.0
2026-02,СмартТойс,DJ08533,0.0,0.0
2025-07,Супрун ФОП,DJ08533,0.0,0.0
2025-08,Супрун ФОП,DJ08533,0.0,0.0
2025-09,Супрун ФОП,DJ08533,0.0,0.0
2025-10,Супрун ФОП,DJ08533,0.0,0.0
2025-11,Супрун ФОП,DJ08533,2.0,1.1676751
2025-12,Супрун ФОП,DJ08533,4.0,1.9473519
2026-01,Супрун ФОП,DJ08533,0.0,0.0
2026-02,Супрун ФОП,DJ08533,0.0,0.0
2025-07,ІМ-Розетка,DJ08535,1.0,2.4367433
2025-08,ІМ-Розетка,DJ08535,3.0,0.19107346
2025-09,ІМ-Розетка,DJ08535,0.0,1.3127426
2025-10,ІМ-Розетка,DJ08535,0.0,0.0
2025-11,ІМ-Розетка,DJ08535,1.0,0.47245067
2025-12,ІМ-Розетка,DJ08535,1.0,2.8083835
2026-01,ІМ-Розетка,DJ08535,2.0,1.4532374
2026-02,ІМ-Розетка,DJ08535,0.0,0.0
2025-07,Акварель,DJ08535,1.0,1.7069565
2025-08,Акварель,DJ08535,3.0,1.3611261
2025-09,Акварель,DJ08535,1.0,1.4841025
2025-10,Акварель,DJ08535,3.0,1.9865594
2025-11,Акварель,DJ08535,0.0,1.1787306
2025-12,Акварель,DJ08535,3.0,2.4338813
2026-01,Акварель,DJ08535,3.0,1.4786938
2026-02,Акварель,DJ08535,0.0,0.0
2025-07,Антошка,DJ08535,1.0,2.2169127
2025-08,Антошка,DJ08535,0.0,1.3975477
2025-09,Антошка,DJ08535,2.0,1.1142232
2025-10,Антошка,DJ08535,2.0,2.1063406
2025-11,Антошка,DJ08535,3.0,1.3605441
2025-12,Антошка,DJ08535,3.0,3.7762506
2026-01,Антошка,DJ08535,4.0,1.1903971
2026-02,Антошка,DJ08535,2.0,1.4532299
2025-07,БІ,DJ08535,0.0,0.0
2025-08,БІ,DJ08535,3.0,1.1647831
2025-09,БІ,DJ08535,1.0,0.9203
2025-10,БІ,DJ08535,0.0,0.0
2025-11,БІ,DJ08535,0.0,1.684904
2025-12,БІ,DJ08535,0.0,3.3428762
2026-01,БІ,DJ08535,0.0,0.0
2026-02,БІ,DJ08535,0.0,0.0
2025-07,МайПлей,DJ08535,0.0,0.0
2025-08,МайПлей,DJ08535,0.0,0.5931769
2025-09,МайПлей,DJ08535,0.0,0.41833586
2025-10,МайПлей,DJ08535,2.0,0.9087516
2025-11,МайПлей,DJ08535,0.0,0.5889033
2025-12,МайПлей,DJ08535,1.0,1.6500232
2026-01,МайПлей,DJ08535,0.0,0.0
2026-02,МайПлей,DJ08535,1.0,0.79798406
2025-07,ІМ-Розетка,DJ08537,6.0,2.2013948
2025-08,ІМ-Розетка,DJ08537,3.0,2.2689626
2025-09,ІМ-Розетка,DJ08537,0.0,0.0
2025-10,ІМ-Розетка,DJ08537,0.0,0.0
2025-11,ІМ-Розетка,DJ08537,0.0,0.0
2025-12,ІМ-Розетка,DJ08537,0.0,0.0
2026-01,ІМ-Розетка,DJ08537,0.0,0.0
2026-02,ІМ-Розетка,DJ08537,0.0,0.0
2025-07,Акварель,DJ08537,5.0,2.9255095
2025-08,Акварель,DJ08537,5.0,2.7109296
2025-09,Акварель,DJ08537,5.0,3.1405594
2025-10,Акварель,DJ08537,4.0,3.4156573
2025-11,Акварель,DJ08537,2.0,3.4460194
2025-12,Акварель,DJ08537,5.0,5.253959
2026-01,Акварель,DJ08537,5.0,1.8198155
2026-02,Акварель,DJ08537,0.0,0.0
2025-07,МайПлей,DJ08537,3.0,1.2339193
2025-08,МайПлей,DJ08537,1.0,0.9706861
2025-09,МайПлей,DJ08537,1.0,1.765874
2025-10,МайПлей,DJ08537,0.0,0.0
2025-11,МайПлей,DJ08537,1.0,1.5039301
2025-12,МайПлей,DJ08537,1.0,1.8693414
2026-01,МайПлей,DJ08537,0.0,0.0
2026-02,МайПлей,DJ08537,1.0,0.8031563
2025-07,Смік,DJ08537,1.0,0.40009066
2025-08,Смік,DJ08537,0.0,0.41821423
2025-09,Смік,DJ08537,0.0,0.60705686
2025-10,Смік,DJ08537,0.0,0.46399674
2025-11,Смік,DJ08537,1.0,0.11798753
2025-12,Смік,DJ08537,0.0,0.58414316
2026-01,Смік,DJ08537,0.0,0.14749344
2026-02,Смік,DJ08537,0.0,0.14992112
2025-07,Акварель,DJ08538,2.0,1.6455741
2025-08,Акварель,DJ08538,2.0,2.1683643
2025-09,Акварель,DJ08538,1.0,1.8351862
2025-10,Акварель,DJ08538,0.0,0.0
2025-11,Акварель,DJ08538,0.0,0.0
2025-12,Акварель,DJ08538,0.0,0.0
2026-01,Акварель,DJ08538,0.0,0.0
2026-02,Акварель,DJ08538,0.0,0.0
2025-07,Антошка,DJ08538,2.0,1.1037039
2025-08,Антошка,DJ08538,0.0,0.0
2025-09,Антошка,DJ08538,0.0,0.0
2025-10,Антошка,DJ08538,0.0,0.0
2025-11,Антошка,DJ08538,0.0,0.0
2025-12,Антошка,DJ08538,0.0,0.0
2026-01,Антошка,DJ08538,0.0,0.0
2026-02,Антошка,DJ08538,0.0,0.0
2025-07,МайПлей,DJ08538,1.0,1.1164268
2025-08,МайПлей,DJ08538,0.0,0.0
2025-09,МайПлей,DJ08538,0.0,0.0
2025-10,МайПлей,DJ08538,0.0,0.0
2025-11,МайПлей,DJ08538,0.0,0.0
2025-12,МайПлей,DJ08538,0.0,0.0
2026-01,МайПлей,DJ08538,0.0,0.0
2026-02,МайПлей,DJ08538,0.0,0.0
2025-07,ІМ-Розетка,DJ08540,0.0,0.54097116
2025-08,ІМ-Розетка,DJ08540,0.0,0.4656973
2025-09,ІМ-Розетка,DJ08540,0.0,0.44241136
2025-10,ІМ-Розетка,DJ08540,0.0,0.36185396
2025-11,ІМ-Розетка,DJ08540,0.0,0.3778076
2025-12,ІМ-Розетка,DJ08540,0.0,0.61118954
2026-01,ІМ-Розетка,DJ08540,0.0,0.014649838
2026-02,ІМ-Розетка,DJ08540,0.0,0.040330693
2025-07,БІ,DJ08540,1.0,0.9408412
2025-08,БІ,DJ08540,2.0,1.7048074
2025-09,БІ,DJ08540,3.0,1.605204
2025-10,БІ,DJ08540,0.0,3.845786
2025-11,БІ,DJ08540,3.0,2.6141856
2025-12,БІ,DJ08540,4.0,5.796346
2026-01,БІ,DJ08540,1.0,0.946552
2026-02,БІ,DJ08540,1.0,1.3980201
2025-07,СмартТойс,DJ08540,0.0,0.0
2025-08,СмартТойс,DJ08540,0.0,0.0
2025-09,СмартТойс,DJ08540,0.0,0.0
2025-10,СмартТойс,DJ08540,0.0,0.0
2025-11,СмартТойс,DJ08540,7.0,2.5494661
2025-12,СмартТойс,DJ08540,0.0,0.05708704
2026-01,СмартТойс,DJ08540,1.0,3.3045914
2026-02,СмартТойс,DJ08540,0.0,0.0
2025-07,ІМ-Розетка,DJ08542,0.0,0.6791911
2025-08,ІМ-Розетка,DJ08542,2.0,0.5904137
2025-09,ІМ-Розетка,DJ08542,1.0,0.53650075
2025-10,ІМ-Розетка,DJ08542,1.0,0.67954016
2025-11,ІМ-Розетка,DJ08542,5.0,2.6558545
2025-12,ІМ-Розетка,DJ08542,0.0,1.626821
2026-01,ІМ-Розетка,DJ08542,0.0,0.0
2026-02,ІМ-Розетка,DJ08542,0.0,0.0
2025-07,Акварель,DJ08542,0.0,1.7330066
2025-08,Акварель,DJ08542,3.0,1.2853291
2025-09,Акварель,DJ08542,1.0,1.8144584
2025-10,Акварель,DJ08542,2.0,1.774907
2025-11,Акварель,DJ08542,2.0,1.7887152
2025-12,Акварель,DJ08542,6.0,4.4262156
2026-01,Акварель,DJ08542,1.0,2.0961556
2026-02,Акварель,DJ08542,6.0,1.4628513
2025-07,Антошка,DJ08542,0.0,1.4054368
2025-08,Антошка,DJ08542,2.0,1.3302621
2025-09,Антошка,DJ08542,1.0,1.5985429
2025-10,Антошка,DJ08542,3.0,1.6653769
2025-11,Антошка,DJ08542,5.0,2.1613958
2025-12,Антошка,DJ08542,7.0,3.571568
2026-01,Антошка,DJ08542,1.0,1.9756562
2026-02,Антошка,DJ08542,6.0,1.0762825
2025-07,БІ,DJ08542,8.0,12.562158
2025-08,БІ,DJ08542,8.0,11.763267
2025-09,БІ,DJ08542,7.0,11.885694
2025-10,БІ,DJ08542,25.0,12.562317
2025-11,БІ,DJ08542,28.0,17.339596
2025-12,БІ,DJ08542,36.0,37.307713
2026-01,БІ,DJ08542,23.0,20.759172
2026-02,БІ,DJ08542,7.0,6.921261
2025-07,МайПлей,DJ08542,1.0,0.5448465
2025-08,МайПлей,DJ08542,1.0,0.5819569
2025-09,МайПлей,DJ08542,1.0,0.4676057
2025-10,МайПлей,DJ08542,1.0,0.68403965
2025-11,МайПлей,DJ08542,2.0,1.2389566
2025-12,МайПлей,DJ08542,1.0,2.014298
2026-01,МайПлей,DJ08542,0.0,0.0
2026-02,МайПлей,DJ08542,0.0,0.0
2025-07,ІМ-МауДау,DJ08550,0.0,0.0964396
2025-08,ІМ-МауДау,DJ08550,0.0,0.10710757
2025-09,ІМ-МауДау,DJ08550,1.0,1.0696629
2025-10,ІМ-МауДау,DJ08550,0.0,0.81393
2025-11,ІМ-МауДау,DJ08550,1.0,0.4046
2025-12,ІМ-МауДау,DJ08550,0.0,0.34223738
2026-01,ІМ-МауДау,DJ08550,0.0,0.10969938
2026-02,ІМ-МауДау,DJ08550,0.0,0.095074475
2025-07,ІМ-Розетка,DJ08550,6.0,0.69323325
2025-08,ІМ-Розетка,DJ08550,0.0,0.7730068
2025-09,ІМ-Розетка,DJ08550,3.0,3.4754074
2025-10,ІМ-Розетка,DJ08550,6.0,5.36959
2025-11,ІМ-Розетка,DJ08550,4.0,7.1151767
2025-12,ІМ-Розетка,DJ08550,4.0,9.6161375
2026-01,ІМ-Розетка,DJ08550,0.0,0.0
2026-02,ІМ-Розетка,DJ08550,0.0,0.0
2025-07,Акварель,DJ08550,1.0,2.2806728
2025-08,Акварель,DJ08550,0.0,2.5721016
2025-09,Акварель,DJ08550,2.0,1.5576775
2025-10,Акварель,DJ08550,4.0,2.3244834
2025-11,Акварель,DJ08550,4.0,2.766396
2025-12,Акварель,DJ08550,7.0,9.101063
2026-01,Акварель,DJ08550,4.0,4.3035164
2026-02,Акварель,DJ08550,3.0,2.2113383
2025-07,Антошка,DJ08550,9.0,3.0744476
2025-08,Антошка,DJ08550,6.0,4.652948
2025-09,Антошка,DJ08550,7.0,5.958224
2025-10,Антошка,DJ08550,8.0,9.032338
2025-11,Антошка,DJ08550,8.0,9.069261
2025-12,Антошка,DJ08550,29.0,17.622036
2026-01,Антошка,DJ08550,10.0,5.9724617
2026-02,Антошка,DJ08550,6.0,2.6111722
2025-07,БІ,DJ08550,21.0,17.671703
2025-08,БІ,DJ08550,20.0,19.29811
2025-09,БІ,DJ08550,15.0,21.622858
2025-10,БІ,DJ08550,36.0,26.631208
2025-11,БІ,DJ08550,50.0,29.71455
2025-12,БІ,DJ08550,96.0,97.24978
2026-01,БІ,DJ08550,43.0,26.691477
2026-02,БІ,DJ08550,26.0,13.702033
2025-07,Ковальчук ФОП,DJ08550,0.0,0.0
2025-08,Ковальчук ФОП,DJ08550,1.0,1.1537564
2025-09,Ковальчук ФОП,DJ08550,0.0,0.0
2025-10,Ковальчук ФОП,DJ08550,0.0,0.0
2025-11,Ковальчук ФОП,DJ08550,0.0,0.0
2025-12,Ковальчук ФОП,DJ08550,0.0,0.0
2026-01,Ковальчук ФОП,DJ08550,0.0,0.0
2026-02,Ковальчук ФОП,DJ08550,0.0,0.0
2025-07,МайПлей,DJ08550,3.0,0.9195649
2025-08,МайПлей,DJ08550,0.0,0.77499247
2025-09,МайПлей,DJ08550,1.0,1.3230757
2025-10,МайПлей,DJ08550,2.0,1.6274437
2025-11,МайПлей,DJ08550,3.0,2.5031831
2025-12,МайПлей,DJ08550,10.0,7.3545904
2026-01,МайПлей,DJ08550,2.0,2.805737
2026-02,МайПлей,DJ08550,4.0,1.4835159
2025-07,Озерова ФОП,DJ08550,0.0,0.0
2025-08,Озерова ФОП,DJ08550,0.0,0.0
2025-09,Озерова ФОП,DJ08550,0.0,0.0
2025-10,Озерова ФОП,DJ08550,0.0,0.0
2025-11,Озерова ФОП,DJ08550,0.0,0.0
2025-12,Озерова ФОП,DJ08550,0.0,0.0
2026-01,Озерова ФОП,DJ08550,0.0,0.0
2026-02,Озерова ФОП,DJ08550,0.0,0.0
2025-07,СмартТойс,DJ08550,0.0,0.0
2025-08,СмартТойс,DJ08550,0.0,0.0
2025-09,СмартТойс,DJ08550,0.0,0.0
2025-10,СмартТойс,DJ08550,3.0,1.7384254
2025-11,СмартТойс,DJ08550,4.0,2.027892
2025-12,СмартТойс,DJ08550,0.0,0.0
2026-01,СмартТойс,DJ08550,0.0,0.0
2026-02,СмартТойс,DJ08550,0.0,0.0
2025-07,Супрун ФОП,DJ08550,0.0,0.060441583
2025-08,Супрун ФОП,DJ08550,2.0,1.2623043
2025-09,Супрун ФОП,DJ08550,2.0,2.0359764
2025-10,Супрун ФОП,DJ08550,1.0,1.4225647
2025-11,Супрун ФОП,DJ08550,3.0,1.3917513
2025-12,Супрун ФОП,DJ08550,1.0,3.7833927
2026-01,Супрун ФОП,DJ08550,0.0,0.0
2026-02,Супрун ФОП,DJ08550,0.0,0.0
2025-07,ІМ-МауДау,DJ08557,0.0,0.31605765
2025-08,ІМ-МауДау,DJ08557,1.0,0.111905925
2025-09,ІМ-МауДау,DJ08557,1.0,1.1240574
2025-10,ІМ-МауДау,DJ08557,0.0,0.18069835
2025-11,ІМ-МауДау,DJ08557,0.0,0.1608441
2025-12,ІМ-МауДау,DJ08557,0.0,0.52202535
2026-01,ІМ-МауДау,DJ08557,0.0,0.0
2026-02,ІМ-МауДау,DJ08557,0.0,0.0
2025-07,ІМ-Розетка,DJ08557,8.0,2.1310446
2025-08,ІМ-Розетка,DJ08557,4.0,3.6713803
2025-09,ІМ-Розетка,DJ08557,6.0,4.041033
2025-10,ІМ-Розетка,DJ08557,5.0,5.959458
2025-11,ІМ-Розетка,DJ08557,0.0,6.598592
2025-12,ІМ-Розетка,DJ08557,5.0,14.248883
2026-01,ІМ-Розетка,DJ08557,0.0,0.0
2026-02,ІМ-Розетка,DJ08557,0.0,0.0
2025-07,Акварель,DJ08557,2.0,1.6886867
2025-08,Акварель,DJ08557,0.0,1.8680778
2025-09,Акварель,DJ08557,1.0,1.3881311
2025-10,Акварель,DJ08557,1.0,2.0454843
2025-11,Акварель,DJ08557,1.0,1.6814789
2025-12,Акварель,DJ08557,4.0,5.4062
2026-01,Акварель,DJ08557,3.0,4.796286
2026-02,Акварель,DJ08557,1.0,1.6464905
2025-07,Антошка,DJ08557,3.0,1.463648
2025-08,Антошка,DJ08557,3.0,1.7403575
2025-09,Антошка,DJ08557,3.0,1.9958452
2025-10,Антошка,DJ08557,3.0,2.2490506
2025-11,Антошка,DJ08557,1.0,2.0247693
2025-12,Антошка,DJ08557,7.0,4.680611
2026-01,Антошка,DJ08557,5.0,2.03415
2026-02,Антошка,DJ08557,0.0,0.0
2025-07,БІ,DJ08557,11.0,15.110075
2025-08,БІ,DJ08557,13.0,12.02092
2025-09,БІ,DJ08557,12.0,14.249035
2025-10,БІ,DJ08557,24.0,16.387474
2025-11,БІ,DJ08557,19.0,23.991909
2025-12,БІ,DJ08557,43.0,48.828495
2026-01,БІ,DJ08557,23.0,19.309017
2026-02,БІ,DJ08557,24.0,11.153559
2025-07,МайПлей,DJ08557,0.0,0.4346404
2025-08,МайПлей,DJ08557,2.0,0.38980904
2025-09,МайПлей,DJ08557,2.0,0.5719182
2025-10,МайПлей,DJ08557,0.0,0.81633073
2025-11,МайПлей,DJ08557,2.0,1.7262127
2025-12,МайПлей,DJ08557,4.0,3.4025776
2026-01,МайПлей,DJ08557,1.0,2.7232015
2026-02,МайПлей,DJ08557,3.0,1.328475
2025-07,Озерова ФОП,DJ08557,0.0,0.0
2025-08,Озерова ФОП,DJ08557,0.0,0.0
2025-09,Озерова ФОП,DJ08557,0.0,0.0
2025-10,Озерова ФОП,DJ08557,0.0,0.0
2025-11,Озерова ФОП,DJ08557,11.0,2.8216157
2025-12,Озерова ФОП,DJ08557,1.0,10.558232
2026-01,Озерова ФОП,DJ08557,0.0,0.0
2026-02,Озерова ФОП,DJ08557,0.0,0.0
2025-07,СмартТойс,DJ08557,0.0,0.0
2025-08,СмартТойс,DJ08557,0.0,0.0
2025-09,СмартТойс,DJ08557,2.0,1.6189331
2025-10,СмартТойс,DJ08557,0.0,0.0
2025-11,СмартТойс,DJ08557,4.0,2.0540519
2025-12,СмартТойс,DJ08557,3.0,5.591875
2026-01,СмартТойс,DJ08557,0.0,0.0
2026-02,СмартТойс,DJ08557,0.0,0.0
2025-07,Співробітники,DJ08557,0.0,0.0
2025-08,Співробітники,DJ08557,0.0,0.0
2025-09,Співробітники,DJ08557,1.0,1.1235625
2025-10,Співробітники,DJ08557,0.0,0.0
2025-11,Співробітники,DJ08557,0.0,0.0
2025-12,Співробітники,DJ08557,1.0,1.5674006
2026-01,Співробітники,DJ08557,0.0,0.0
2026-02,Співробітники,DJ08557,0.0,0.0
2025-07,Супрун ФОП,DJ08557,0.0,0.0
2025-08,Супрун ФОП,DJ08557,0.0,0.0
2025-09,Супрун ФОП,DJ08557,3.0,1.1648471
2025-10,Супрун ФОП,DJ08557,2.0,2.065939
2025-11,Супрун ФОП,DJ08557,0.0,0.0
2025-12,Супрун ФОП,DJ08557,0.0,0.0
2026-01,Супрун ФОП,DJ08557,0.0,0.0
2026-02,Супрун ФОП,DJ08557,0.0,0.0
2025-07,Акварель,DJ08570,1.0,0.9238954
2025-08,Акварель,DJ08570,1.0,1.1651019
2025-09,Акварель,DJ08570,0.0,0.0
2025-10,Акварель,DJ08570,1.0,1.1344446
2025-11,Акварель,DJ08570,0.0,0.0
2025-12,Акварель,DJ08570,1.0,1.6600027
2026-01,Акварель,DJ08570,1.0,0.97674984
2026-02,Акварель,DJ08570,0.0,0.0
2025-07,Антошка,DJ08570,0.0,0.0
2025-08,Антошка,DJ08570,1.0,1.1523519
2025-09,Антошка,DJ08570,0.0,0.0
2025-10,Антошка,DJ08570,0.0,0.0
2025-11,Антошка,DJ08570,2.0,1.1519009
2025-12,Антошка,DJ08570,0.0,0.0
2026-01,Антошка,DJ08570,0.0,0.0
2026-02,Антошка,DJ08570,1.0,0.834729
2025-07,ІМ-Розетка,DJ08571,4.0,1.2511975
2025-08,ІМ-Розетка,DJ08571,4.0,1.8802704
2025-09,ІМ-Розетка,DJ08571,5.0,2.5179298
2025-10,ІМ-Розетка,DJ08571,7.0,4.013846
2025-11,ІМ-Розетка,DJ08571,1.0,6.161295
2025-12,ІМ-Розетка,DJ08571,4.0,6.1703625
2026-01,ІМ-Розетка,DJ08571,2.0,2.2900257
2026-02,ІМ-Розетка,DJ08571,1.0,1.5737278
2025-07,Акварель,DJ08571,0.0,0.5289653
2025-08,Акварель,DJ08571,1.0,0.5848884
2025-09,Акварель,DJ08571,8.0,0.6534626
2025-10,Акварель,DJ08571,3.0,2.4330313
2025-11,Акварель,DJ08571,2.0,2.4918668
2025-12,Акварель,DJ08571,4.0,6.1301236
2026-01,Акварель,DJ08571,0.0,2.1344464
2026-02,Акварель,DJ08571,0.0,0.97686964
2025-07,БІ,DJ08571,14.0,7.1378036
2025-08,БІ,DJ08571,7.0,11.532763
2025-09,БІ,DJ08571,11.0,9.866789
2025-10,БІ,DJ08571,18.0,12.14505
2025-11,БІ,DJ08571,22.0,18.398342
2025-12,БІ,DJ08571,26.0,36.72625
2026-01,БІ,DJ08571,12.0,15.631545
2026-02,БІ,DJ08571,14.0,7.8933887
2025-07,МайПлей,DJ08571,1.0,0.36350492
2025-08,МайПлей,DJ08571,0.0,0.53129244
2025-09,МайПлей,DJ08571,0.0,0.42285255
2025-10,МайПлей,DJ08571,0.0,0.42705077
2025-11,МайПлей,DJ08571,0.0,0.43296683
2025-12,МайПлей,DJ08571,3.0,1.2033699
2026-01,МайПлей,DJ08571,0.0,0.0
2026-02,МайПлей,DJ08571,0.0,0.0
2025-07,СмартТойс,DJ08571,0.0,0.0
2025-08,СмартТойс,DJ08571,1.0,1.3375878
2025-09,СмартТойс,DJ08571,2.0,1.3139427
2025-10,СмартТойс,DJ08571,1.0,1.5543535
2025-11,СмартТойс,DJ08571,0.0,0.0
2025-12,СмартТойс,DJ08571,3.0,1.7289364
2026-01,СмартТойс,DJ08571,0.0,0.0
2026-02,СмартТойс,DJ08571,0.0,0.0
2025-07,Супрун ФОП,DJ08571,0.0,0.0
2025-08,Супрун ФОП,DJ08571,1.0,1.4921452
2025-09,Супрун ФОП,DJ08571,2.0,1.4860624
2025-10,Супрун ФОП,DJ08571,3.0,1.7924767
2025-11,Супрун ФОП,DJ08571,1.0,2.8354712
2025-12,Супрун ФОП,DJ08571,1.0,3.712905
2026-01,Супрун ФОП,DJ08571,0.0,0.0
2026-02,Супрун ФОП,DJ08571,0.0,0.0
2025-07,ІМ-Розетка,DJ08577,0.0,0.4973738
2025-08,ІМ-Розетка,DJ08577,0.0,0.31628892
2025-09,ІМ-Розетка,DJ08577,0.0,0.35932904
2025-10,ІМ-Розетка,DJ08577,0.0,0.23889673
2025-11,ІМ-Розетка,DJ08577,0.0,0.24484417
2025-12,ІМ-Розетка,DJ08577,1.0,0.12242043
2026-01,ІМ-Розетка,DJ08577,0.0,0.24249722
2026-02,ІМ-Розетка,DJ08577,0.0,0.09244903
2025-07,Акварель,DJ08577,0.0,0.4930849
2025-08,Акварель,DJ08577,2.0,0.42954984
2025-09,Акварель,DJ08577,2.0,0.6114418
2025-10,Акварель,DJ08577,0.0,0.7753732
2025-11,Акварель,DJ08577,3.0,0.5053421
2025-12,Акварель,DJ08577,2.0,2.27616
2026-01,Акварель,DJ08577,2.0,0.3801321
2026-02,Акварель,DJ08577,0.0,0.5957493
2025-07,БІ,DJ08577,1.0,2.3766444
2025-08,БІ,DJ08577,3.0,2.2567887
2025-09,БІ,DJ08577,7.0,2.2791667
2025-10,БІ,DJ08577,0.0,2.8088827
2025-11,БІ,DJ08577,2.0,2.481732
2025-12,БІ,DJ08577,3.0,6.797
2026-01,БІ,DJ08577,1.0,1.5126239
2026-02,БІ,DJ08577,2.0,1.1009681
2025-07,БІ,DJ08590,13.0,4.040937
2025-08,БІ,DJ08590,7.0,9.8251095
2025-09,БІ,DJ08590,11.0,12.108939
2025-10,БІ,DJ08590,21.0,12.571879
2025-11,БІ,DJ08590,13.0,11.150716
2025-12,БІ,DJ08590,28.0,20.184645
2026-01,БІ,DJ08590,5.0,5.0775113
2026-02,БІ,DJ08590,1.0,2.5424712
2025-07,СмартТойс,DJ08590,15.0,3.3483648
2025-08,СмартТойс,DJ08590,19.0,7.942237
2025-09,СмартТойс,DJ08590,5.0,8.98591
2025-10,СмартТойс,DJ08590,6.0,6.997162
2025-11,СмартТойс,DJ08590,0.0,0.08213359
2025-12,СмартТойс,DJ08590,0.0,0.0
2026-01,СмартТойс,DJ08590,0.0,0.0
2026-02,СмартТойс,DJ08590,0.0,0.0
2025-07,Акварель,DJ08597,0.0,0.0
2025-08,Акварель,DJ08597,0.0,0.0
2025-09,Акварель,DJ08597,1.0,0.91816723
2025-10,Акварель,DJ08597,0.0,0.0
2025-11,Акварель,DJ08597,0.0,0.0
2025-12,Акварель,DJ08597,2.0,1.1640295
2026-01,Акварель,DJ08597,1.0,0.9451291
2026-02,Акварель,DJ08597,0.0,0.0
2025-07,Віват Канцелярія,DJ08630,0.0,0.24555497
2025-08,Віват Канцелярія,DJ08630,1.0,0.33207354
2025-09,Віват Канцелярія,DJ08630,0.0,0.33267468
2025-10,Віват Канцелярія,DJ08630,0.0,0.32364285
2025-11,Віват Канцелярія,DJ08630,0.0,0.2271283
2025-12,Віват Канцелярія,DJ08630,1.0,0.90808016
2026-01,Віват Канцелярія,DJ08630,1.0,0.23676966
2026-02,Віват Канцелярія,DJ08630,0.0,0.26644632
2025-07,Акварель,DJ08633,0.0,0.0
2025-08,Акварель,DJ08633,0.0,0.0
2025-09,Акварель,DJ08633,3.0,1.1477103
2025-10,Акварель,DJ08633,0.0,0.0
2025-11,Акварель,DJ08633,0.0,0.0
2025-12,Акварель,DJ08633,0.0,0.0
2026-01,Акварель,DJ08633,0.0,0.0
2026-02,Акварель,DJ08633,0.0,0.0
2025-07,ІМ-Розетка,DJ08661,1.0,1.594119
2025-08,ІМ-Розетка,DJ08661,0.0,1.1835303
2025-09,ІМ-Розетка,DJ08661,3.0,0.9972234
2025-10,ІМ-Розетка,DJ08661,0.0,0.7511019
2025-11,ІМ-Розетка,DJ08661,0.0,0.72233033
2025-12,ІМ-Розетка,DJ08661,2.0,2.0107055
2026-01,ІМ-Розетка,DJ08661,3.0,1.284213
2026-02,ІМ-Розетка,DJ08661,1.0,1.3946911
2025-07,Акварель,DJ08661,1.0,0.7144081
2025-08,Акварель,DJ08661,0.0,0.8117558
2025-09,Акварель,DJ08661,2.0,0.60519826
2025-10,Акварель,DJ08661,2.0,0.91188043
2025-11,Акварель,DJ08661,3.0,1.0898454
2025-12,Акварель,DJ08661,2.0,3.221222
2026-01,Акварель,DJ08661,0.0,0.0
2026-02,Акварель,DJ08661,0.0,0.0
2025-07,МайПлей,DJ08661,0.0,0.40714127
2025-08,МайПлей,DJ08661,0.0,0.42990747
2025-09,МайПлей,DJ08661,2.0,0.45557237
2025-10,МайПлей,DJ08661,0.0,0.45329595
2025-11,МайПлей,DJ08661,0.0,0.37655514
2025-12,МайПлей,DJ08661,0.0,1.1221884
2026-01,МайПлей,DJ08661,2.0,0.5961729
2026-02,МайПлей,DJ08661,0.0,0.0
2025-07,Мегамаркет,DJ08661,1.0,0.5430571
2025-08,Мегамаркет,DJ08661,1.0,0.25669697
2025-09,Мегамаркет,DJ08661,0.0,0.27374455
2025-10,Мегамаркет,DJ08661,0.0,0.33785057
2025-11,Мегамаркет,DJ08661,0.0,0.24482657
2025-12,Мегамаркет,DJ08661,1.0,0.42362645
2026-01,Мегамаркет,DJ08661,1.0,0.28199777
2026-02,Мегамаркет,DJ08661,0.0,0.14205514
2025-07,ІМ-Розетка,DJ08664,0.0,0.1307845
2025-08,ІМ-Розетка,DJ08664,0.0,0.22218212
2025-09,ІМ-Розетка,DJ08664,2.0,0.67163616
2025-10,ІМ-Розетка,DJ08664,1.0,0.73715687
2025-11,ІМ-Розетка,DJ08664,1.0,0.8993577
2025-12,ІМ-Розетка,DJ08664,1.0,1.1917633
2026-01,ІМ-Розетка,DJ08664,0.0,0.0
2026-02,ІМ-Розетка,DJ08664,1.0,0.8647083
2025-07,Акварель,DJ08664,3.0,1.9701923
2025-08,Акварель,DJ08664,2.0,2.571644
2025-09,Акварель,DJ08664,1.0,2.317817
2025-10,Акварель,DJ08664,1.0,1.796115
2025-11,Акварель,DJ08664,6.0,2.5688527
2025-12,Акварель,DJ08664,10.0,10.591821
2026-01,Акварель,DJ08664,5.0,2.6197982
2026-02,Акварель,DJ08664,2.0,2.8306243
2025-07,Антошка,DJ08664,4.0,1.8364785
2025-08,Антошка,DJ08664,3.0,2.3118951
2025-09,Антошка,DJ08664,2.0,2.59995
2025-10,Антошка,DJ08664,3.0,2.889617
2025-11,Антошка,DJ08664,7.0,2.3361542
2025-12,Антошка,DJ08664,6.0,11.056535
2026-01,Антошка,DJ08664,1.0,2.1377718
2026-02,Антошка,DJ08664,2.0,1.3733978
2025-07,БІ,DJ08664,15.0,15.729903
2025-08,БІ,DJ08664,15.0,13.719562
2025-09,БІ,DJ08664,10.0,16.051685
2025-10,БІ,DJ08664,22.0,15.903948
2025-11,БІ,DJ08664,35.0,25.338108
2025-12,БІ,DJ08664,81.0,69.36403
2026-01,БІ,DJ08664,28.0,8.015833
2026-02,БІ,DJ08664,17.0,8.119272
2025-07,Віват Канцелярія,DJ08664,2.0,0.5902251
2025-08,Віват Канцелярія,DJ08664,1.0,1.2247758
2025-09,Віват Канцелярія,DJ08664,0.0,0.89389795
2025-10,Віват Канцелярія,DJ08664,0.0,0.5781942
2025-11,Віват Канцелярія,DJ08664,1.0,0.48251152
2025-12,Віват Канцелярія,DJ08664,5.0,2.5363865
2026-01,Віват Канцелярія,DJ08664,1.0,1.748853
2026-02,Віват Канцелярія,DJ08664,0.0,0.0
2025-07,МайПлей,DJ08664,0.0,0.5487868
2025-08,МайПлей,DJ08664,3.0,0.48990524
2025-09,МайПлей,DJ08664,2.0,1.108221
2025-10,МайПлей,DJ08664,3.0,1.157082
2025-11,МайПлей,DJ08664,1.0,2.105608
2025-12,МайПлей,DJ08664,5.0,6.508352
2026-01,МайПлей,DJ08664,2.0,1.4874586
2026-02,МайПлей,DJ08664,3.0,1.0747339
2025-07,Мегамаркет,DJ08664,0.0,0.69622964
2025-08,Мегамаркет,DJ08664,0.0,0.37793976
2025-09,Мегамаркет,DJ08664,0.0,0.3532699
2025-10,Мегамаркет,DJ08664,4.0,0.36853576
2025-11,Мегамаркет,DJ08664,1.0,0.9440081
2025-12,Мегамаркет,DJ08664,3.0,1.7111484
2026-01,Мегамаркет,DJ08664,1.0,0.8805595
2026-02,Мегамаркет,DJ08664,1.0,0.67186016
2025-07,ІМ-Розетка,DJ08678,0.0,1.0753735
2025-08,ІМ-Розетка,DJ08678,0.0,0.36171058
2025-09,ІМ-Розетка,DJ08678,1.0,0.68974024
2025-10,ІМ-Розетка,DJ08678,2.0,1.363028
2025-11,ІМ-Розетка,DJ08678,3.0,1.3019615
2025-12,ІМ-Розетка,DJ08678,6.0,3.0410686
2026-01,ІМ-Розетка,DJ08678,1.0,2.1482537
2026-02,ІМ-Розетка,DJ08678,0.0,0.0
2025-07,Акварель,DJ08678,3.0,2.9049823
2025-08,Акварель,DJ08678,3.0,2.7372472
2025-09,Акварель,DJ08678,2.0,2.4634311
2025-10,Акварель,DJ08678,5.0,2.3658073
2025-11,Акварель,DJ08678,4.0,2.8090427
2025-12,Акварель,DJ08678,3.0,5.8887005
2026-01,Акварель,DJ08678,6.0,1.942693
2026-02,Акварель,DJ08678,2.0,1.8021435
2025-07,БІ,DJ08678,6.0,2.2201855
2025-08,БІ,DJ08678,5.0,10.059928
2025-09,БІ,DJ08678,7.0,4.423038
2025-10,БІ,DJ08678,14.0,4.832751
2025-11,БІ,DJ08678,11.0,7.3400145
2025-12,БІ,DJ08678,24.0,16.55845
2026-01,БІ,DJ08678,5.0,3.6365647
2026-02,БІ,DJ08678,2.0,2.906501
2025-07,МайПлей,DJ08678,1.0,0.72010636
2025-08,МайПлей,DJ08678,0.0,0.65063053
2025-09,МайПлей,DJ08678,1.0,0.5031525
2025-10,МайПлей,DJ08678,0.0,0.70204693
2025-11,МайПлей,DJ08678,0.0,0.47845966
2025-12,МайПлей,DJ08678,3.0,1.5936681
2026-01,МайПлей,DJ08678,1.0,1.0469302
2026-02,МайПлей,DJ08678,0.0,0.0
2025-07,Смік,DJ08678,2.0,0.77968556
2025-08,Смік,DJ08678,0.0,1.098085
2025-09,Смік,DJ08678,0.0,0.800474
2025-10,Смік,DJ08678,4.0,0.6271261
2025-11,Смік,DJ08678,3.0,0.8598294
2025-12,Смік,DJ08678,2.0,3.748784
2026-01,Смік,DJ08678,1.0,1.5354499
2026-02,Смік,DJ08678,0.0,0.0
2025-07,Супрун ФОП,DJ08678,0.0,0.059821695
2025-08,Супрун ФОП,DJ08678,0.0,0.021097885
2025-09,Супрун ФОП,DJ08678,3.0,1.8292675
2025-10,Супрун ФОП,DJ08678,1.0,2.6623375
2025-11,Супрун ФОП,DJ08678,0.0,0.0
2025-12,Супрун ФОП,DJ08678,1.0,3.3413043
2026-01,Супрун ФОП,DJ08678,0.0,0.0
2026-02,Супрун ФОП,DJ08678,0.0,0.0
2025-07,Акварель,DJ08797,2.0,5.046173
2025-08,Акварель,DJ08797,5.0,5.326735
2025-09,Акварель,DJ08797,5.0,3.1625814
2025-10,Акварель,DJ08797,2.0,3.5868976
2025-11,Акварель,DJ08797,6.0,4.810121
2025-12,Акварель,DJ08797,19.0,16.771952
2026-01,Акварель,DJ08797,7.0,5.639539
2026-02,Акварель,DJ08797,3.0,2.9804533
2025-07,Віват Канцелярія,DJ08797,1.0,0.77459604
2025-08,Віват Канцелярія,DJ08797,0.0,0.8917737
2025-09,Віват Канцелярія,DJ08797,0.0,1.0620116
2025-10,Віват Канцелярія,DJ08797,2.0,0.79251003
2025-11,Віват Канцелярія,DJ08797,1.0,0.86377853
2025-12,Віват Канцелярія,DJ08797,9.0,3.6125762
2026-01,Віват Канцелярія,DJ08797,2.0,1.1825054
2026-02,Віват Канцелярія,DJ08797,0.0,0.0
2025-07,Епіцентр,DJ08797,0.0,0.56124425
2025-08,Епіцентр,DJ08797,1.0,0.4732784
2025-09,Епіцентр,DJ08797,0.0,0.9956678
2025-10,Епіцентр,DJ08797,0.0,0.41761065
2025-11,Епіцентр,DJ08797,1.0,0.33340004
2025-12,Епіцентр,DJ08797,2.0,1.512908
2026-01,Епіцентр,DJ08797,1.0,0.6797128
2026-02,Епіцентр,DJ08797,1.0,0.90052915
2025-07,МайПлей,DJ08797,1.0,0.36827257
2025-08,МайПлей,DJ08797,1.0,0.57013535
2025-09,МайПлей,DJ08797,2.0,0.4731984
2025-10,МайПлей,DJ08797,6.0,0.6597965
2025-11,МайПлей,DJ08797,1.0,1.04989
2025-12,МайПлей,DJ08797,0.0,4.351171
2026-01,МайПлей,DJ08797,0.0,0.0
2026-02,МайПлей,DJ08797,1.0,0.65912926
2025-07,ІМ-Розетка,DJ08800,2.0,0.74611783
2025-08,ІМ-Розетка,DJ08800,3.0,0.7924256
2025-09,ІМ-Розетка,DJ08800,0.0,1.8025429
2025-10,ІМ-Розетка,DJ08800,0.0,0.6126167
2025-11,ІМ-Розетка,DJ08800,1.0,0.6076367
2025-12,ІМ-Розетка,DJ08800,4.0,0.77385116
2026-01,ІМ-Розетка,DJ08800,1.0,2.2034957
2026-02,ІМ-Розетка,DJ08800,0.0,0.0
2025-07,Акварель,DJ08800,10.0,5.9129076
2025-08,Акварель,DJ08800,8.0,7.8965063
2025-09,Акварель,DJ08800,5.0,4.7566867
2025-10,Акварель,DJ08800,6.0,7.580246
2025-11,Акварель,DJ08800,12.0,9.175366
2025-12,Акварель,DJ08800,17.0,20.346436
2026-01,Акварель,DJ08800,11.0,4.4609303
2026-02,Акварель,DJ08800,4.0,3.6418498
2025-07,БІ,DJ08800,2.0,4.2365365
2025-08,БІ,DJ08800,3.0,5.7932777
2025-09,БІ,DJ08800,2.0,5.285124
2025-10,БІ,DJ08800,5.0,6.5290313
2025-11,БІ,DJ08800,10.0,6.378817
2025-12,БІ,DJ08800,20.0,14.512395
2026-01,БІ,DJ08800,6.0,5.3885303
2026-02,БІ,DJ08800,5.0,2.4722047
2025-07,МайПлей,DJ08800,0.0,0.5799237
2025-08,МайПлей,DJ08800,2.0,0.49794236
2025-09,МайПлей,DJ08800,2.0,0.7646814
2025-10,МайПлей,DJ08800,2.0,0.840059
2025-11,МайПлей,DJ08800,5.0,2.283253
2025-12,МайПлей,DJ08800,2.0,5.823476
2026-01,МайПлей,DJ08800,0.0,0.0
2026-02,МайПлей,DJ08800,3.0,0.8699358
2025-07,Мегамаркет,DJ08800,0.0,0.64140886
2025-08,Мегамаркет,DJ08800,1.0,0.612165
2025-09,Мегамаркет,DJ08800,0.0,0.52273077
2025-10,Мегамаркет,DJ08800,0.0,0.4292824
2025-11,Мегамаркет,DJ08800,2.0,0.40036917
2025-12,Мегамаркет,DJ08800,0.0,0.95582
2026-01,Мегамаркет,DJ08800,0.0,1.0533288
2026-02,Мегамаркет,DJ08800,2.0,0.114662014
2025-07,СмартТойс,DJ08800,1.0,1.0807575
2025-08,СмартТойс,DJ08800,1.0,1.1503776
2025-09,СмартТойс,DJ08800,3.0,1.2520623
2025-10,СмартТойс,DJ08800,0.0,0.0
2025-11,СмартТойс,DJ08800,0.0,0.0
2025-12,СмартТойс,DJ08800,0.0,0.0
2026-01,СмартТойс,DJ08800,0.0,0.0
2026-02,СмартТойс,DJ08800,0.0,0.0
2025-07,ІМ-Розетка,DJ08802,0.0,1.7703388
2025-08,ІМ-Розетка,DJ08802,3.0,1.0148606
2025-09,ІМ-Розетка,DJ08802,1.0,1.0772296
2025-10,ІМ-Розетка,DJ08802,2.0,2.0492218
2025-11,ІМ-Розетка,DJ08802,0.0,1.8695749
2025-12,ІМ-Розетка,DJ08802,3.0,3.0862439
2026-01,ІМ-Розетка,DJ08802,0.0,0.0
2026-02,ІМ-Розетка,DJ08802,0.0,0.0
2025-07,Акварель,DJ08802,7.0,4.1713066
2025-08,Акварель,DJ08802,13.0,5.138502
2025-09,Акварель,DJ08802,6.0,6.7148523
2025-10,Акварель,DJ08802,5.0,5.7120175
2025-11,Акварель,DJ08802,9.0,6.0078483
2025-12,Акварель,DJ08802,18.0,12.095696
2026-01,Акварель,DJ08802,9.0,4.878297
2026-02,Акварель,DJ08802,6.0,3.1309595
2025-07,БІ,DJ08802,4.0,2.2085803
2025-08,БІ,DJ08802,5.0,5.580687
2025-09,БІ,DJ08802,1.0,4.534295
2025-10,БІ,DJ08802,3.0,3.9769225
2025-11,БІ,DJ08802,2.0,4.7271543
2025-12,БІ,DJ08802,10.0,7.0512543
2026-01,БІ,DJ08802,11.0,2.2528155
2026-02,БІ,DJ08802,5.0,1.6188715
2025-07,МайПлей,DJ08802,1.0,0.7078054
2025-08,МайПлей,DJ08802,1.0,0.7872149
2025-09,МайПлей,DJ08802,2.0,1.1582057
2025-10,МайПлей,DJ08802,1.0,0.97264487
2025-11,МайПлей,DJ08802,1.0,1.5546174
2025-12,МайПлей,DJ08802,3.0,2.4945536
2026-01,МайПлей,DJ08802,3.0,1.1510274
2026-02,МайПлей,DJ08802,2.0,1.1883134
2025-07,Мегамаркет,DJ08802,0.0,0.49793455
2025-08,Мегамаркет,DJ08802,0.0,0.38717654
2025-09,Мегамаркет,DJ08802,0.0,0.35996962
2025-10,Мегамаркет,DJ08802,0.0,0.3825514
2025-11,Мегамаркет,DJ08802,0.0,0.41562125
2025-12,Мегамаркет,DJ08802,3.0,0.35591048
2026-01,Мегамаркет,DJ08802,0.0,0.026242763
2026-02,Мегамаркет,DJ08802,0.0,0.0
2025-07,ІМ-МауДау,DJ08830,0.0,0.64921105
2025-08,ІМ-МауДау,DJ08830,2.0,1.3629832
2025-09,ІМ-МауДау,DJ08830,0.0,0.16063529
2025-10,ІМ-МауДау,DJ08830,0.0,0.24368645
2025-11,ІМ-МауДау,DJ08830,0.0,0.21981223
2025-12,ІМ-МауДау,DJ08830,1.0,1.2797377
2026-01,ІМ-МауДау,DJ08830,0.0,0.45766723
2026-02,ІМ-МауДау,DJ08830,0.0,0.24502423
2025-07,ІМ-Розетка,DJ08830,2.0,3.0002785
2025-08,ІМ-Розетка,DJ08830,5.0,1.0700306
2025-09,ІМ-Розетка,DJ08830,2.0,2.5640512
2025-10,ІМ-Розетка,DJ08830,6.0,2.436386
2025-11,ІМ-Розетка,DJ08830,10.0,4.060898
2025-12,ІМ-Розетка,DJ08830,5.0,6.919806
2026-01,ІМ-Розетка,DJ08830,2.0,3.156573
2026-02,ІМ-Розетка,DJ08830,0.0,0.0
2025-07,Акварель,DJ08830,7.0,3.2134936
2025-08,Акварель,DJ08830,4.0,3.100944
2025-09,Акварель,DJ08830,2.0,3.1899192
2025-10,Акварель,DJ08830,6.0,3.2921224
2025-11,Акварель,DJ08830,5.0,3.7846873
2025-12,Акварель,DJ08830,12.0,8.719249
2026-01,Акварель,DJ08830,3.0,2.970371
2026-02,Акварель,DJ08830,2.0,1.9781685
2025-07,Антошка,DJ08830,4.0,5.4462175
2025-08,Антошка,DJ08830,9.0,3.2086818
2025-09,Антошка,DJ08830,6.0,3.883192
2025-10,Антошка,DJ08830,9.0,4.5518165
2025-11,Антошка,DJ08830,3.0,5.353296
2025-12,Антошка,DJ08830,5.0,10.042589
2026-01,Антошка,DJ08830,1.0,5.7859826
2026-02,Антошка,DJ08830,8.0,1.1674051
2025-07,БІ,DJ08830,12.0,14.195124
2025-08,БІ,DJ08830,5.0,11.315244
2025-09,БІ,DJ08830,2.0,8.7919235
2025-10,БІ,DJ08830,16.0,7.0174546
2025-11,БІ,DJ08830,10.0,12.854937
2025-12,БІ,DJ08830,22.0,21.884018
2026-01,БІ,DJ08830,14.0,12.445417
2026-02,БІ,DJ08830,10.0,5.5215783
2025-07,Віват Канцелярія,DJ08830,5.0,1.6858611
2025-08,Віват Канцелярія,DJ08830,1.0,2.346003
2025-09,Віват Канцелярія,DJ08830,2.0,2.1800804
2025-10,Віват Канцелярія,DJ08830,3.0,1.8825803
2025-11,Віват Канцелярія,DJ08830,5.0,2.0098433
2025-12,Віват Канцелярія,DJ08830,3.0,4.0012727
2026-01,Віват Канцелярія,DJ08830,1.0,2.1529028
2026-02,Віват Канцелярія,DJ08830,0.0,0.0
2025-07,МайПлей,DJ08830,0.0,1.743984
2025-08,МайПлей,DJ08830,1.0,1.0438744
2025-09,МайПлей,DJ08830,0.0,0.9727505
2025-10,МайПлей,DJ08830,1.0,0.6353018
2025-11,МайПлей,DJ08830,0.0,0.8296256
2025-12,МайПлей,DJ08830,0.0,1.4893193
2026-01,МайПлей,DJ08830,1.0,0.9291427
2026-02,МайПлей,DJ08830,2.0,0.98819274
2025-07,Мегамаркет,DJ08830,0.0,0.7932337
2025-08,Мегамаркет,DJ08830,0.0,0.39739856
2025-09,Мегамаркет,DJ08830,0.0,0.5015405
2025-10,Мегамаркет,DJ08830,0.0,0.44800946
2025-11,Мегамаркет,DJ08830,0.0,0.25565705
2025-12,Мегамаркет,DJ08830,1.0,0.5058057
2026-01,Мегамаркет,DJ08830,0.0,0.0
2026-02,Мегамаркет,DJ08830,0.0,0.0
2025-07,Смік,DJ08830,0.0,0.46035707
2025-08,Смік,DJ08830,0.0,0.39834628
2025-09,Смік,DJ08830,0.0,0.41223624
2025-10,Смік,DJ08830,1.0,0.39931443
2025-11,Смік,DJ08830,1.0,0.3822958
2025-12,Смік,DJ08830,0.0,1.1527492
2026-01,Смік,DJ08830,0.0,0.0
2026-02,Смік,DJ08830,0.0,0.0
2025-07,ІМ-МауДау,DJ08841,0.0,0.7893847
2025-08,ІМ-МауДау,DJ08841,2.0,1.0040104
2025-09,ІМ-МауДау,DJ08841,1.0,1.8220501
2025-10,ІМ-МауДау,DJ08841,0.0,0.1745482
2025-11,ІМ-МауДау,DJ08841,0.0,0.0
2025-12,ІМ-МауДау,DJ08841,0.0,0.4463111
2026-01,ІМ-МауДау,DJ08841,0.0,0.0
2026-02,ІМ-МауДау,DJ08841,0.0,0.0
2025-07,ІМ-Розетка,DJ08841,10.0,4.763996
2025-08,ІМ-Розетка,DJ08841,16.0,9.278583
2025-09,ІМ-Розетка,DJ08841,9.0,8.702644
2025-10,ІМ-Розетка,DJ08841,5.0,2.6208553
2025-11,ІМ-Розетка,DJ08841,11.0,8.44996
2025-12,ІМ-Розетка,DJ08841,1.0,6.9635596
2026-01,ІМ-Розетка,DJ08841,0.0,0.0
2026-02,ІМ-Розетка,DJ08841,0.0,0.0
2025-07,Акварель,DJ08841,5.0,3.881953
2025-08,Акварель,DJ08841,4.0,4.3183885
2025-09,Акварель,DJ08841,5.0,4.722826
2025-10,Акварель,DJ08841,4.0,4.067535
2025-11,Акварель,DJ08841,4.0,3.8951492
2025-12,Акварель,DJ08841,7.0,9.636457
2026-01,Акварель,DJ08841,4.0,6.8506427
2026-02,Акварель,DJ08841,8.0,3.3522398
2025-07,БІ,DJ08841,10.0,11.93035
2025-08,БІ,DJ08841,12.0,10.634898
2025-09,БІ,DJ08841,9.0,13.137307
2025-10,БІ,DJ08841,13.0,12.181079
2025-11,БІ,DJ08841,12.0,12.840326
2025-12,БІ,DJ08841,27.0,15.775902
2026-01,БІ,DJ08841,24.0,19.258352
2026-02,БІ,DJ08841,11.0,6.2277546
2025-07,МайПлей,DJ08841,2.0,1.6916213
2025-08,МайПлей,DJ08841,1.0,2.1366632
2025-09,МайПлей,DJ08841,0.0,0.0
2025-10,МайПлей,DJ08841,0.0,1.1612592
2025-11,МайПлей,DJ08841,0.0,0.0
2025-12,МайПлей,DJ08841,3.0,4.039828
2026-01,МайПлей,DJ08841,1.0,1.8238406
2026-02,МайПлей,DJ08841,2.0,1.1181097
2025-07,Мегамаркет,DJ08841,1.0,0.56062055
2025-08,Мегамаркет,DJ08841,1.0,0.7547946
2025-09,Мегамаркет,DJ08841,1.0,0.9946606
2025-10,Мегамаркет,DJ08841,1.0,0.49471605
2025-11,Мегамаркет,DJ08841,2.0,1.1775299
2025-12,Мегамаркет,DJ08841,0.0,0.7394725
2026-01,Мегамаркет,DJ08841,0.0,0.0
2026-02,Мегамаркет,DJ08841,1.0,0.7656178
2025-07,Монако,DJ08841,0.0,0.0
2025-08,Монако,DJ08841,0.0,0.0
2025-09,Монако,DJ08841,0.0,0.0
2025-10,Монако,DJ08841,0.0,0.024961868
2025-11,Монако,DJ08841,3.0,1.738913
2025-12,Монако,DJ08841,0.0,0.0
2026-01,Монако,DJ08841,2.0,1.4484255
2026-02,Монако,DJ08841,0.0,0.0
2025-07,ІМ-Розетка,DJ08842,2.0,5.871643
2025-08,ІМ-Розетка,DJ08842,8.0,3.5723827
2025-09,ІМ-Розетка,DJ08842,1.0,6.431585
2025-10,ІМ-Розетка,DJ08842,1.0,2.9707649
2025-11,ІМ-Розетка,DJ08842,4.0,5.6261864
2025-12,ІМ-Розетка,DJ08842,4.0,3.9480228
2026-01,ІМ-Розетка,DJ08842,0.0,0.0
2026-02,ІМ-Розетка,DJ08842,2.0,1.4296051
2025-07,Акварель,DJ08842,2.0,5.366263
2025-08,Акварель,DJ08842,4.0,3.8368447
2025-09,Акварель,DJ08842,3.0,3.2368088
2025-10,Акварель,DJ08842,2.0,3.6330018
2025-11,Акварель,DJ08842,1.0,3.4740095
2025-12,Акварель,DJ08842,4.0,4.35594
2026-01,Акварель,DJ08842,0.0,0.0
2026-02,Акварель,DJ08842,2.0,1.1206199
2025-07,Антошка,DJ08842,8.0,3.5648878
2025-08,Антошка,DJ08842,2.0,3.7514856
2025-09,Антошка,DJ08842,5.0,2.818925
2025-10,Антошка,DJ08842,4.0,3.6852322
2025-11,Антошка,DJ08842,5.0,3.4149666
2025-12,Антошка,DJ08842,1.0,8.189991
2026-01,Антошка,DJ08842,5.0,5.311848
2026-02,Антошка,DJ08842,2.0,1.8797898
2025-07,БІ,DJ08842,14.0,11.494483
2025-08,БІ,DJ08842,8.0,10.016446
2025-09,БІ,DJ08842,7.0,8.153982
2025-10,БІ,DJ08842,6.0,9.150623
2025-11,БІ,DJ08842,12.0,9.086399
2025-12,БІ,DJ08842,10.0,17.286903
2026-01,БІ,DJ08842,10.0,9.753108
2026-02,БІ,DJ08842,9.0,4.2841887
2025-07,МайПлей,DJ08842,1.0,1.3160173
2025-08,МайПлей,DJ08842,1.0,1.0210359
2025-09,МайПлей,DJ08842,0.0,1.0749227
2025-10,МайПлей,DJ08842,2.0,0.74847746
2025-11,МайПлей,DJ08842,0.0,0.0
2025-12,МайПлей,DJ08842,0.0,1.1321023
2026-01,МайПлей,DJ08842,1.0,0.859612
2026-02,МайПлей,DJ08842,0.0,0.0
2025-07,Монако,DJ08842,0.0,0.0
2025-08,Монако,DJ08842,0.0,0.0
2025-09,Монако,DJ08842,0.0,0.0
2025-10,Монако,DJ08842,1.0,1.7318825
2025-11,Монако,DJ08842,6.0,1.3848717
2025-12,Монако,DJ08842,0.0,0.0
2026-01,Монако,DJ08842,2.0,1.4768829
2026-02,Монако,DJ08842,0.0,0.0
2025-07,ІМ-МауДау,DJ08860,0.0,0.7291552
2025-08,ІМ-МауДау,DJ08860,2.0,0.9031215
2025-09,ІМ-МауДау,DJ08860,0.0,0.2980778
2025-10,ІМ-МауДау,DJ08860,0.0,0.24832971
2025-11,ІМ-МауДау,DJ08860,0.0,0.14229529
2025-12,ІМ-МауДау,DJ08860,0.0,0.33741406
2026-01,ІМ-МауДау,DJ08860,1.0,1.1449152
2026-02,ІМ-МауДау,DJ08860,0.0,0.0
2025-07,ІМ-Розетка,DJ08860,6.0,1.1244937
2025-08,ІМ-Розетка,DJ08860,0.0,1.9686683
2025-09,ІМ-Розетка,DJ08860,0.0,1.634354
2025-10,ІМ-Розетка,DJ08860,0.0,0.11514206
2025-11,ІМ-Розетка,DJ08860,0.0,0.08761953
2025-12,ІМ-Розетка,DJ08860,2.0,2.7134204
2026-01,ІМ-Розетка,DJ08860,1.0,1.6029623
2026-02,ІМ-Розетка,DJ08860,0.0,0.0
2025-07,Акварель,DJ08860,13.0,7.026404
2025-08,Акварель,DJ08860,11.0,7.8142924
2025-09,Акварель,DJ08860,10.0,7.6921473
2025-10,Акварель,DJ08860,8.0,7.9338617
2025-11,Акварель,DJ08860,16.0,7.4540014
2025-12,Акварель,DJ08860,22.0,28.817854
2026-01,Акварель,DJ08860,22.0,11.405066
2026-02,Акварель,DJ08860,13.0,5.453539
2025-07,БІ,DJ08860,17.0,18.47378
2025-08,БІ,DJ08860,7.0,17.65053
2025-09,БІ,DJ08860,12.0,13.381514
2025-10,БІ,DJ08860,17.0,17.068165
2025-11,БІ,DJ08860,33.0,18.951843
2025-12,БІ,DJ08860,59.0,62.71053
2026-01,БІ,DJ08860,36.0,19.717628
2026-02,БІ,DJ08860,26.0,10.678809
2025-07,МайПлей,DJ08860,1.0,0.49052036
2025-08,МайПлей,DJ08860,2.0,0.6427444
2025-09,МайПлей,DJ08860,1.0,0.658185
2025-10,МайПлей,DJ08860,2.0,1.0514897
2025-11,МайПлей,DJ08860,3.0,2.6040313
2025-12,МайПлей,DJ08860,1.0,5.8768454
2026-01,МайПлей,DJ08860,1.0,2.8874278
2026-02,МайПлей,DJ08860,4.0,1.692628
2025-07,СмартТойс,DJ08860,0.0,0.0
2025-08,СмартТойс,DJ08860,0.0,0.0
2025-09,СмартТойс,DJ08860,0.0,0.0
2025-10,СмартТойс,DJ08860,2.0,1.4599986
2025-11,СмартТойс,DJ08860,0.0,0.0
2025-12,СмартТойс,DJ08860,1.0,2.0478337
2026-01,СмартТойс,DJ08860,0.0,0.0
2026-02,СмартТойс,DJ08860,0.0,0.0
2025-07,ІМ-Розетка,DJ08884,2.0,2.287832
2025-08,ІМ-Розетка,DJ08884,4.0,0.9621169
2025-09,ІМ-Розетка,DJ08884,0.0,2.2088094
2025-10,ІМ-Розетка,DJ08884,4.0,2.5108676
2025-11,ІМ-Розетка,DJ08884,1.0,4.1351013
2025-12,ІМ-Розетка,DJ08884,5.0,3.816647
2026-01,ІМ-Розетка,DJ08884,0.0,0.0
2026-02,ІМ-Розетка,DJ08884,0.0,0.0
2025-07,Акварель,DJ08884,2.0,3.5877638
2025-08,Акварель,DJ08884,1.0,3.9783907
2025-09,Акварель,DJ08884,13.0,3.7891064
2025-10,Акварель,DJ08884,8.0,6.3239417
2025-11,Акварель,DJ08884,7.0,7.6376605
2025-12,Акварель,DJ08884,4.0,9.538977
2026-01,Акварель,DJ08884,2.0,2.7147465
2026-02,Акварель,DJ08884,5.0,2.0028682
2025-07,Антошка,DJ08884,1.0,0.5388491
2025-08,Антошка,DJ08884,0.0,0.7882668
2025-09,Антошка,DJ08884,1.0,0.52228284
2025-10,Антошка,DJ08884,1.0,0.9823191
2025-11,Антошка,DJ08884,3.0,1.4123914
2025-12,Антошка,DJ08884,1.0,2.497362
2026-01,Антошка,DJ08884,2.0,1.2799021
2026-02,Антошка,DJ08884,2.0,1.3139057
2025-07,БІ,DJ08884,9.0,11.58833
2025-08,БІ,DJ08884,11.0,12.417207
2025-09,БІ,DJ08884,8.0,11.673457
2025-10,БІ,DJ08884,18.0,11.580246
2025-11,БІ,DJ08884,16.0,17.225227
2025-12,БІ,DJ08884,16.0,21.050423
2026-01,БІ,DJ08884,15.0,5.2889266
2026-02,БІ,DJ08884,4.0,4.811136
2025-07,МайПлей,DJ08884,3.0,0.7884497
2025-08,МайПлей,DJ08884,5.0,1.4156651
2025-09,МайПлей,DJ08884,1.0,2.157491
2025-10,МайПлей,DJ08884,2.0,1.9287782
2025-11,МайПлей,DJ08884,0.0,0.0
2025-12,МайПлей,DJ08884,0.0,0.0
2026-01,МайПлей,DJ08884,0.0,0.0
2026-02,МайПлей,DJ08884,2.0,0.5352119
2025-07,Мегамаркет,DJ08884,1.0,0.66655976
2025-08,Мегамаркет,DJ08884,0.0,0.2692564
2025-09,Мегамаркет,DJ08884,0.0,0.44157302
2025-10,Мегамаркет,DJ08884,1.0,0.3773464
2025-11,Мегамаркет,DJ08884,0.0,0.5369422
2025-12,Мегамаркет,DJ08884,0.0,0.49207217
2026-01,Мегамаркет,DJ08884,0.0,1.0635785
2026-02,Мегамаркет,DJ08884,0.0,0.14359067
2025-07,Монако,DJ08884,0.0,0.0
2025-08,Монако,DJ08884,0.0,0.0
2025-09,Монако,DJ08884,0.0,0.0
2025-10,Монако,DJ08884,1.0,2.1009307
2025-11,Монако,DJ08884,6.0,1.8522733
2025-12,Монако,DJ08884,0.0,0.064001456
2026-01,Монако,DJ08884,0.0,0.0
2026-02,Монако,DJ08884,0.0,0.0
2025-07,ІМ-Розетка,DJ08885,2.0,1.6054349
2025-08,ІМ-Розетка,DJ08885,3.0,0.7689345
2025-09,ІМ-Розетка,DJ08885,1.0,1.4235383
2025-10,ІМ-Розетка,DJ08885,0.0,1.1763687
2025-11,ІМ-Розетка,DJ08885,1.0,0.4650084
2025-12,ІМ-Розетка,DJ08885,1.0,2.4391272
2026-01,ІМ-Розетка,DJ08885,1.0,1.135918
2026-02,ІМ-Розетка,DJ08885,0.0,0.0
2025-07,Акварель,DJ08885,2.0,2.2300525
2025-08,Акварель,DJ08885,4.0,2.7231405
2025-09,Акварель,DJ08885,1.0,3.321857
2025-10,Акварель,DJ08885,1.0,2.7584326
2025-11,Акварель,DJ08885,4.0,2.5136297
2025-12,Акварель,DJ08885,2.0,5.507006
2026-01,Акварель,DJ08885,3.0,1.7734978
2026-02,Акварель,DJ08885,4.0,1.8412414
2025-07,Антошка,DJ08885,4.0,0.49719286
2025-08,Антошка,DJ08885,0.0,1.0463301
2025-09,Антошка,DJ08885,0.0,1.1423043
2025-10,Антошка,DJ08885,1.0,1.2605419
2025-11,Антошка,DJ08885,0.0,0.53670245
2025-12,Антошка,DJ08885,0.0,0.0
2026-01,Антошка,DJ08885,0.0,0.0
2026-02,Антошка,DJ08885,0.0,0.0
2025-07,БІ,DJ08885,4.0,3.2203286
2025-08,БІ,DJ08885,1.0,3.3822126
2025-09,БІ,DJ08885,4.0,3.2418318
2025-10,БІ,DJ08885,2.0,4.010656
2025-11,БІ,DJ08885,3.0,4.1587543
2025-12,БІ,DJ08885,4.0,5.666671
2026-01,БІ,DJ08885,3.0,2.1845608
2026-02,БІ,DJ08885,0.0,0.0
2025-07,МайПлей,DJ08885,0.0,0.5210477
2025-08,МайПлей,DJ08885,4.0,0.44612393
2025-09,МайПлей,DJ08885,1.0,1.4940896
2025-10,МайПлей,DJ08885,0.0,1.2119168
2025-11,МайПлей,DJ08885,2.0,0.70348024
2025-12,МайПлей,DJ08885,3.0,2.5978785
2026-01,МайПлей,DJ08885,1.0,1.4443763
2026-02,МайПлей,DJ08885,0.0,0.0
2025-07,Мегамаркет,DJ08885,0.0,0.39132833
2025-08,Мегамаркет,DJ08885,1.0,0.24393575
2025-09,Мегамаркет,DJ08885,0.0,0.24668896
2025-10,Мегамаркет,DJ08885,0.0,0.24963221
2025-11,Мегамаркет,DJ08885,0.0,0.32130864
2025-12,Мегамаркет,DJ08885,1.0,0.45004296
2026-01,Мегамаркет,DJ08885,0.0,0.25666505
2026-02,Мегамаркет,DJ08885,0.0,0.24303128
2025-07,БІ,DJ08886,1.0,2.3353205
2025-08,БІ,DJ08886,1.0,2.9169364
2025-09,БІ,DJ08886,0.0,0.0
2025-10,БІ,DJ08886,2.0,1.9110993
2025-11,БІ,DJ08886,2.0,2.0998993
2025-12,БІ,DJ08886,0.0,0.0
2026-01,БІ,DJ08886,0.0,0.0
2026-02,БІ,DJ08886,0.0,0.0
2025-07,МайПлей,DJ08886,1.0,1.5148848
2025-08,МайПлей,DJ08886,1.0,1.4224999
2025-09,МайПлей,DJ08886,1.0,1.4692941
2025-10,МайПлей,DJ08886,1.0,1.1958472
2025-11,МайПлей,DJ08886,0.0,0.0
2025-12,МайПлей,DJ08886,1.0,2.1638951
2026-01,МайПлей,DJ08886,0.0,0.0
2026-02,МайПлей,DJ08886,0.0,0.0
2025-07,ІМ-Розетка,DJ08897,1.0,0.5267611
2025-08,ІМ-Розетка,DJ08897,1.0,0.59360284
2025-09,ІМ-Розетка,DJ08897,6.0,0.622215
2025-10,ІМ-Розетка,DJ08897,0.0,0.74958783
2025-11,ІМ-Розетка,DJ08897,5.0,2.350853
2025-12,ІМ-Розетка,DJ08897,4.0,4.6124268
2026-01,ІМ-Розетка,DJ08897,2.0,1.2665644
2026-02,ІМ-Розетка,DJ08897,0.0,0.0
2025-07,Акварель,DJ08897,1.0,1.9448565
2025-08,Акварель,DJ08897,0.0,1.7247266
2025-09,Акварель,DJ08897,0.0,0.94885427
2025-10,Акварель,DJ08897,1.0,2.43079
2025-11,Акварель,DJ08897,6.0,2.3697913
2025-12,Акварель,DJ08897,5.0,5.740493
2026-01,Акварель,DJ08897,4.0,2.9975839
2026-02,Акварель,DJ08897,1.0,2.2488437
2025-07,Антошка,DJ08897,2.0,2.4874918
2025-08,Антошка,DJ08897,2.0,2.1520104
2025-09,Антошка,DJ08897,1.0,2.6858041
2025-10,Антошка,DJ08897,5.0,2.2788389
2025-11,Антошка,DJ08897,2.0,2.941047
2025-12,Антошка,DJ08897,13.0,11.387004
2026-01,Антошка,DJ08897,6.0,7.0386963
2026-02,Антошка,DJ08897,4.0,2.3299022
2025-07,БІ,DJ08897,7.0,8.352725
2025-08,БІ,DJ08897,6.0,10.067364
2025-09,БІ,DJ08897,5.0,9.100332
2025-10,БІ,DJ08897,9.0,11.186617
2025-11,БІ,DJ08897,20.0,13.375388
2025-12,БІ,DJ08897,45.0,43.64988
2026-01,БІ,DJ08897,20.0,15.366503
2026-02,БІ,DJ08897,19.0,5.2953777
2025-07,Віват Канцелярія,DJ08897,0.0,0.4037935
2025-08,Віват Канцелярія,DJ08897,1.0,0.32711825
2025-09,Віват Канцелярія,DJ08897,0.0,0.42640325
2025-10,Віват Канцелярія,DJ08897,1.0,0.38180387
2025-11,Віват Канцелярія,DJ08897,0.0,0.40045604
2025-12,Віват Канцелярія,DJ08897,3.0,1.1800854
2026-01,Віват Канцелярія,DJ08897,0.0,0.9248808
2026-02,Віват Канцелярія,DJ08897,0.0,0.6127075
2025-07,МайПлей,DJ08897,0.0,0.8546366
2025-08,МайПлей,DJ08897,3.0,0.5202868
2025-09,МайПлей,DJ08897,1.0,0.9940742
2025-10,МайПлей,DJ08897,1.0,1.2047664
2025-11,МайПлей,DJ08897,1.0,1.0011945
2025-12,МайПлей,DJ08897,2.0,2.586296
2026-01,МайПлей,DJ08897,0.0,0.0
2026-02,МайПлей,DJ08897,1.0,0.76123476
2025-07,Мегамаркет,DJ08897,1.0,0.6071315
2025-08,Мегамаркет,DJ08897,2.0,0.25183728
2025-09,Мегамаркет,DJ08897,0.0,0.5854434
2025-10,Мегамаркет,DJ08897,1.0,0.5995813
2025-11,Мегамаркет,DJ08897,0.0,0.5072568
2025-12,Мегамаркет,DJ08897,0.0,0.589846
2026-01,Мегамаркет,DJ08897,0.0,0.010831635
2026-02,Мегамаркет,DJ08897,0.0,0.0
2025-07,ІМ-Розетка,DJ08931,3.0,1.3811511
2025-08,ІМ-Розетка,DJ08931,1.0,1.7599036
2025-09,ІМ-Розетка,DJ08931,5.0,2.2432635
2025-10,ІМ-Розетка,DJ08931,0.0,2.293383
2025-11,ІМ-Розетка,DJ08931,0.0,1.111406
2025-12,ІМ-Розетка,DJ08931,2.0,3.747465
2026-01,ІМ-Розетка,DJ08931,0.0,0.0
2026-02,ІМ-Розетка,DJ08931,3.0,0.7927729
2025-07,Акварель,DJ08931,4.0,2.628143
2025-08,Акварель,DJ08931,5.0,2.9814565
2025-09,Акварель,DJ08931,1.0,3.7960734
2025-10,Акварель,DJ08931,0.0,2.746399
2025-11,Акварель,DJ08931,7.0,1.9134778
2025-12,Акварель,DJ08931,4.0,7.1303163
2026-01,Акварель,DJ08931,5.0,2.0796125
2026-02,Акварель,DJ08931,3.0,2.3681989
2025-07,Антошка,DJ08931,0.0,0.6075066
2025-08,Антошка,DJ08931,1.0,0.59415025
2025-09,Антошка,DJ08931,0.0,1.0549505
2025-10,Антошка,DJ08931,3.0,1.0493926
2025-11,Антошка,DJ08931,1.0,1.6541914
2025-12,Антошка,DJ08931,0.0,1.8457074
2026-01,Антошка,DJ08931,1.0,0.8856587
2026-02,Антошка,DJ08931,0.0,0.0
2025-07,БІ,DJ08931,16.0,8.328689
2025-08,БІ,DJ08931,18.0,11.983514
2025-09,БІ,DJ08931,26.0,17.00265
2025-10,БІ,DJ08931,25.0,18.833366
2025-11,БІ,DJ08931,19.0,17.928562
2025-12,БІ,DJ08931,13.0,24.667799
2026-01,БІ,DJ08931,8.0,4.1843467
2026-02,БІ,DJ08931,1.0,2.7396362
2025-07,Віват Канцелярія,DJ08931,1.0,1.0022913
2025-08,Віват Канцелярія,DJ08931,2.0,1.251057
2025-09,Віват Канцелярія,DJ08931,0.0,1.472801
2025-10,Віват Канцелярія,DJ08931,0.0,0.94670385
2025-11,Віват Канцелярія,DJ08931,0.0,0.65759873
2025-12,Віват Канцелярія,DJ08931,2.0,0.9655861
2026-01,Віват Канцелярія,DJ08931,0.0,0.018382482
2026-02,Віват Канцелярія,DJ08931,0.0,0.0
2025-07,МайПлей,DJ08931,1.0,0.5497216
2025-08,МайПлей,DJ08931,4.0,0.77228945
2025-09,МайПлей,DJ08931,0.0,1.8394648
2025-10,МайПлей,DJ08931,0.0,0.8393019
2025-11,МайПлей,DJ08931,0.0,0.7842837
2025-12,МайПлей,DJ08931,2.0,1.0810599
2026-01,МайПлей,DJ08931,0.0,0.0
2026-02,МайПлей,DJ08931,3.0,0.89356935
2025-07,Смік,DJ08931,1.0,0.6357997
2025-08,Смік,DJ08931,0.0,0.7289711
2025-09,Смік,DJ08931,3.0,0.69541204
2025-10,Смік,DJ08931,2.0,1.4784642
2025-11,Смік,DJ08931,2.0,1.515854
2025-12,Смік,DJ08931,3.0,2.2990403
2026-01,Смік,DJ08931,0.0,0.0
2026-02,Смік,DJ08931,0.0,0.0
2025-07,ІМ-Розетка,DJ08932,1.0,1.4124503
2025-08,ІМ-Розетка,DJ08932,2.0,0.8832699
2025-09,ІМ-Розетка,DJ08932,0.0,1.4254038
2025-10,ІМ-Розетка,DJ08932,0.0,1.0242038
2025-11,ІМ-Розетка,DJ08932,7.0,0.9163377
2025-12,ІМ-Розетка,DJ08932,10.0,6.2019296
2026-01,ІМ-Розетка,DJ08932,1.0,2.767014
2026-02,ІМ-Розетка,DJ08932,1.0,1.5901549
2025-07,Акварель,DJ08932,2.0,3.5161178
2025-08,Акварель,DJ08932,2.0,4.2901583
2025-09,Акварель,DJ08932,5.0,3.1569877
2025-10,Акварель,DJ08932,7.0,4.795116
2025-11,Акварель,DJ08932,6.0,6.0178576
2025-12,Акварель,DJ08932,11.0,12.001903
2026-01,Акварель,DJ08932,6.0,6.641547
2026-02,Акварель,DJ08932,3.0,2.5252776
2025-07,Антошка,DJ08932,4.0,3.3960726
2025-08,Антошка,DJ08932,2.0,3.4319746
2025-09,Антошка,DJ08932,6.0,2.7802184
2025-10,Антошка,DJ08932,6.0,3.8032086
2025-11,Антошка,DJ08932,1.0,4.2493443
2025-12,Антошка,DJ08932,4.0,9.813096
2026-01,Антошка,DJ08932,3.0,6.263728
2026-02,Антошка,DJ08932,6.0,1.6160052
2025-07,БІ,DJ08932,11.0,18.85207
2025-08,БІ,DJ08932,15.0,16.753578
2025-09,БІ,DJ08932,17.0,18.825247
2025-10,БІ,DJ08932,29.0,20.847229
2025-11,БІ,DJ08932,35.0,28.431019
2025-12,БІ,DJ08932,47.0,62.616405
2026-01,БІ,DJ08932,31.0,22.234825
2026-02,БІ,DJ08932,8.0,8.903997
2025-07,МайПлей,DJ08932,2.0,1.453264
2025-08,МайПлей,DJ08932,2.0,1.351704
2025-09,МайПлей,DJ08932,0.0,1.7481471
2025-10,МайПлей,DJ08932,8.0,1.5683053
2025-11,МайПлей,DJ08932,7.0,5.8701468
2025-12,МайПлей,DJ08932,3.0,9.532775
2026-01,МайПлей,DJ08932,1.0,3.5586858
2026-02,МайПлей,DJ08932,1.0,1.0808641
2025-07,Мегамаркет,DJ08932,0.0,0.816112
2025-08,Мегамаркет,DJ08932,0.0,0.38905987
2025-09,Мегамаркет,DJ08932,2.0,0.50470674
2025-10,Мегамаркет,DJ08932,1.0,0.6241354
2025-11,Мегамаркет,DJ08932,1.0,0.6255951
2025-12,Мегамаркет,DJ08932,0.0,0.74268025
2026-01,Мегамаркет,DJ08932,0.0,0.0
2026-02,Мегамаркет,DJ08932,0.0,0.0
2025-07,Смік,DJ08932,0.0,0.86253124
2025-08,Смік,DJ08932,0.0,0.7714733
2025-09,Смік,DJ08932,0.0,0.6362156
2025-10,Смік,DJ08932,2.0,0.47059262
2025-11,Смік,DJ08932,3.0,0.9046072
2025-12,Смік,DJ08932,0.0,2.259232
2026-01,Смік,DJ08932,0.0,0.0
2026-02,Смік,DJ08932,0.0,0.0
2025-07,ІМ-Розетка,DJ08934,6.0,0.62230873
2025-08,ІМ-Розетка,DJ08934,1.0,1.6100577
2025-09,ІМ-Розетка,DJ08934,2.0,0.70494944
2025-10,ІМ-Розетка,DJ08934,0.0,0.73207074
2025-11,ІМ-Розетка,DJ08934,1.0,1.1555285
2025-12,ІМ-Розетка,DJ08934,3.0,3.4462078
2026-01,ІМ-Розетка,DJ08934,0.0,0.047862306
2026-02,ІМ-Розетка,DJ08934,1.0,0.9968164
2025-07,Акварель,DJ08934,1.0,5.0036607
2025-08,Акварель,DJ08934,3.0,4.7742944
2025-09,Акварель,DJ08934,6.0,3.4185627
2025-10,Акварель,DJ08934,3.0,3.7825067
2025-11,Акварель,DJ08934,6.0,4.369545
2025-12,Акварель,DJ08934,5.0,9.893181
2026-01,Акварель,DJ08934,7.0,4.3608127
2026-02,Акварель,DJ08934,4.0,2.6027524
2025-07,БІ,DJ08934,7.0,12.072017
2025-08,БІ,DJ08934,8.0,10.926949
2025-09,БІ,DJ08934,10.0,12.289269
2025-10,БІ,DJ08934,13.0,12.930173
2025-11,БІ,DJ08934,16.0,15.15209
2025-12,БІ,DJ08934,35.0,32.480137
2026-01,БІ,DJ08934,23.0,12.477124
2026-02,БІ,DJ08934,6.0,4.8513
2025-07,МайПлей,DJ08934,1.0,1.628915
2025-08,МайПлей,DJ08934,5.0,1.8448778
2025-09,МайПлей,DJ08934,0.0,1.7211076
2025-10,МайПлей,DJ08934,1.0,1.9239912
2025-11,МайПлей,DJ08934,2.0,2.1643116
2025-12,МайПлей,DJ08934,7.0,4.2683535
2026-01,МайПлей,DJ08934,2.0,4.338511
2026-02,МайПлей,DJ08934,2.0,1.1272583
2025-07,Мегамаркет,DJ08934,0.0,0.5573836
2025-08,Мегамаркет,DJ08934,1.0,0.38975573
2025-09,Мегамаркет,DJ08934,2.0,0.5594217
2025-10,Мегамаркет,DJ08934,1.0,0.76990104
2025-11,Мегамаркет,DJ08934,2.0,0.68449146
2025-12,Мегамаркет,DJ08934,0.0,0.8484044
2026-01,Мегамаркет,DJ08934,0.0,0.0
2026-02,Мегамаркет,DJ08934,0.0,0.0
2025-07,Смік,DJ08934,3.0,0.7011919
2025-08,Смік,DJ08934,0.0,0.8652101
2025-09,Смік,DJ08934,2.0,0.6413001
2025-10,Смік,DJ08934,1.0,0.8403887
2025-11,Смік,DJ08934,3.0,0.8126042
2025-12,Смік,DJ08934,2.0,1.9383804
2026-01,Смік,DJ08934,2.0,1.3891134
2026-02,Смік,DJ08934,1.0,1.2748071
2025-07,Акварель,DJ08952,2.0,2.086264
2025-08,Акварель,DJ08952,0.0,0.0
2025-09,Акварель,DJ08952,1.0,1.5758308
2025-10,Акварель,DJ08952,0.0,0.0
2025-11,Акварель,DJ08952,1.0,1.3618916
2025-12,Акварель,DJ08952,0.0,0.0
2026-01,Акварель,DJ08952,0.0,0.0
2026-02,Акварель,DJ08952,0.0,0.0
2025-07,Мегамаркет,DJ08952,0.0,0.0
2025-08,Мегамаркет,DJ08952,0.0,0.42768764
2025-09,Мегамаркет,DJ08952,0.0,0.39441028
2025-10,Мегамаркет,DJ08952,0.0,0.42123625
2025-11,Мегамаркет,DJ08952,0.0,0.36357465
2025-12,Мегамаркет,DJ08952,1.0,0.46742472
2026-01,Мегамаркет,DJ08952,2.0,0.23474354
2026-02,Мегамаркет,DJ08952,0.0,0.0
2025-07,Акварель,DJ08953,0.0,0.0
2025-08,Акварель,DJ08953,0.0,0.0
2025-09,Акварель,DJ08953,1.0,1.268749
2025-10,Акварель,DJ08953,0.0,0.0
2025-11,Акварель,DJ08953,2.0,1.1710047
2025-12,Акварель,DJ08953,1.0,1.8936766
2026-01,Акварель,DJ08953,5.0,0.9130373
2026-02,Акварель,DJ08953,0.0,0.0
2025-07,Антошка,DJ08953,0.0,0.0
2025-08,Антошка,DJ08953,0.0,0.0
2025-09,Антошка,DJ08953,0.0,0.0
2025-10,Антошка,DJ08953,1.0,1.1128507
2025-11,Антошка,DJ08953,0.0,0.0
2025-12,Антошка,DJ08953,2.0,1.0966827
2026-01,Антошка,DJ08953,0.0,0.0
2026-02,Антошка,DJ08953,0.0,0.0
2025-07,БІ,DJ08953,1.0,2.7684536
2025-08,БІ,DJ08953,4.0,2.8220282
2025-09,БІ,DJ08953,0.0,0.0
2025-10,БІ,DJ08953,2.0,2.494996
2025-11,БІ,DJ08953,0.0,0.0
2025-12,БІ,DJ08953,1.0,3.248882
2026-01,БІ,DJ08953,2.0,1.2597206
2026-02,БІ,DJ08953,0.0,0.0
2025-07,МайПлей,DJ08953,1.0,0.9698341
2025-08,МайПлей,DJ08953,2.0,0.97346133
2025-09,МайПлей,DJ08953,0.0,0.0
2025-10,МайПлей,DJ08953,0.0,0.0
2025-11,МайПлей,DJ08953,0.0,0.0
2025-12,МайПлей,DJ08953,2.0,1.2007664
2026-01,МайПлей,DJ08953,0.0,0.0
2026-02,МайПлей,DJ08953,0.0,0.0
2025-07,Смік,DJ08953,3.0,0.70284915
2025-08,Смік,DJ08953,1.0,0.80344915
2025-09,Смік,DJ08953,2.0,0.8477791
2025-10,Смік,DJ08953,1.0,0.7351554
2025-11,Смік,DJ08953,3.0,0.55761474
2025-12,Смік,DJ08953,3.0,1.5836625
2026-01,Смік,DJ08953,1.0,0.67761093
2026-02,Смік,DJ08953,0.0,0.0
2025-07,ІМ-Розетка,DJ08966,1.0,0.91255695
2025-08,ІМ-Розетка,DJ08966,1.0,0.5640299
2025-09,ІМ-Розетка,DJ08966,1.0,1.0743986
2025-10,ІМ-Розетка,DJ08966,0.0,0.28227022
2025-11,ІМ-Розетка,DJ08966,0.0,0.10311121
2025-12,ІМ-Розетка,DJ08966,0.0,0.18496853
2026-01,ІМ-Розетка,DJ08966,0.0,0.04121036
2026-02,ІМ-Розетка,DJ08966,0.0,0.09602835
2025-07,Акварель,DJ08966,0.0,1.5909182
2025-08,Акварель,DJ08966,1.0,0.5761758
2025-09,Акварель,DJ08966,0.0,0.9128907
2025-10,Акварель,DJ08966,1.0,1.0848668
2025-11,Акварель,DJ08966,2.0,1.3589699
2025-12,Акварель,DJ08966,0.0,0.0
2026-01,Акварель,DJ08966,1.0,0.8546206
2026-02,Акварель,DJ08966,4.0,1.0514494
2025-07,БІ,DJ08966,0.0,1.8021692
2025-08,БІ,DJ08966,1.0,1.2372168
2025-09,БІ,DJ08966,0.0,1.5040921
2025-10,БІ,DJ08966,1.0,1.9533705
2025-11,БІ,DJ08966,0.0,0.0
2025-12,БІ,DJ08966,2.0,2.0739791
2026-01,БІ,DJ08966,0.0,0.0
2026-02,БІ,DJ08966,1.0,0.623336
2025-07,МайПлей,DJ08966,0.0,0.33611098
2025-08,МайПлей,DJ08966,0.0,0.3621616
2025-09,МайПлей,DJ08966,1.0,0.35095704
2025-10,МайПлей,DJ08966,1.0,0.42333055
2025-11,МайПлей,DJ08966,0.0,0.45003644
2025-12,МайПлей,DJ08966,2.0,1.0350173
2026-01,МайПлей,DJ08966,0.0,0.26880267
2026-02,МайПлей,DJ08966,2.0,0.11079629
2025-07,СмартТойс,DJ08966,0.0,0.0
2025-08,СмартТойс,DJ08966,0.0,0.0
2025-09,СмартТойс,DJ08966,2.0,1.805317
2025-10,СмартТойс,DJ08966,0.0,0.0
2025-11,СмартТойс,DJ08966,0.0,0.0
2025-12,СмартТойс,DJ08966,0.0,0.0
2026-01,СмартТойс,DJ08966,0.0,0.0
2026-02,СмартТойс,DJ08966,0.0,0.0
2025-07,ІМ-Розетка,DJ08982,0.0,1.4388413
2025-08,ІМ-Розетка,DJ08982,0.0,0.6548334
2025-09,ІМ-Розетка,DJ08982,1.0,1.0926206
2025-10,ІМ-Розетка,DJ08982,3.0,1.6756729
2025-11,ІМ-Розетка,DJ08982,1.0,2.1226342
2025-12,ІМ-Розетка,DJ08982,2.0,3.0718088
2026-01,ІМ-Розетка,DJ08982,0.0,0.0
2026-02,ІМ-Розетка,DJ08982,0.0,0.0
2025-07,Акварель,DJ08982,1.0,2.4461699
2025-08,Акварель,DJ08982,1.0,2.297505
2025-09,Акварель,DJ08982,1.0,2.3915017
2025-10,Акварель,DJ08982,2.0,2.4762206
2025-11,Акварель,DJ08982,5.0,2.7186081
2025-12,Акварель,DJ08982,6.0,5.743466
2026-01,Акварель,DJ08982,6.0,6.580144
2026-02,Акварель,DJ08982,3.0,2.4696958
2025-07,БІ,DJ08982,12.0,9.350415
2025-08,БІ,DJ08982,5.0,12.300415
2025-09,БІ,DJ08982,17.0,11.869959
2025-10,БІ,DJ08982,22.0,16.224575
2025-11,БІ,DJ08982,22.0,16.977669
2025-12,БІ,DJ08982,31.0,49.62552
2026-01,БІ,DJ08982,15.0,12.213097
2026-02,БІ,DJ08982,4.0,4.571585
2025-07,МайПлей,DJ08982,0.0,0.9184654
2025-08,МайПлей,DJ08982,0.0,1.0353991
2025-09,МайПлей,DJ08982,3.0,1.4024609
2025-10,МайПлей,DJ08982,1.0,1.735771
2025-11,МайПлей,DJ08982,4.0,1.7680352
2025-12,МайПлей,DJ08982,5.0,5.289507
2026-01,МайПлей,DJ08982,2.0,5.9545913
2026-02,МайПлей,DJ08982,0.0,0.0
2025-07,ІМ-МауДау,DJ08997,1.0,0.4995578
2025-08,ІМ-МауДау,DJ08997,0.0,0.47119617
2025-09,ІМ-МауДау,DJ08997,0.0,0.3701822
2025-10,ІМ-МауДау,DJ08997,0.0,0.37561572
2025-11,ІМ-МауДау,DJ08997,0.0,0.23292848
2025-12,ІМ-МауДау,DJ08997,0.0,0.38203132
2026-01,ІМ-МауДау,DJ08997,0.0,0.13824995
2026-02,ІМ-МауДау,DJ08997,0.0,0.102810055
2025-07,ІМ-Розетка,DJ08997,0.0,0.76143205
2025-08,ІМ-Розетка,DJ08997,0.0,0.39009485
2025-09,ІМ-Розетка,DJ08997,0.0,0.6960873
2025-10,ІМ-Розетка,DJ08997,0.0,0.47046447
2025-11,ІМ-Розетка,DJ08997,0.0,0.3920392
2025-12,ІМ-Розетка,DJ08997,3.0,0.7019922
2026-01,ІМ-Розетка,DJ08997,2.0,1.6366407
2026-02,ІМ-Розетка,DJ08997,1.0,1.044285
2025-07,Акварель,DJ08997,4.0,2.2054791
2025-08,Акварель,DJ08997,3.0,2.78813
2025-09,Акварель,DJ08997,1.0,2.9466343
2025-10,Акварель,DJ08997,4.0,2.428835
2025-11,Акварель,DJ08997,5.0,2.7122192
2025-12,Акварель,DJ08997,7.0,6.985439
2026-01,Акварель,DJ08997,3.0,1.8343132
2026-02,Акварель,DJ08997,3.0,1.981171
2025-07,Антошка,DJ08997,2.0,0.7111792
2025-08,Антошка,DJ08997,0.0,0.81280774
2025-09,Антошка,DJ08997,0.0,0.6583865
2025-10,Антошка,DJ08997,0.0,0.8731519
2025-11,Антошка,DJ08997,1.0,0.21309477
2025-12,Антошка,DJ08997,0.0,1.1214998
2026-01,Антошка,DJ08997,0.0,0.0
2026-02,Антошка,DJ08997,0.0,0.0
2025-07,БІ,DJ08997,5.0,6.1319127
2025-08,БІ,DJ08997,7.0,7.496563
2025-09,БІ,DJ08997,13.0,7.9092464
2025-10,БІ,DJ08997,10.0,7.600024
2025-11,БІ,DJ08997,16.0,7.304409
2025-12,БІ,DJ08997,12.0,21.864426
2026-01,БІ,DJ08997,4.0,3.0445988
2026-02,БІ,DJ08997,1.0,2.2840285
2025-07,МайПлей,DJ08997,2.0,0.7023991
2025-08,МайПлей,DJ08997,2.0,0.79567426
2025-09,МайПлей,DJ08997,0.0,0.7387734
2025-10,МайПлей,DJ08997,1.0,0.53342927
2025-11,МайПлей,DJ08997,2.0,0.71945924
2025-12,МайПлей,DJ08997,1.0,2.5844557
2026-01,МайПлей,DJ08997,1.0,0.8646781
2026-02,МайПлей,DJ08997,0.0,0.0
2025-07,Мегамаркет,DJ08997,0.0,0.67812824
2025-08,Мегамаркет,DJ08997,0.0,0.36435163
2025-09,Мегамаркет,DJ08997,0.0,0.3678806
2025-10,Мегамаркет,DJ08997,0.0,0.38352972
2025-11,Мегамаркет,DJ08997,0.0,0.35267505
2025-12,Мегамаркет,DJ08997,0.0,0.38380945
2026-01,Мегамаркет,DJ08997,0.0,0.109615445
2026-02,Мегамаркет,DJ08997,0.0,0.13157637
2025-07,Акварель,DJ09006,1.0,2.452462
2025-08,Акварель,DJ09006,2.0,2.3334863
2025-09,Акварель,DJ09006,1.0,2.0251107
2025-10,Акварель,DJ09006,5.0,2.1041222
2025-11,Акварель,DJ09006,0.0,0.0
2025-12,Акварель,DJ09006,2.0,4.011022
2026-01,Акварель,DJ09006,2.0,1.4089459
2026-02,Акварель,DJ09006,1.0,1.6301064
2025-07,Антошка,DJ09006,0.0,0.0
2025-08,Антошка,DJ09006,0.0,0.0
2025-09,Антошка,DJ09006,1.0,1.8002884
2025-10,Антошка,DJ09006,0.0,0.0
2025-11,Антошка,DJ09006,0.0,0.0
2025-12,Антошка,DJ09006,0.0,0.0
2026-01,Антошка,DJ09006,0.0,0.0
2026-02,Антошка,DJ09006,0.0,0.0
2025-07,БІ,DJ09006,3.0,2.1066113
2025-08,БІ,DJ09006,1.0,2.1878808
2025-09,БІ,DJ09006,1.0,1.891991
2025-10,БІ,DJ09006,0.0,0.0
2025-11,БІ,DJ09006,0.0,0.0
2025-12,БІ,DJ09006,0.0,0.0
2026-01,БІ,DJ09006,0.0,0.0
2026-02,БІ,DJ09006,0.0,0.0
2025-07,МайПлей,DJ09006,1.0,1.2161353
2025-08,МайПлей,DJ09006,2.0,1.29147
2025-09,МайПлей,DJ09006,1.0,1.106366
2025-10,МайПлей,DJ09006,0.0,0.0
2025-11,МайПлей,DJ09006,0.0,0.0
2025-12,МайПлей,DJ09006,0.0,0.0
2026-01,МайПлей,DJ09006,1.0,0.37376004
2026-02,МайПлей,DJ09006,2.0,1.0401995
2025-07,ІМ-Розетка,DJ09015,1.0,3.0417457
2025-08,ІМ-Розетка,DJ09015,0.0,1.0828638
2025-09,ІМ-Розетка,DJ09015,1.0,1.8722857
2025-10,ІМ-Розетка,DJ09015,4.0,3.5544503
2025-11,ІМ-Розетка,DJ09015,6.0,5.1468244
2025-12,ІМ-Розетка,DJ09015,11.0,13.785413
2026-01,ІМ-Розетка,DJ09015,7.0,2.241754
2026-02,ІМ-Розетка,DJ09015,2.0,1.6270429
2025-07,Антошка,DJ09015,1.0,0.7253771
2025-08,Антошка,DJ09015,0.0,0.82640445
2025-09,Антошка,DJ09015,1.0,0.77405137
2025-10,Антошка,DJ09015,1.0,0.9849663
2025-11,Антошка,DJ09015,4.0,2.2770088
2025-12,Антошка,DJ09015,6.0,11.767669
2026-01,Антошка,DJ09015,6.0,3.0267768
2026-02,Антошка,DJ09015,1.0,1.0745469
2025-07,БІ,DJ09015,9.0,12.052009
2025-08,БІ,DJ09015,10.0,14.558083
2025-09,БІ,DJ09015,14.0,16.135332
2025-10,БІ,DJ09015,33.0,18.110647
2025-11,БІ,DJ09015,30.0,25.918346
2025-12,БІ,DJ09015,64.0,71.24492
2026-01,БІ,DJ09015,23.0,11.880914
2026-02,БІ,DJ09015,13.0,4.234762
2025-07,Браін,DJ09015,0.0,0.0
2025-08,Браін,DJ09015,0.0,0.0
2025-09,Браін,DJ09015,1.0,1.7318113
2025-10,Браін,DJ09015,0.0,0.0
2025-11,Браін,DJ09015,7.0,1.5202208
2025-12,Браін,DJ09015,0.0,0.04179281
2026-01,Браін,DJ09015,0.0,0.0
2026-02,Браін,DJ09015,0.0,0.0
2025-07,МайПлей,DJ09015,2.0,0.7887692
2025-08,МайПлей,DJ09015,1.0,1.0793978
2025-09,МайПлей,DJ09015,2.0,1.0385804
2025-10,МайПлей,DJ09015,0.0,0.89243287
2025-11,МайПлей,DJ09015,0.0,0.7489696
2025-12,МайПлей,DJ09015,1.0,1.8963264
2026-01,МайПлей,DJ09015,1.0,0.2085205
2026-02,МайПлей,DJ09015,1.0,0.2556978
2025-07,Супрун ФОП,DJ09015,0.0,0.0
2025-08,Супрун ФОП,DJ09015,0.0,0.0
2025-09,Супрун ФОП,DJ09015,2.0,1.3745909
2025-10,Супрун ФОП,DJ09015,0.0,0.0
2025-11,Супрун ФОП,DJ09015,0.0,0.0
2025-12,Супрун ФОП,DJ09015,1.0,1.908703
2026-01,Супрун ФОП,DJ09015,0.0,0.0
2026-02,Супрун ФОП,DJ09015,0.0,0.0
2025-07,Акварель,DJ09055,1.0,1.0360478
2025-08,Акварель,DJ09055,0.0,0.0
2025-09,Акварель,DJ09055,1.0,1.2632663
2025-10,Акварель,DJ09055,2.0,1.3050338
2025-11,Акварель,DJ09055,0.0,0.0
2025-12,Акварель,DJ09055,3.0,1.355241
2026-01,Акварель,DJ09055,1.0,0.8243286
2026-02,Акварель,DJ09055,0.0,0.0
2025-07,Віват Канцелярія,DJ09055,1.0,0.23663947
2025-08,Віват Канцелярія,DJ09055,0.0,0.39114338
2025-09,Віват Канцелярія,DJ09055,0.0,0.38713074
2025-10,Віват Канцелярія,DJ09055,1.0,0.37863576
2025-11,Віват Канцелярія,DJ09055,0.0,0.37810674
2025-12,Віват Канцелярія,DJ09055,1.0,0.4473085
2026-01,Віват Канцелярія,DJ09055,0.0,0.2715953
2026-02,Віват Канцелярія,DJ09055,0.0,0.24238162
2025-07,ІМ-Розетка,DJ09056,3.0,3.7581084
2025-08,ІМ-Розетка,DJ09056,0.0,1.3205775
2025-09,ІМ-Розетка,DJ09056,7.0,1.8409859
2025-10,ІМ-Розетка,DJ09056,3.0,1.8219548
2025-11,ІМ-Розетка,DJ09056,0.0,1.3325768
2025-12,ІМ-Розетка,DJ09056,3.0,2.138372
2026-01,ІМ-Розетка,DJ09056,0.0,0.0
2026-02,ІМ-Розетка,DJ09056,0.0,0.0
2025-07,Акварель,DJ09056,2.0,2.4450042
2025-08,Акварель,DJ09056,2.0,2.560847
2025-09,Акварель,DJ09056,1.0,2.3077984
2025-10,Акварель,DJ09056,5.0,2.3505547
2025-11,Акварель,DJ09056,5.0,2.6927876
2025-12,Акварель,DJ09056,8.0,6.1842155
2026-01,Акварель,DJ09056,1.0,1.8204273
2026-02,Акварель,DJ09056,8.0,1.7779232
2025-07,Антошка,DJ09056,1.0,0.7225756
2025-08,Антошка,DJ09056,0.0,0.81621504
2025-09,Антошка,DJ09056,1.0,0.28307876
2025-10,Антошка,DJ09056,0.0,0.58462536
2025-11,Антошка,DJ09056,0.0,0.34475064
2025-12,Антошка,DJ09056,0.0,1.0041169
2026-01,Антошка,DJ09056,0.0,0.0
2026-02,Антошка,DJ09056,0.0,0.0
2025-07,БІ,DJ09056,15.0,12.060326
2025-08,БІ,DJ09056,11.0,13.807205
2025-09,БІ,DJ09056,12.0,11.111794
2025-10,БІ,DJ09056,19.0,15.96215
2025-11,БІ,DJ09056,24.0,14.779716
2025-12,БІ,DJ09056,24.0,41.913933
2026-01,БІ,DJ09056,6.0,8.062239
2026-02,БІ,DJ09056,5.0,2.8423998
2025-07,МайПлей,DJ09056,0.0,0.514623
2025-08,МайПлей,DJ09056,7.0,0.8089382
2025-09,МайПлей,DJ09056,2.0,1.6310931
2025-10,МайПлей,DJ09056,2.0,2.0941248
2025-11,МайПлей,DJ09056,0.0,2.084242
2025-12,МайПлей,DJ09056,2.0,3.1012888
2026-01,МайПлей,DJ09056,0.0,0.040793
2026-02,МайПлей,DJ09056,1.0,1.1740394
2025-07,Мегамаркет,DJ09056,1.0,0.3600489
2025-08,Мегамаркет,DJ09056,1.0,0.3388055
2025-09,Мегамаркет,DJ09056,0.0,0.23219116
2025-10,Мегамаркет,DJ09056,0.0,0.4864865
2025-11,Мегамаркет,DJ09056,1.0,0.40399033
2025-12,Мегамаркет,DJ09056,1.0,0.45052338
2026-01,Мегамаркет,DJ09056,0.0,0.93170786
2026-02,Мегамаркет,DJ09056,1.0,0.23324417
2025-07,ІМ-Розетка,DJ09063,0.0,1.0457418
2025-08,ІМ-Розетка,DJ09063,0.0,0.41868585
2025-09,ІМ-Розетка,DJ09063,0.0,0.36442703
2025-10,ІМ-Розетка,DJ09063,0.0,0.38728735
2025-11,ІМ-Розетка,DJ09063,0.0,0.41394442
2025-12,ІМ-Розетка,DJ09063,0.0,1.1254829
2026-01,ІМ-Розетка,DJ09063,1.0,0.44549647
2026-02,ІМ-Розетка,DJ09063,3.0,1.1095082
2025-07,Акварель,DJ09063,3.0,3.5311358
2025-08,Акварель,DJ09063,3.0,4.6389046
2025-09,Акварель,DJ09063,3.0,4.2141757
2025-10,Акварель,DJ09063,8.0,3.860457
2025-11,Акварель,DJ09063,6.0,4.398995
2025-12,Акварель,DJ09063,7.0,8.895298
2026-01,Акварель,DJ09063,4.0,2.6745172
2026-02,Акварель,DJ09063,5.0,2.429346
2025-07,Антошка,DJ09063,1.0,1.6526494
2025-08,Антошка,DJ09063,4.0,2.9226372
2025-09,Антошка,DJ09063,2.0,2.9271212
2025-10,Антошка,DJ09063,3.0,3.1601279
2025-11,Антошка,DJ09063,3.0,3.004168
2025-12,Антошка,DJ09063,3.0,4.3199315
2026-01,Антошка,DJ09063,4.0,1.9045925
2026-02,Антошка,DJ09063,1.0,2.0965223
2025-07,БІ,DJ09063,1.0,1.9706557
2025-08,БІ,DJ09063,2.0,5.610497
2025-09,БІ,DJ09063,5.0,3.8933337
2025-10,БІ,DJ09063,2.0,6.519013
2025-11,БІ,DJ09063,8.0,3.7579575
2025-12,БІ,DJ09063,16.0,8.429377
2026-01,БІ,DJ09063,3.0,2.5891092
2026-02,БІ,DJ09063,4.0,2.431728
2025-07,МайПлей,DJ09063,0.0,0.45293376
2025-08,МайПлей,DJ09063,1.0,0.44477025
2025-09,МайПлей,DJ09063,1.0,0.788156
2025-10,МайПлей,DJ09063,2.0,0.9822573
2025-11,МайПлей,DJ09063,0.0,0.7055317
2025-12,МайПлей,DJ09063,2.0,1.3581163
2026-01,МайПлей,DJ09063,1.0,0.7808452
2026-02,МайПлей,DJ09063,1.0,0.7727144
2025-07,Мегамаркет,DJ09063,1.0,0.44983357
2025-08,Мегамаркет,DJ09063,0.0,0.6842418
2025-09,Мегамаркет,DJ09063,0.0,0.24122982
2025-10,Мегамаркет,DJ09063,0.0,0.3444194
2025-11,Мегамаркет,DJ09063,0.0,0.39648357
2025-12,Мегамаркет,DJ09063,1.0,0.5114399
2026-01,Мегамаркет,DJ09063,1.0,1.2993091
2026-02,Мегамаркет,DJ09063,0.0,0.0
2025-07,Смік,DJ09063,4.0,0.38920873
2025-08,Смік,DJ09063,1.0,1.8833389
2025-09,Смік,DJ09063,2.0,2.8169227
2025-10,Смік,DJ09063,2.0,1.6452385
2025-11,Смік,DJ09063,2.0,1.2416263
2025-12,Смік,DJ09063,2.0,2.7200842
2026-01,Смік,DJ09063,2.0,0.949427
2026-02,Смік,DJ09063,1.0,0.8977388
2025-07,ІМ-МауДау,DJ09064,0.0,0.10443984
2025-08,ІМ-МауДау,DJ09064,0.0,0.10856137
2025-09,ІМ-МауДау,DJ09064,0.0,0.12378414
2025-10,ІМ-МауДау,DJ09064,0.0,0.094003886
2025-11,ІМ-МауДау,DJ09064,1.0,0.55753803
2025-12,ІМ-МауДау,DJ09064,1.0,1.3119187
2026-01,ІМ-МауДау,DJ09064,0.0,0.0
2026-02,ІМ-МауДау,DJ09064,0.0,0.0
2025-07,ІМ-Розетка,DJ09064,1.0,0.23956977
2025-08,ІМ-Розетка,DJ09064,0.0,0.29002482
2025-09,ІМ-Розетка,DJ09064,0.0,0.38764927
2025-10,ІМ-Розетка,DJ09064,1.0,0.35232005
2025-11,ІМ-Розетка,DJ09064,2.0,0.92778075
2025-12,ІМ-Розетка,DJ09064,8.0,3.943071
2026-01,ІМ-Розетка,DJ09064,0.0,0.0
2026-02,ІМ-Розетка,DJ09064,0.0,0.0
2025-07,Акварель,DJ09064,1.0,4.652221
2025-08,Акварель,DJ09064,7.0,4.384859
2025-09,Акварель,DJ09064,4.0,3.3459845
2025-10,Акварель,DJ09064,1.0,5.438977
2025-11,Акварель,DJ09064,6.0,4.5567226
2025-12,Акварель,DJ09064,13.0,10.512557
2026-01,Акварель,DJ09064,11.0,3.002953
2026-02,Акварель,DJ09064,3.0,3.3805184
2025-07,Антошка,DJ09064,7.0,6.3033514
2025-08,Антошка,DJ09064,6.0,5.0648494
2025-09,Антошка,DJ09064,10.0,7.4585786
2025-10,Антошка,DJ09064,10.0,10.352265
2025-11,Антошка,DJ09064,13.0,8.092514
2025-12,Антошка,DJ09064,24.0,18.934843
2026-01,Антошка,DJ09064,16.0,19.308882
2026-02,Антошка,DJ09064,14.0,4.3968225
2025-07,БІ,DJ09064,19.0,18.860893
2025-08,БІ,DJ09064,9.0,18.4474
2025-09,БІ,DJ09064,4.0,12.837661
2025-10,БІ,DJ09064,17.0,11.80702
2025-11,БІ,DJ09064,26.0,17.76479
2025-12,БІ,DJ09064,63.0,48.15088
2026-01,БІ,DJ09064,26.0,21.320412
2026-02,БІ,DJ09064,14.0,7.720629
2025-07,Епіцентр,DJ09064,2.0,0.7076691
2025-08,Епіцентр,DJ09064,1.0,1.7242862
2025-09,Епіцентр,DJ09064,2.0,1.5200016
2025-10,Епіцентр,DJ09064,0.0,0.7397446
2025-11,Епіцентр,DJ09064,0.0,0.49438447
2025-12,Епіцентр,DJ09064,2.0,2.2637146
2026-01,Епіцентр,DJ09064,1.0,0.7281344
2026-02,Епіцентр,DJ09064,1.0,1.3446279
2025-07,МайПлей,DJ09064,2.0,0.61426896
2025-08,МайПлей,DJ09064,3.0,0.9713232
2025-09,МайПлей,DJ09064,2.0,1.2214743
2025-10,МайПлей,DJ09064,5.0,2.0924227
2025-11,МайПлей,DJ09064,3.0,3.6259701
2025-12,МайПлей,DJ09064,0.0,8.427976
2026-01,МайПлей,DJ09064,1.0,1.6240151
2026-02,МайПлей,DJ09064,2.0,0.9344288
2025-07,Мегамаркет,DJ09064,0.0,0.9699283
2025-08,Мегамаркет,DJ09064,0.0,0.31087983
2025-09,Мегамаркет,DJ09064,0.0,0.32140556
2025-10,Мегамаркет,DJ09064,3.0,0.4155875
2025-11,Мегамаркет,DJ09064,2.0,1.1598434
2025-12,Мегамаркет,DJ09064,1.0,1.6589308
2026-01,Мегамаркет,DJ09064,1.0,0.888112
2026-02,Мегамаркет,DJ09064,0.0,0.0
2025-07,ІМ-Розетка,DJ09065,0.0,0.73913103
2025-08,ІМ-Розетка,DJ09065,0.0,0.41080743
2025-09,ІМ-Розетка,DJ09065,0.0,0.5483904
2025-10,ІМ-Розетка,DJ09065,0.0,0.42544588
2025-11,ІМ-Розетка,DJ09065,0.0,0.4696791
2025-12,ІМ-Розетка,DJ09065,2.0,1.1931221
2026-01,ІМ-Розетка,DJ09065,0.0,0.0
2026-02,ІМ-Розетка,DJ09065,2.0,0.7274321
2025-07,Акварель,DJ09065,7.0,2.735545
2025-08,Акварель,DJ09065,4.0,3.1995308
2025-09,Акварель,DJ09065,3.0,3.1230998
2025-10,Акварель,DJ09065,4.0,3.2161772
2025-11,Акварель,DJ09065,7.0,2.9179223
2025-12,Акварель,DJ09065,6.0,10.167938
2026-01,Акварель,DJ09065,6.0,5.35465
2026-02,Акварель,DJ09065,4.0,2.2111871
2025-07,Антошка,DJ09065,1.0,0.9509723
2025-08,Антошка,DJ09065,0.0,1.5531051
2025-09,Антошка,DJ09065,1.0,1.5792234
2025-10,Антошка,DJ09065,0.0,0.9091719
2025-11,Антошка,DJ09065,0.0,0.73792005
2025-12,Антошка,DJ09065,2.0,3.7873452
2026-01,Антошка,DJ09065,1.0,2.7464032
2026-02,Антошка,DJ09065,4.0,1.1834356
2025-07,БІ,DJ09065,3.0,3.7309675
2025-08,БІ,DJ09065,2.0,5.665796
2025-09,БІ,DJ09065,6.0,4.5308967
2025-10,БІ,DJ09065,9.0,4.2766447
2025-11,БІ,DJ09065,5.0,5.9977865
2025-12,БІ,DJ09065,21.0,13.379044
2026-01,БІ,DJ09065,8.0,4.508644
2026-02,БІ,DJ09065,12.0,2.4922562
2025-07,МайПлей,DJ09065,0.0,0.6441546
2025-08,МайПлей,DJ09065,0.0,0.64473736
2025-09,МайПлей,DJ09065,0.0,0.5303479
2025-10,МайПлей,DJ09065,2.0,0.5422187
2025-11,МайПлей,DJ09065,2.0,0.6511206
2025-12,МайПлей,DJ09065,1.0,1.8014109
2026-01,МайПлей,DJ09065,0.0,0.0
2026-02,МайПлей,DJ09065,1.0,0.766595
2025-07,Смік,DJ09065,1.0,0.5059025
2025-08,Смік,DJ09065,2.0,1.09586
2025-09,Смік,DJ09065,0.0,1.7106417
2025-10,Смік,DJ09065,1.0,0.815533
2025-11,Смік,DJ09065,1.0,0.68317133
2025-12,Смік,DJ09065,2.0,1.4639586
2026-01,Смік,DJ09065,1.0,0.99002814
2026-02,Смік,DJ09065,0.0,0.0
2025-07,ІМ-МауДау,DJ09066,0.0,0.12736993
2025-08,ІМ-МауДау,DJ09066,1.0,0.49597955
2025-09,ІМ-МауДау,DJ09066,1.0,0.7808052
2025-10,ІМ-МауДау,DJ09066,1.0,1.4354756
2025-11,ІМ-МауДау,DJ09066,0.0,0.28486735
2025-12,ІМ-МауДау,DJ09066,0.0,0.4430445
2026-01,ІМ-МауДау,DJ09066,0.0,0.11114953
2026-02,ІМ-МауДау,DJ09066,0.0,0.098607644
2025-07,ІМ-Розетка,DJ09066,2.0,0.9740642
2025-08,ІМ-Розетка,DJ09066,0.0,0.7680332
2025-09,ІМ-Розетка,DJ09066,5.0,1.0140547
2025-10,ІМ-Розетка,DJ09066,3.0,2.6239753
2025-11,ІМ-Розетка,DJ09066,1.0,2.3613002
2025-12,ІМ-Розетка,DJ09066,0.0,0.0
2026-01,ІМ-Розетка,DJ09066,0.0,0.0
2026-02,ІМ-Розетка,DJ09066,0.0,0.0
2025-07,Акварель,DJ09066,6.0,4.8772373
2025-08,Акварель,DJ09066,6.0,6.056715
2025-09,Акварель,DJ09066,5.0,5.664221
2025-10,Акварель,DJ09066,7.0,4.689628
2025-11,Акварель,DJ09066,5.0,4.5506806
2025-12,Акварель,DJ09066,4.0,7.720662
2026-01,Акварель,DJ09066,1.0,2.0388792
2026-02,Акварель,DJ09066,3.0,1.7599086
2025-07,Антошка,DJ09066,7.0,6.9993186
2025-08,Антошка,DJ09066,9.0,6.4119864
2025-09,Антошка,DJ09066,7.0,5.912067
2025-10,Антошка,DJ09066,5.0,5.989347
2025-11,Антошка,DJ09066,4.0,5.2939487
2025-12,Антошка,DJ09066,10.0,7.200294
2026-01,Антошка,DJ09066,0.0,0.0
2026-02,Антошка,DJ09066,2.0,0.8336555
2025-07,БІ,DJ09066,7.0,5.972295
2025-08,БІ,DJ09066,13.0,9.260628
2025-09,БІ,DJ09066,6.0,7.835431
2025-10,БІ,DJ09066,8.0,7.375925
2025-11,БІ,DJ09066,10.0,7.3576007
2025-12,БІ,DJ09066,12.0,11.711148
2026-01,БІ,DJ09066,7.0,2.114219
2026-02,БІ,DJ09066,2.0,2.4713063
2025-07,МайПлей,DJ09066,1.0,1.6561769
2025-08,МайПлей,DJ09066,2.0,1.873077
2025-09,МайПлей,DJ09066,4.0,1.6346197
2025-10,МайПлей,DJ09066,2.0,2.763708
2025-11,МайПлей,DJ09066,0.0,0.0
2025-12,МайПлей,DJ09066,1.0,2.8741887
2026-01,МайПлей,DJ09066,0.0,0.0
2026-02,МайПлей,DJ09066,0.0,0.0
2025-07,СмартТойс,DJ09066,1.0,1.062651
2025-08,СмартТойс,DJ09066,0.0,0.0
2025-09,СмартТойс,DJ09066,0.0,0.0
2025-10,СмартТойс,DJ09066,0.0,0.0
2025-11,СмартТойс,DJ09066,0.0,0.0
2025-12,СмартТойс,DJ09066,0.0,0.0
2026-01,СмартТойс,DJ09066,0.0,0.0
2026-02,СмартТойс,DJ09066,0.0,0.055508595
2025-07,ІМ-Розетка,DJ09071,3.0,1.6962094
2025-08,ІМ-Розетка,DJ09071,0.0,0.0
2025-09,ІМ-Розетка,DJ09071,0.0,0.0
2025-10,ІМ-Розетка,DJ09071,0.0,0.0
2025-11,ІМ-Розетка,DJ09071,0.0,0.0
2025-12,ІМ-Розетка,DJ09071,0.0,0.0
2026-01,ІМ-Розетка,DJ09071,0.0,0.0
2026-02,ІМ-Розетка,DJ09071,0.0,0.0
2025-07,Акварель,DJ09071,4.0,2.6915092
2025-08,Акварель,DJ09071,3.0,3.6729777
2025-09,Акварель,DJ09071,1.0,3.357319
2025-10,Акварель,DJ09071,1.0,3.1793096
2025-11,Акварель,DJ09071,1.0,3.1477733
2025-12,Акварель,DJ09071,1.0,2.366461
2026-01,Акварель,DJ09071,0.0,0.0
2026-02,Акварель,DJ09071,2.0,0.7796466
2025-07,Антошка,DJ09071,3.0,3.0662398
2025-08,Антошка,DJ09071,2.0,3.7747636
2025-09,Антошка,DJ09071,3.0,3.1047487
2025-10,Антошка,DJ09071,3.0,3.309451
2025-11,Антошка,DJ09071,0.0,0.0
2025-12,Антошка,DJ09071,6.0,3.3448946
2026-01,Антошка,DJ09071,0.0,0.0
2026-02,Антошка,DJ09071,1.0,1.1079214
2025-07,БІ,DJ09071,5.0,4.183561
2025-08,БІ,DJ09071,4.0,5.0624437
2025-09,БІ,DJ09071,2.0,4.200099
2025-10,БІ,DJ09071,2.0,3.3969064
2025-11,БІ,DJ09071,1.0,3.19257
2025-12,БІ,DJ09071,1.0,4.1711917
2026-01,БІ,DJ09071,0.0,0.0
2026-02,БІ,DJ09071,0.0,0.0
2025-07,МайПлей,DJ09071,2.0,1.0761126
2025-08,МайПлей,DJ09071,1.0,1.45923
2025-09,МайПлей,DJ09071,1.0,1.348088
2025-10,МайПлей,DJ09071,0.0,0.0
2025-11,МайПлей,DJ09071,0.0,0.0
2025-12,МайПлей,DJ09071,0.0,0.0
2026-01,МайПлей,DJ09071,0.0,0.0
2026-02,МайПлей,DJ09071,0.0,0.0
2025-07,Смік,DJ09071,0.0,0.0
2025-08,Смік,DJ09071,0.0,0.0
2025-09,Смік,DJ09071,0.0,0.0
2025-10,Смік,DJ09071,1.0,0.97744447
2025-11,Смік,DJ09071,2.0,0.97588605
2025-12,Смік,DJ09071,1.0,1.2301147
2026-01,Смік,DJ09071,0.0,0.0
2026-02,Смік,DJ09071,0.0,0.0
2025-07,ІМ-Розетка,DJ09072,5.0,1.5592245
2025-08,ІМ-Розетка,DJ09072,0.0,1.4073212
2025-09,ІМ-Розетка,DJ09072,0.0,0.782191
2025-10,ІМ-Розетка,DJ09072,0.0,0.53224117
2025-11,ІМ-Розетка,DJ09072,0.0,0.43108776
2025-12,ІМ-Розетка,DJ09072,2.0,0.97579783
2026-01,ІМ-Розетка,DJ09072,2.0,0.8918615
2026-02,ІМ-Розетка,DJ09072,4.0,1.1419549
2025-07,Акварель,DJ09072,1.0,1.8426979
2025-08,Акварель,DJ09072,1.0,1.50251
2025-09,Акварель,DJ09072,4.0,1.2046361
2025-10,Акварель,DJ09072,2.0,1.6368314
2025-11,Акварель,DJ09072,1.0,1.8322468
2025-12,Акварель,DJ09072,2.0,2.4124563
2026-01,Акварель,DJ09072,3.0,0.97042376
2026-02,Акварель,DJ09072,0.0,0.0
2025-07,Антошка,DJ09072,0.0,0.0
2025-08,Антошка,DJ09072,1.0,0.42841345
2025-09,Антошка,DJ09072,1.0,0.39718643
2025-10,Антошка,DJ09072,0.0,0.5112684
2025-11,Антошка,DJ09072,0.0,0.42719838
2025-12,Антошка,DJ09072,1.0,0.9359959
2026-01,Антошка,DJ09072,0.0,0.0
2026-02,Антошка,DJ09072,0.0,0.0
2025-07,БІ,DJ09072,1.0,1.9978133
2025-08,БІ,DJ09072,0.0,1.3153589
2025-09,БІ,DJ09072,1.0,0.066908196
2025-10,БІ,DJ09072,0.0,0.32409492
2025-11,БІ,DJ09072,0.0,0.032849725
2025-12,БІ,DJ09072,0.0,0.23468523
2026-01,БІ,DJ09072,0.0,0.0
2026-02,БІ,DJ09072,0.0,0.0
2025-07,МайПлей,DJ09072,0.0,0.0
2025-08,МайПлей,DJ09072,2.0,0.33533195
2025-09,МайПлей,DJ09072,1.0,0.6305805
2025-10,МайПлей,DJ09072,0.0,0.6517072
2025-11,МайПлей,DJ09072,0.0,0.39157403
2025-12,МайПлей,DJ09072,2.0,0.83048534
2026-01,МайПлей,DJ09072,0.0,0.0
2026-02,МайПлей,DJ09072,0.0,0.0
2025-07,Смік,DJ09072,2.0,0.88709503
2025-08,Смік,DJ09072,0.0,0.6203011
2025-09,Смік,DJ09072,1.0,0.6055666
2025-10,Смік,DJ09072,0.0,0.4711845
2025-11,Смік,DJ09072,0.0,0.4142894
2025-12,Смік,DJ09072,1.0,0.8666125
2026-01,Смік,DJ09072,1.0,0.29441476
2026-02,Смік,DJ09072,1.0,0.22976004
2025-07,ІМ-Розетка,DJ09073,0.0,0.0
2025-08,ІМ-Розетка,DJ09073,0.0,0.0
2025-09,ІМ-Розетка,DJ09073,1.0,0.92466676
2025-10,ІМ-Розетка,DJ09073,0.0,0.0
2025-11,ІМ-Розетка,DJ09073,0.0,0.0
2025-12,ІМ-Розетка,DJ09073,1.0,1.2263298
2026-01,ІМ-Розетка,DJ09073,0.0,0.0
2026-02,ІМ-Розетка,DJ09073,1.0,0.7843
2025-07,Акварель,DJ09073,2.0,1.6190897
2025-08,Акварель,DJ09073,0.0,0.0
2025-09,Акварель,DJ09073,0.0,0.0
2025-10,Акварель,DJ09073,2.0,1.483634
2025-11,Акварель,DJ09073,2.0,1.6538993
2025-12,Акварель,DJ09073,2.0,1.9848725
2026-01,Акварель,DJ09073,2.0,0.9607815
2026-02,Акварель,DJ09073,2.0,1.3615484
2025-07,Антошка,DJ09073,2.0,1.0590192
2025-08,Антошка,DJ09073,0.0,0.0
2025-09,Антошка,DJ09073,1.0,1.1497707
2025-10,Антошка,DJ09073,0.0,0.0
2025-11,Антошка,DJ09073,0.0,0.0
2025-12,Антошка,DJ09073,0.0,0.0
2026-01,Антошка,DJ09073,1.0,0.39206228
2026-02,Антошка,DJ09073,1.0,1.2372012
2025-07,БІ,DJ09073,2.0,2.5757906
2025-08,БІ,DJ09073,2.0,2.852453
2025-09,БІ,DJ09073,3.0,1.8289624
2025-10,БІ,DJ09073,2.0,1.7993455
2025-11,БІ,DJ09073,1.0,1.7793597
2025-12,БІ,DJ09073,0.0,0.0
2026-01,БІ,DJ09073,0.0,0.0
2026-02,БІ,DJ09073,0.0,0.0
2025-07,МайПлей,DJ09073,3.0,1.150869
2025-08,МайПлей,DJ09073,3.0,1.3534356
2025-09,МайПлей,DJ09073,1.0,1.4335184
2025-10,МайПлей,DJ09073,0.0,0.0
2025-11,МайПлей,DJ09073,0.0,0.0
2025-12,МайПлей,DJ09073,1.0,1.0569803
2026-01,МайПлей,DJ09073,0.0,0.0
2026-02,МайПлей,DJ09073,0.0,0.0
2025-07,ІМ-МауДау,DJ09074,0.0,0.16563055
2025-08,ІМ-МауДау,DJ09074,1.0,1.0182716
2025-09,ІМ-МауДау,DJ09074,1.0,1.1009539
2025-10,ІМ-МауДау,DJ09074,0.0,0.11647663
2025-11,ІМ-МауДау,DJ09074,0.0,0.09698957
2025-12,ІМ-МауДау,DJ09074,0.0,0.26354644
2026-01,ІМ-МауДау,DJ09074,0.0,0.03748939
2026-02,ІМ-МауДау,DJ09074,0.0,0.017910257
2025-07,ІМ-Розетка,DJ09074,1.0,1.9836478
2025-08,ІМ-Розетка,DJ09074,2.0,1.105694
2025-09,ІМ-Розетка,DJ09074,1.0,1.9023731
2025-10,ІМ-Розетка,DJ09074,0.0,0.0
2025-11,ІМ-Розетка,DJ09074,0.0,0.0
2025-12,ІМ-Розетка,DJ09074,1.0,1.9298459
2026-01,ІМ-Розетка,DJ09074,2.0,0.9732525
2026-02,ІМ-Розетка,DJ09074,1.0,1.064453
2025-07,Акварель,DJ09074,8.0,6.8113394
2025-08,Акварель,DJ09074,4.0,4.647303
2025-09,Акварель,DJ09074,9.0,3.779653
2025-10,Акварель,DJ09074,7.0,4.987231
2025-11,Акварель,DJ09074,6.0,5.1740255
2025-12,Акварель,DJ09074,15.0,19.571695
2026-01,Акварель,DJ09074,6.0,5.7159333
2026-02,Акварель,DJ09074,14.0,2.4373436
2025-07,Антошка,DJ09074,2.0,0.028764127
2025-08,Антошка,DJ09074,0.0,1.8383396
2025-09,Антошка,DJ09074,2.0,1.766797
2025-10,Антошка,DJ09074,0.0,1.5161936
2025-11,Антошка,DJ09074,3.0,2.2881846
2025-12,Антошка,DJ09074,11.0,11.662028
2026-01,Антошка,DJ09074,7.0,5.6019526
2026-02,Антошка,DJ09074,9.0,1.4652568
2025-07,БІ,DJ09074,8.0,16.388765
2025-08,БІ,DJ09074,20.0,14.892223
2025-09,БІ,DJ09074,14.0,11.830289
2025-10,БІ,DJ09074,15.0,11.991127
2025-11,БІ,DJ09074,28.0,16.033218
2025-12,БІ,DJ09074,42.0,51.466637
2026-01,БІ,DJ09074,28.0,16.184132
2026-02,БІ,DJ09074,13.0,9.024355
2025-07,МайПлей,DJ09074,0.0,1.2820036
2025-08,МайПлей,DJ09074,0.0,0.90839463
2025-09,МайПлей,DJ09074,2.0,0.8358458
2025-10,МайПлей,DJ09074,0.0,0.0
2025-11,МайПлей,DJ09074,0.0,0.0
2025-12,МайПлей,DJ09074,3.0,1.5090173
2026-01,МайПлей,DJ09074,1.0,1.2839016
2026-02,МайПлей,DJ09074,0.0,0.0
2025-07,ІМ-МауДау,DJ09075,0.0,0.589401
2025-08,ІМ-МауДау,DJ09075,2.0,1.2545522
2025-09,ІМ-МауДау,DJ09075,3.0,1.5535268
2025-10,ІМ-МауДау,DJ09075,2.0,1.4413093
2025-11,ІМ-МауДау,DJ09075,2.0,2.0665333
2025-12,ІМ-МауДау,DJ09075,1.0,2.0191283
2026-01,ІМ-МауДау,DJ09075,0.0,0.33392853
2026-02,ІМ-МауДау,DJ09075,0.0,0.14389394
2025-07,ІМ-Розетка,DJ09075,0.0,0.86547124
2025-08,ІМ-Розетка,DJ09075,0.0,0.37928087
2025-09,ІМ-Розетка,DJ09075,0.0,0.3794845
2025-10,ІМ-Розетка,DJ09075,1.0,0.47777566
2025-11,ІМ-Розетка,DJ09075,0.0,0.42362985
2025-12,ІМ-Розетка,DJ09075,0.0,1.200924
2026-01,ІМ-Розетка,DJ09075,0.0,0.09302487
2026-02,ІМ-Розетка,DJ09075,0.0,0.0426697
2025-07,Акварель,DJ09075,3.0,4.8928556
2025-08,Акварель,DJ09075,7.0,3.4724846
2025-09,Акварель,DJ09075,1.0,3.281142
2025-10,Акварель,DJ09075,9.0,3.1271777
2025-11,Акварель,DJ09075,6.0,4.379253
2025-12,Акварель,DJ09075,11.0,9.416352
2026-01,Акварель,DJ09075,5.0,2.8517976
2026-02,Акварель,DJ09075,1.0,1.681867
2025-07,Антошка,DJ09075,1.0,0.8342874
2025-08,Антошка,DJ09075,2.0,1.6883713
2025-09,Антошка,DJ09075,6.0,2.020144
2025-10,Антошка,DJ09075,2.0,2.0950766
2025-11,Антошка,DJ09075,0.0,1.751014
2025-12,Антошка,DJ09075,2.0,6.2804313
2026-01,Антошка,DJ09075,3.0,3.6353755
2026-02,Антошка,DJ09075,3.0,1.3591716
2025-07,БІ,DJ09075,11.0,14.460411
2025-08,БІ,DJ09075,14.0,15.092095
2025-09,БІ,DJ09075,14.0,10.37502
2025-10,БІ,DJ09075,8.0,11.621438
2025-11,БІ,DJ09075,5.0,10.034692
2025-12,БІ,DJ09075,11.0,23.94748
2026-01,БІ,DJ09075,10.0,8.598642
2026-02,БІ,DJ09075,9.0,3.5261755
2025-07,МайПлей,DJ09075,1.0,1.1094209
2025-08,МайПлей,DJ09075,1.0,0.891337
2025-09,МайПлей,DJ09075,2.0,1.0528214
2025-10,МайПлей,DJ09075,0.0,1.2369955
2025-11,МайПлей,DJ09075,0.0,1.051854
2025-12,МайПлей,DJ09075,0.0,1.6456004
2026-01,МайПлей,DJ09075,0.0,0.0
2026-02,МайПлей,DJ09075,1.0,0.4132602
2025-07,Акварель,DJ09102,1.0,0.38074976
2025-08,Акварель,DJ09102,0.0,0.4156758
2025-09,Акварель,DJ09102,0.0,0.39612558
2025-10,Акварель,DJ09102,2.0,0.33622518
2025-11,Акварель,DJ09102,0.0,0.2745106
2025-12,Акварель,DJ09102,0.0,0.9714285
2026-01,Акварель,DJ09102,0.0,0.04499162
2026-02,Акварель,DJ09102,0.0,0.01917807
2025-07,ІМ-Кідіс,DJ09108,0.0,0.6550578
2025-08,ІМ-Кідіс,DJ09108,0.0,0.41854587
2025-09,ІМ-Кідіс,DJ09108,0.0,0.40889928
2025-10,ІМ-Кідіс,DJ09108,0.0,0.32515618
2025-11,ІМ-Кідіс,DJ09108,0.0,0.24638969
2025-12,ІМ-Кідіс,DJ09108,0.0,0.5293956
2026-01,ІМ-Кідіс,DJ09108,0.0,0.011747565
2026-02,ІМ-Кідіс,DJ09108,0.0,0.020368233
2025-07,ІМ-Розетка,DJ09108,0.0,4.0156693
2025-08,ІМ-Розетка,DJ09108,5.0,1.7765499
2025-09,ІМ-Розетка,DJ09108,3.0,1.8252301
2025-10,ІМ-Розетка,DJ09108,0.0,2.4368818
2025-11,ІМ-Розетка,DJ09108,3.0,4.520094
2025-12,ІМ-Розетка,DJ09108,38.0,10.831092
2026-01,ІМ-Розетка,DJ09108,0.0,0.0
2026-02,ІМ-Розетка,DJ09108,0.0,0.0
2025-07,Акварель,DJ09108,3.0,2.5209038
2025-08,Акварель,DJ09108,2.0,1.9514555
2025-09,Акварель,DJ09108,3.0,1.9814359
2025-10,Акварель,DJ09108,3.0,2.3668041
2025-11,Акварель,DJ09108,2.0,3.5294833
2025-12,Акварель,DJ09108,12.0,8.99833
2026-01,Акварель,DJ09108,1.0,1.5765046
2026-02,Акварель,DJ09108,5.0,1.523015
2025-07,БІ,DJ09108,32.0,31.96766
2025-08,БІ,DJ09108,46.0,34.08194
2025-09,БІ,DJ09108,24.0,37.640373
2025-10,БІ,DJ09108,49.0,34.319942
2025-11,БІ,DJ09108,91.0,41.813286
2025-12,БІ,DJ09108,185.0,110.4073
2026-01,БІ,DJ09108,62.0,38.703217
2026-02,БІ,DJ09108,37.0,17.27584
2025-07,Браін,DJ09108,4.0,2.484725
2025-08,Браін,DJ09108,0.0,0.0
2025-09,Браін,DJ09108,0.0,0.0
2025-10,Браін,DJ09108,0.0,0.0
2025-11,Браін,DJ09108,0.0,0.0
2025-12,Браін,DJ09108,0.0,0.0
2026-01,Браін,DJ09108,0.0,0.0
2026-02,Браін,DJ09108,0.0,0.0
2025-07,Країна Казок,DJ09108,0.0,0.09993158
2025-08,Країна Казок,DJ09108,0.0,0.25430286
2025-09,Країна Казок,DJ09108,1.0,0.11335303
2025-10,Країна Казок,DJ09108,0.0,0.254924
2025-11,Країна Казок,DJ09108,0.0,0.121795446
2025-12,Країна Казок,DJ09108,0.0,0.11030174
2026-01,Країна Казок,DJ09108,0.0,0.017630244
2026-02,Країна Казок,DJ09108,0.0,0.018706173
2025-07,МайПлей,DJ09108,1.0,0.9500866
2025-08,МайПлей,DJ09108,2.0,1.3672158
2025-09,МайПлей,DJ09108,0.0,1.2865602
2025-10,МайПлей,DJ09108,4.0,1.3539304
2025-11,МайПлей,DJ09108,2.0,3.1461618
2025-12,МайПлей,DJ09108,4.0,7.839264
2026-01,МайПлей,DJ09108,3.0,1.490023
2026-02,МайПлей,DJ09108,3.0,1.3642675
2025-07,Мегамаркет,DJ09108,1.0,2.0033917
2025-08,Мегамаркет,DJ09108,0.0,0.48036835
2025-09,Мегамаркет,DJ09108,0.0,0.6051131
2025-10,Мегамаркет,DJ09108,0.0,0.4619618
2025-11,Мегамаркет,DJ09108,0.0,0.0
2025-12,Мегамаркет,DJ09108,1.0,1.1497347
2026-01,Мегамаркет,DJ09108,0.0,0.011356837
2026-02,Мегамаркет,DJ09108,0.0,0.0
2025-07,Акварель,DJ09210,0.0,0.0
2025-08,Акварель,DJ09210,1.0,1.3648916
2025-09,Акварель,DJ09210,0.0,0.0
2025-10,Акварель,DJ09210,0.0,0.0
2025-11,Акварель,DJ09210,1.0,1.0935358
2025-12,Акварель,DJ09210,0.0,0.0
2026-01,Акварель,DJ09210,0.0,0.0
2026-02,Акварель,DJ09210,0.0,0.0
2025-07,БІ,DJ09216,1.0,2.375096
2025-08,БІ,DJ09216,4.0,2.3271642
2025-09,БІ,DJ09216,0.0,0.0
2025-10,БІ,DJ09216,0.0,0.0
2025-11,БІ,DJ09216,3.0,1.7585621
2025-12,БІ,DJ09216,1.0,4.614571
2026-01,БІ,DJ09216,0.0,0.0
2026-02,БІ,DJ09216,1.0,1.0806772
2025-07,ІМ-Розетка,DJ09230,3.0,1.3118565
2025-08,ІМ-Розетка,DJ09230,2.0,2.0576005
2025-09,ІМ-Розетка,DJ09230,0.0,0.53239226
2025-10,ІМ-Розетка,DJ09230,0.0,0.0
2025-11,ІМ-Розетка,DJ09230,0.0,0.0
2025-12,ІМ-Розетка,DJ09230,0.0,0.40131965
2026-01,ІМ-Розетка,DJ09230,0.0,0.0
2026-02,ІМ-Розетка,DJ09230,0.0,0.0
2025-07,Акварель,DJ09230,17.0,15.916517
2025-08,Акварель,DJ09230,15.0,13.17729
2025-09,Акварель,DJ09230,21.0,11.695182
2025-10,Акварель,DJ09230,49.0,14.634167
2025-11,Акварель,DJ09230,6.0,17.85019
2025-12,Акварель,DJ09230,24.0,37.78113
2026-01,Акварель,DJ09230,11.0,8.544941
2026-02,Акварель,DJ09230,6.0,4.4673285
2025-07,Антошка,DJ09230,0.0,0.17393759
2025-08,Антошка,DJ09230,0.0,1.3949817
2025-09,Антошка,DJ09230,1.0,1.0877647
2025-10,Антошка,DJ09230,3.0,1.7787064
2025-11,Антошка,DJ09230,0.0,0.0
2025-12,Антошка,DJ09230,5.0,6.9268165
2026-01,Антошка,DJ09230,1.0,1.9192178
2026-02,Антошка,DJ09230,2.0,1.0717307
2025-07,БІ,DJ09230,13.0,14.511108
2025-08,БІ,DJ09230,16.0,13.610918
2025-09,БІ,DJ09230,11.0,13.812224
2025-10,БІ,DJ09230,58.0,24.07362
2025-11,БІ,DJ09230,18.0,26.321815
2025-12,БІ,DJ09230,46.0,55.283497
2026-01,БІ,DJ09230,17.0,37.81046
2026-02,БІ,DJ09230,12.0,5.0109115
2025-07,МайПлей,DJ09230,3.0,0.90280986
2025-08,МайПлей,DJ09230,0.0,1.2694174
2025-09,МайПлей,DJ09230,2.0,1.0901138
2025-10,МайПлей,DJ09230,6.0,1.772879
2025-11,МайПлей,DJ09230,0.0,0.0
2025-12,МайПлей,DJ09230,3.0,2.9382951
2026-01,МайПлей,DJ09230,0.0,0.0
2026-02,МайПлей,DJ09230,0.0,0.0
2025-07,Мегамаркет,DJ09230,0.0,0.50466025
2025-08,Мегамаркет,DJ09230,0.0,0.4172155
2025-09,Мегамаркет,DJ09230,0.0,0.4108297
2025-10,Мегамаркет,DJ09230,1.0,0.87757695
2025-11,Мегамаркет,DJ09230,0.0,0.0
2025-12,Мегамаркет,DJ09230,1.0,0.5289147
2026-01,Мегамаркет,DJ09230,0.0,0.0
2026-02,Мегамаркет,DJ09230,1.0,0.8914606
2025-07,Смік,DJ09230,2.0,1.945503
2025-08,Смік,DJ09230,2.0,2.5852568
2025-09,Смік,DJ09230,0.0,1.3724968
2025-10,Смік,DJ09230,7.0,2.055484
2025-11,Смік,DJ09230,0.0,0.0
2025-12,Смік,DJ09230,1.0,3.7869036
2026-01,Смік,DJ09230,0.0,0.0
2026-02,Смік,DJ09230,0.0,0.0
2025-07,ІМ-Розетка,DJ09231,0.0,1.3781285
2025-08,ІМ-Розетка,DJ09231,7.0,1.2334644
2025-09,ІМ-Розетка,DJ09231,1.0,1.4292339
2025-10,ІМ-Розетка,DJ09231,3.0,1.5163428
2025-11,ІМ-Розетка,DJ09231,2.0,3.0856645
2025-12,ІМ-Розетка,DJ09231,4.0,2.5983622
2026-01,ІМ-Розетка,DJ09231,0.0,0.0
2026-02,ІМ-Розетка,DJ09231,0.0,0.0
2025-07,Акварель,DJ09231,15.0,17.280994
2025-08,Акварель,DJ09231,16.0,12.957301
2025-09,Акварель,DJ09231,16.0,12.189405
2025-10,Акварель,DJ09231,48.0,22.282286
2025-11,Акварель,DJ09231,8.0,17.944695
2025-12,Акварель,DJ09231,27.0,36.251835
2026-01,Акварель,DJ09231,18.0,14.479277
2026-02,Акварель,DJ09231,14.0,4.516708
2025-07,Антошка,DJ09231,0.0,0.18174551
2025-08,Антошка,DJ09231,0.0,1.5647525
2025-09,Антошка,DJ09231,1.0,1.1617159
2025-10,Антошка,DJ09231,6.0,1.6380023
2025-11,Антошка,DJ09231,1.0,3.8076298
2025-12,Антошка,DJ09231,10.0,10.062959
2026-01,Антошка,DJ09231,0.0,0.0
2026-02,Антошка,DJ09231,4.0,1.1822817
2025-07,БІ,DJ09231,11.0,14.698465
2025-08,БІ,DJ09231,22.0,12.696601
2025-09,БІ,DJ09231,12.0,15.930064
2025-10,БІ,DJ09231,50.0,17.158098
2025-11,БІ,DJ09231,20.0,24.034637
2025-12,БІ,DJ09231,53.0,57.49743
2026-01,БІ,DJ09231,22.0,24.422735
2026-02,БІ,DJ09231,12.0,5.0631504
2025-07,Еліпс,DJ09231,0.0,0.0
2025-08,Еліпс,DJ09231,0.0,0.0
2025-09,Еліпс,DJ09231,1.0,1.9527448
2025-10,Еліпс,DJ09231,0.0,0.0
2025-11,Еліпс,DJ09231,0.0,0.0
2025-12,Еліпс,DJ09231,0.0,0.0
2026-01,Еліпс,DJ09231,0.0,0.0
2026-02,Еліпс,DJ09231,0.0,0.0
2025-07,МайПлей,DJ09231,0.0,1.2630898
2025-08,МайПлей,DJ09231,3.0,0.7934373
2025-09,МайПлей,DJ09231,1.0,1.3284907
2025-10,МайПлей,DJ09231,5.0,1.7997732
2025-11,МайПлей,DJ09231,0.0,0.0
2025-12,МайПлей,DJ09231,4.0,4.5382605
2026-01,МайПлей,DJ09231,2.0,3.5701158
2026-02,МайПлей,DJ09231,1.0,1.1032606
2025-07,ІМ-МауДау,DJ09232,0.0,0.5825111
2025-08,ІМ-МауДау,DJ09232,0.0,0.44823334
2025-09,ІМ-МауДау,DJ09232,0.0,0.3977017
2025-10,ІМ-МауДау,DJ09232,1.0,0.43560082
2025-11,ІМ-МауДау,DJ09232,0.0,0.6461069
2025-12,ІМ-МауДау,DJ09232,1.0,0.70195854
2026-01,ІМ-МауДау,DJ09232,0.0,0.24475574
2026-02,ІМ-МауДау,DJ09232,0.0,0.14757037
2025-07,ІМ-Розетка,DJ09232,1.0,1.1270462
2025-08,ІМ-Розетка,DJ09232,1.0,0.798316
2025-09,ІМ-Розетка,DJ09232,1.0,0.55135864
2025-10,ІМ-Розетка,DJ09232,0.0,0.46056882
2025-11,ІМ-Розетка,DJ09232,0.0,0.0
2025-12,ІМ-Розетка,DJ09232,0.0,0.6816263
2026-01,ІМ-Розетка,DJ09232,0.0,0.0
2026-02,ІМ-Розетка,DJ09232,0.0,0.0
2025-07,Акварель,DJ09232,13.0,12.874991
2025-08,Акварель,DJ09232,8.0,10.610812
2025-09,Акварель,DJ09232,5.0,8.122807
2025-10,Акварель,DJ09232,35.0,9.097705
2025-11,Акварель,DJ09232,13.0,15.187074
2025-12,Акварель,DJ09232,20.0,30.090868
2026-01,Акварель,DJ09232,7.0,8.107775
2026-02,Акварель,DJ09232,0.0,0.0
2025-07,Антошка,DJ09232,1.0,0.1748366
2025-08,Антошка,DJ09232,0.0,1.6176677
2025-09,Антошка,DJ09232,1.0,1.4001241
2025-10,Антошка,DJ09232,0.0,1.1649566
2025-11,Антошка,DJ09232,1.0,2.6765873
2025-12,Антошка,DJ09232,12.0,6.7675004
2026-01,Антошка,DJ09232,3.0,2.3810818
2026-02,Антошка,DJ09232,2.0,1.8690761
2025-07,БІ,DJ09232,16.0,13.99058
2025-08,БІ,DJ09232,16.0,13.440355
2025-09,БІ,DJ09232,10.0,11.817191
2025-10,БІ,DJ09232,26.0,10.932406
2025-11,БІ,DJ09232,25.0,21.188465
2025-12,БІ,DJ09232,52.0,53.568764
2026-01,БІ,DJ09232,22.0,25.195324
2026-02,БІ,DJ09232,17.0,8.331216
2025-07,МайПлей,DJ09232,0.0,1.2074432
2025-08,МайПлей,DJ09232,2.0,1.1687471
2025-09,МайПлей,DJ09232,0.0,1.4717085
2025-10,МайПлей,DJ09232,1.0,1.3104751
2025-11,МайПлей,DJ09232,1.0,1.3186144
2025-12,МайПлей,DJ09232,3.0,2.3611395
2026-01,МайПлей,DJ09232,2.0,3.374591
2026-02,МайПлей,DJ09232,1.0,0.99356765
2025-07,Мегамаркет,DJ09232,1.0,0.45279214
2025-08,Мегамаркет,DJ09232,0.0,0.5829594
2025-09,Мегамаркет,DJ09232,1.0,0.4076464
2025-10,Мегамаркет,DJ09232,0.0,0.5634499
2025-11,Мегамаркет,DJ09232,2.0,0.9904342
2025-12,Мегамаркет,DJ09232,0.0,0.6497996
2026-01,Мегамаркет,DJ09232,0.0,0.0
2026-02,Мегамаркет,DJ09232,0.0,0.0
2025-07,Смік,DJ09232,0.0,0.7023792
2025-08,Смік,DJ09232,1.0,1.0412868
2025-09,Смік,DJ09232,0.0,0.77477837
2025-10,Смік,DJ09232,4.0,0.7827948
2025-11,Смік,DJ09232,2.0,2.2237315
2025-12,Смік,DJ09232,5.0,3.4180284
2026-01,Смік,DJ09232,2.0,1.9248111
2026-02,Смік,DJ09232,0.0,0.0
2025-07,Акварель,DJ09265,2.0,0.4808909
2025-08,Акварель,DJ09265,1.0,1.5004811
2025-09,Акварель,DJ09265,0.0,0.0
2025-10,Акварель,DJ09265,0.0,0.0
2025-11,Акварель,DJ09265,0.0,0.0
2025-12,Акварель,DJ09265,0.0,0.0
2026-01,Акварель,DJ09265,0.0,0.0
2026-02,Акварель,DJ09265,0.0,0.0
2025-07,Акварель,DJ09268,2.0,2.0245543
2025-08,Акварель,DJ09268,0.0,0.0
2025-09,Акварель,DJ09268,0.0,0.0
2025-10,Акварель,DJ09268,0.0,0.0
2025-11,Акварель,DJ09268,0.0,0.0
2025-12,Акварель,DJ09268,1.0,1.9955285
2026-01,Акварель,DJ09268,2.0,1.0236045
2026-02,Акварель,DJ09268,0.0,0.0
2025-07,БІ,DJ09268,2.0,3.283086
2025-08,БІ,DJ09268,3.0,3.3646193
2025-09,БІ,DJ09268,4.0,2.9248853
2025-10,БІ,DJ09268,2.0,3.0451465
2025-11,БІ,DJ09268,4.0,2.692042
2025-12,БІ,DJ09268,3.0,6.6200843
2026-01,БІ,DJ09268,2.0,1.7067499
2026-02,БІ,DJ09268,3.0,1.605763
2025-07,ІМ-МауДау,DJ09272,0.0,0.26713037
2025-08,ІМ-МауДау,DJ09272,1.0,0.017319996
2025-09,ІМ-МауДау,DJ09272,0.0,0.2695276
2025-10,ІМ-МауДау,DJ09272,0.0,0.24129298
2025-11,ІМ-МауДау,DJ09272,1.0,0.7392299
2025-12,ІМ-МауДау,DJ09272,0.0,0.57305145
2026-01,ІМ-МауДау,DJ09272,1.0,0.3831325
2026-02,ІМ-МауДау,DJ09272,0.0,0.24891974
2025-07,ІМ-Розетка,DJ09272,2.0,1.0366663
2025-08,ІМ-Розетка,DJ09272,0.0,0.52070713
2025-09,ІМ-Розетка,DJ09272,0.0,0.94004023
2025-10,ІМ-Розетка,DJ09272,0.0,0.5078896
2025-11,ІМ-Розетка,DJ09272,1.0,0.3340502
2025-12,ІМ-Розетка,DJ09272,0.0,1.1279613
2026-01,ІМ-Розетка,DJ09272,0.0,0.3452763
2026-02,ІМ-Розетка,DJ09272,2.0,0.25600082
2025-07,Акварель,DJ09272,8.0,5.5805717
2025-08,Акварель,DJ09272,3.0,5.577935
2025-09,Акварель,DJ09272,3.0,3.9009976
2025-10,Акварель,DJ09272,2.0,4.7905164
2025-11,Акварель,DJ09272,3.0,4.9198756
2025-12,Акварель,DJ09272,7.0,7.7158833
2026-01,Акварель,DJ09272,7.0,4.413848
2026-02,Акварель,DJ09272,1.0,2.2468147
2025-07,Антошка,DJ09272,2.0,2.4741797
2025-08,Антошка,DJ09272,8.0,2.041722
2025-09,Антошка,DJ09272,3.0,2.1298854
2025-10,Антошка,DJ09272,0.0,2.322387
2025-11,Антошка,DJ09272,1.0,1.9519204
2025-12,Антошка,DJ09272,2.0,5.3023925
2026-01,Антошка,DJ09272,2.0,3.467939
2026-02,Антошка,DJ09272,1.0,0.9732471
2025-07,БІ,DJ09272,0.0,4.2318983
2025-08,БІ,DJ09272,5.0,5.096344
2025-09,БІ,DJ09272,4.0,5.287672
2025-10,БІ,DJ09272,5.0,7.045038
2025-11,БІ,DJ09272,12.0,7.0781326
2025-12,БІ,DJ09272,15.0,17.766277
2026-01,БІ,DJ09272,10.0,12.698077
2026-02,БІ,DJ09272,0.0,0.0
2025-07,Мегамаркет,DJ09272,0.0,0.5416093
2025-08,Мегамаркет,DJ09272,0.0,0.2509328
2025-09,Мегамаркет,DJ09272,0.0,0.24410205
2025-10,Мегамаркет,DJ09272,0.0,0.23836933
2025-11,Мегамаркет,DJ09272,3.0,0.31468952
2025-12,Мегамаркет,DJ09272,0.0,1.1336249
2026-01,Мегамаркет,DJ09272,0.0,0.3291832
2026-02,Мегамаркет,DJ09272,1.0,0.28557223
2025-07,ІМ-Кідіс,DJ09293,0.0,0.25439802
2025-08,ІМ-Кідіс,DJ09293,0.0,0.26338807
2025-09,ІМ-Кідіс,DJ09293,0.0,0.31363142
2025-10,ІМ-Кідіс,DJ09293,0.0,0.35650116
2025-11,ІМ-Кідіс,DJ09293,0.0,0.27415925
2025-12,ІМ-Кідіс,DJ09293,1.0,0.7280596
2026-01,ІМ-Кідіс,DJ09293,0.0,0.18434486
2026-02,ІМ-Кідіс,DJ09293,0.0,0.08733039
2025-07,ІМ-МауДау,DJ09293,0.0,0.1021637
2025-08,ІМ-МауДау,DJ09293,0.0,0.15119827
2025-09,ІМ-МауДау,DJ09293,1.0,1.1933149
2025-10,ІМ-МауДау,DJ09293,0.0,0.15132542
2025-11,ІМ-МауДау,DJ09293,0.0,0.14373848
2025-12,ІМ-МауДау,DJ09293,1.0,1.288337
2026-01,ІМ-МауДау,DJ09293,0.0,0.19197467
2026-02,ІМ-МауДау,DJ09293,0.0,0.08678207
2025-07,ІМ-Розетка,DJ09293,2.0,1.703383
2025-08,ІМ-Розетка,DJ09293,3.0,1.8628074
2025-09,ІМ-Розетка,DJ09293,5.0,1.5800655
2025-10,ІМ-Розетка,DJ09293,1.0,3.1226132
2025-11,ІМ-Розетка,DJ09293,8.0,2.150111
2025-12,ІМ-Розетка,DJ09293,3.0,10.4351225
2026-01,ІМ-Розетка,DJ09293,1.0,1.5976999
2026-02,ІМ-Розетка,DJ09293,1.0,1.1891085
2025-07,Акварель,DJ09293,1.0,1.7066473
2025-08,Акварель,DJ09293,0.0,1.9729227
2025-09,Акварель,DJ09293,1.0,1.526209
2025-10,Акварель,DJ09293,0.0,1.829621
2025-11,Акварель,DJ09293,7.0,2.4906914
2025-12,Акварель,DJ09293,9.0,9.024917
2026-01,Акварель,DJ09293,4.0,8.4344425
2026-02,Акварель,DJ09293,2.0,2.5405319
2025-07,Антошка,DJ09293,3.0,1.4390022
2025-08,Антошка,DJ09293,1.0,1.7717919
2025-09,Антошка,DJ09293,0.0,1.8886994
2025-10,Антошка,DJ09293,7.0,1.5596375
2025-11,Антошка,DJ09293,9.0,3.6253428
2025-12,Антошка,DJ09293,14.0,17.940649
2026-01,Антошка,DJ09293,7.0,8.213918
2026-02,Антошка,DJ09293,7.0,2.0782466
2025-07,БІ,DJ09293,28.0,21.584192
2025-08,БІ,DJ09293,28.0,28.658865
2025-09,БІ,DJ09293,22.0,26.230736
2025-10,БІ,DJ09293,38.0,26.100845
2025-11,БІ,DJ09293,39.0,31.431396
2025-12,БІ,DJ09293,91.0,82.60694
2026-01,БІ,DJ09293,34.0,23.62068
2026-02,БІ,DJ09293,27.0,11.29743
2025-07,МайПлей,DJ09293,0.0,0.46176574
2025-08,МайПлей,DJ09293,1.0,0.4102069
2025-09,МайПлей,DJ09293,1.0,0.85520047
2025-10,МайПлей,DJ09293,3.0,1.1549661
2025-11,МайПлей,DJ09293,3.0,2.1420898
2025-12,МайПлей,DJ09293,4.0,8.155689
2026-01,МайПлей,DJ09293,4.0,2.7867696
2026-02,МайПлей,DJ09293,0.0,0.0
2025-07,Мегамаркет,DJ09293,0.0,0.36921966
2025-08,Мегамаркет,DJ09293,0.0,0.34288087
2025-09,Мегамаркет,DJ09293,1.0,0.36902133
2025-10,Мегамаркет,DJ09293,3.0,0.6556732
2025-11,Мегамаркет,DJ09293,1.0,1.1329564
2025-12,Мегамаркет,DJ09293,2.0,1.3817621
2026-01,Мегамаркет,DJ09293,1.0,1.0204437
2026-02,Мегамаркет,DJ09293,1.0,0.18853797
2025-07,ІМ-Розетка,DJ09294,0.0,0.46265343
2025-08,ІМ-Розетка,DJ09294,1.0,0.40281674
2025-09,ІМ-Розетка,DJ09294,0.0,0.7247792
2025-10,ІМ-Розетка,DJ09294,0.0,0.64184326
2025-11,ІМ-Розетка,DJ09294,1.0,0.58950645
2025-12,ІМ-Розетка,DJ09294,1.0,1.9491006
2026-01,ІМ-Розетка,DJ09294,1.0,0.7475859
2026-02,ІМ-Розетка,DJ09294,1.0,0.82817936
2025-07,Акварель,DJ09294,1.0,0.8940197
2025-08,Акварель,DJ09294,0.0,1.5418848
2025-09,Акварель,DJ09294,0.0,0.6471137
2025-10,Акварель,DJ09294,5.0,1.2934251
2025-11,Акварель,DJ09294,1.0,2.9325051
2025-12,Акварель,DJ09294,6.0,4.6546474
2026-01,Акварель,DJ09294,0.0,0.0
2026-02,Акварель,DJ09294,2.0,0.99844474
2025-07,БІ,DJ09294,7.0,10.661308
2025-08,БІ,DJ09294,7.0,8.002377
2025-09,БІ,DJ09294,10.0,7.8346605
2025-10,БІ,DJ09294,15.0,10.91041
2025-11,БІ,DJ09294,12.0,14.161658
2025-12,БІ,DJ09294,37.0,20.835667
2026-01,БІ,DJ09294,10.0,6.021636
2026-02,БІ,DJ09294,5.0,2.7581818
2025-07,Епіцентр,DJ09294,3.0,0.6703785
2025-08,Епіцентр,DJ09294,1.0,0.8405385
2025-09,Епіцентр,DJ09294,0.0,1.0842044
2025-10,Епіцентр,DJ09294,0.0,0.6239284
2025-11,Епіцентр,DJ09294,0.0,0.6083433
2025-12,Епіцентр,DJ09294,1.0,0.9782352
2026-01,Епіцентр,DJ09294,0.0,0.19756845
2026-02,Епіцентр,DJ09294,0.0,0.08278066
2025-07,МайПлей,DJ09294,2.0,0.62869066
2025-08,МайПлей,DJ09294,3.0,0.5950861
2025-09,МайПлей,DJ09294,1.0,0.74700254
2025-10,МайПлей,DJ09294,4.0,1.8316302
2025-11,МайПлей,DJ09294,3.0,3.1819196
2025-12,МайПлей,DJ09294,1.0,4.8721185
2026-01,МайПлей,DJ09294,3.0,1.6361545
2026-02,МайПлей,DJ09294,0.0,0.0
2025-07,Акварель,DJ09311,1.0,1.1786988
2025-08,Акварель,DJ09311,0.0,0.0
2025-09,Акварель,DJ09311,0.0,0.0
2025-10,Акварель,DJ09311,0.0,0.0
2025-11,Акварель,DJ09311,1.0,1.2079021
2025-12,Акварель,DJ09311,1.0,2.0884259
2026-01,Акварель,DJ09311,0.0,0.0
2026-02,Акварель,DJ09311,2.0,0.71100825
2025-07,ІМ-Розетка,DJ09312,0.0,0.24830484
2025-08,ІМ-Розетка,DJ09312,0.0,0.2854988
2025-09,ІМ-Розетка,DJ09312,2.0,0.82873863
2025-10,ІМ-Розетка,DJ09312,0.0,0.039559245
2025-11,ІМ-Розетка,DJ09312,0.0,0.015254623
2025-12,ІМ-Розетка,DJ09312,0.0,0.12156503
2026-01,ІМ-Розетка,DJ09312,0.0,0.01735425
2026-02,ІМ-Розетка,DJ09312,0.0,0.019587422
2025-07,Акварель,DJ09312,2.0,0.89462215
2025-08,Акварель,DJ09312,1.0,0.7694968
2025-09,Акварель,DJ09312,0.0,1.0815446
2025-10,Акварель,DJ09312,1.0,0.5890353
2025-11,Акварель,DJ09312,0.0,0.65626454
2025-12,Акварель,DJ09312,0.0,1.676251
2026-01,Акварель,DJ09312,0.0,0.0
2026-02,Акварель,DJ09312,1.0,0.437856
2025-07,МайПлей,DJ09312,0.0,0.36142522
2025-08,МайПлей,DJ09312,0.0,0.22936718
2025-09,МайПлей,DJ09312,1.0,0.24269353
2025-10,МайПлей,DJ09312,1.0,0.24613594
2025-11,МайПлей,DJ09312,0.0,0.24174355
2025-12,МайПлей,DJ09312,0.0,0.9083776
2026-01,МайПлей,DJ09312,0.0,0.0
2026-02,МайПлей,DJ09312,0.0,0.0
2025-07,Мегамаркет,DJ09312,0.0,0.2666766
2025-08,Мегамаркет,DJ09312,0.0,0.23975338
2025-09,Мегамаркет,DJ09312,1.0,0.25858966
2025-10,Мегамаркет,DJ09312,1.0,0.2661241
2025-11,Мегамаркет,DJ09312,0.0,0.2682285
2025-12,Мегамаркет,DJ09312,0.0,0.44334206
2026-01,Мегамаркет,DJ09312,0.0,0.09159228
2026-02,Мегамаркет,DJ09312,0.0,0.04604544
2025-07,Акварель,DJ09314,0.0,0.0
2025-08,Акварель,DJ09314,0.0,0.0
2025-09,Акварель,DJ09314,0.0,0.0
2025-10,Акварель,DJ09314,0.0,0.0
2025-11,Акварель,DJ09314,1.0,0.83003974
2025-12,Акварель,DJ09314,2.0,1.5126156
2026-01,Акварель,DJ09314,1.0,0.85132796
2026-02,Акварель,DJ09314,0.0,0.0
2025-07,БІ,DJ09320,1.0,1.3081709
2025-08,БІ,DJ09320,0.0,0.0
2025-09,БІ,DJ09320,0.0,0.0
2025-10,БІ,DJ09320,0.0,0.0
2025-11,БІ,DJ09320,2.0,1.1743728
2025-12,БІ,DJ09320,2.0,1.8484577
2026-01,БІ,DJ09320,0.0,0.0
2026-02,БІ,DJ09320,0.0,0.0
2025-07,ІМ-Розетка,DJ09330,2.0,1.0095317
2025-08,ІМ-Розетка,DJ09330,6.0,1.3578014
2025-09,ІМ-Розетка,DJ09330,0.0,3.6496146
2025-10,ІМ-Розетка,DJ09330,2.0,0.14577606
2025-11,ІМ-Розетка,DJ09330,5.0,2.586843
2025-12,ІМ-Розетка,DJ09330,5.0,7.1538324
2026-01,ІМ-Розетка,DJ09330,3.0,3.2287068
2026-02,ІМ-Розетка,DJ09330,0.0,0.0
2025-07,Акварель,DJ09330,1.0,2.0367856
2025-08,Акварель,DJ09330,2.0,2.3739967
2025-09,Акварель,DJ09330,0.0,2.2306838
2025-10,Акварель,DJ09330,5.0,1.785374
2025-11,Акварель,DJ09330,5.0,4.4666348
2025-12,Акварель,DJ09330,12.0,13.724212
2026-01,Акварель,DJ09330,7.0,7.189018
2026-02,Акварель,DJ09330,2.0,2.3480108
2025-07,Антошка,DJ09330,0.0,0.9603956
2025-08,Антошка,DJ09330,1.0,0.9108983
2025-09,Антошка,DJ09330,1.0,1.3446201
2025-10,Антошка,DJ09330,1.0,1.6377426
2025-11,Антошка,DJ09330,1.0,1.364729
2025-12,Антошка,DJ09330,6.0,10.293085
2026-01,Антошка,DJ09330,5.0,5.4170623
2026-02,Антошка,DJ09330,4.0,1.6029832
2025-07,БІ,DJ09330,18.0,7.9823833
2025-08,БІ,DJ09330,9.0,14.245905
2025-09,БІ,DJ09330,10.0,11.313954
2025-10,БІ,DJ09330,15.0,13.877048
2025-11,БІ,DJ09330,24.0,17.994833
2025-12,БІ,DJ09330,50.0,63.321888
2026-01,БІ,DJ09330,23.0,23.385744
2026-02,БІ,DJ09330,9.0,5.987505
2025-07,МайПлей,DJ09330,0.0,0.991603
2025-08,МайПлей,DJ09330,1.0,0.67031956
2025-09,МайПлей,DJ09330,0.0,0.9432561
2025-10,МайПлей,DJ09330,2.0,0.724225
2025-11,МайПлей,DJ09330,3.0,1.4250789
2025-12,МайПлей,DJ09330,3.0,4.6144977
2026-01,МайПлей,DJ09330,1.0,3.2740662
2026-02,МайПлей,DJ09330,2.0,1.3438612
2025-07,Озерова ФОП,DJ09330,0.0,0.0
2025-08,Озерова ФОП,DJ09330,0.0,0.019747976
2025-09,Озерова ФОП,DJ09330,0.0,0.013285137
2025-10,Озерова ФОП,DJ09330,1.0,1.2350754
2025-11,Озерова ФОП,DJ09330,3.0,1.4528494
2025-12,Озерова ФОП,DJ09330,1.0,2.85022
2026-01,Озерова ФОП,DJ09330,0.0,0.0
2026-02,Озерова ФОП,DJ09330,0.0,0.0
2025-07,ІМ-Розетка,DJ09331,0.0,1.0612403
2025-08,ІМ-Розетка,DJ09331,2.0,0.6223846
2025-09,ІМ-Розетка,DJ09331,0.0,1.0882344
2025-10,ІМ-Розетка,DJ09331,1.0,0.7090068
2025-11,ІМ-Розетка,DJ09331,3.0,1.3857614
2025-12,ІМ-Розетка,DJ09331,11.0,6.274718
2026-01,ІМ-Розетка,DJ09331,0.0,0.0
2026-02,ІМ-Розетка,DJ09331,3.0,0.907412
2025-07,Акварель,DJ09331,1.0,1.4882145
2025-08,Акварель,DJ09331,0.0,2.0126305
2025-09,Акварель,DJ09331,4.0,1.6249042
2025-10,Акварель,DJ09331,2.0,2.6797318
2025-11,Акварель,DJ09331,5.0,2.4116275
2025-12,Акварель,DJ09331,2.0,10.315606
2026-01,Акварель,DJ09331,2.0,1.7320088
2026-02,Акварель,DJ09331,1.0,1.5975178
2025-07,Антошка,DJ09331,0.0,0.63184726
2025-08,Антошка,DJ09331,1.0,0.71418303
2025-09,Антошка,DJ09331,1.0,0.8548607
2025-10,Антошка,DJ09331,0.0,1.1740826
2025-11,Антошка,DJ09331,0.0,0.9257376
2025-12,Антошка,DJ09331,2.0,2.632146
2026-01,Антошка,DJ09331,0.0,0.0
2026-02,Антошка,DJ09331,0.0,0.0
2025-07,БІ,DJ09331,5.0,6.165138
2025-08,БІ,DJ09331,4.0,9.246302
2025-09,БІ,DJ09331,9.0,7.160548
2025-10,БІ,DJ09331,6.0,10.080314
2025-11,БІ,DJ09331,11.0,9.760732
2025-12,БІ,DJ09331,28.0,26.144331
2026-01,БІ,DJ09331,12.0,5.076666
2026-02,БІ,DJ09331,8.0,2.9634252
2025-07,МайПлей,DJ09331,0.0,0.76117367
2025-08,МайПлей,DJ09331,1.0,0.7658168
2025-09,МайПлей,DJ09331,2.0,0.7113862
2025-10,МайПлей,DJ09331,1.0,0.90216225
2025-11,МайПлей,DJ09331,1.0,1.9903874
2025-12,МайПлей,DJ09331,1.0,4.9908957
2026-01,МайПлей,DJ09331,1.0,1.2279505
2026-02,МайПлей,DJ09331,2.0,1.1352589
2025-07,ІМ-Розетка,DJ09332,1.0,2.3480856
2025-08,ІМ-Розетка,DJ09332,0.0,0.46758124
2025-09,ІМ-Розетка,DJ09332,5.0,2.2686858
2025-10,ІМ-Розетка,DJ09332,8.0,5.2036285
2025-11,ІМ-Розетка,DJ09332,10.0,7.0281014
2025-12,ІМ-Розетка,DJ09332,26.0,27.28579
2026-01,ІМ-Розетка,DJ09332,8.0,7.5455613
2026-02,ІМ-Розетка,DJ09332,0.0,0.0
2025-07,Акварель,DJ09332,1.0,3.228618
2025-08,Акварель,DJ09332,3.0,3.4044673
2025-09,Акварель,DJ09332,3.0,2.7557583
2025-10,Акварель,DJ09332,7.0,3.767716
2025-11,Акварель,DJ09332,6.0,3.9088976
2025-12,Акварель,DJ09332,12.0,17.126076
2026-01,Акварель,DJ09332,6.0,9.957917
2026-02,Акварель,DJ09332,3.0,1.9988412
2025-07,Антошка,DJ09332,0.0,2.2009754
2025-08,Антошка,DJ09332,0.0,1.7912803
2025-09,Антошка,DJ09332,1.0,1.5720319
2025-10,Антошка,DJ09332,3.0,2.4572961
2025-11,Антошка,DJ09332,5.0,4.05146
2025-12,Антошка,DJ09332,11.0,17.09488
2026-01,Антошка,DJ09332,6.0,4.89412
2026-02,Антошка,DJ09332,2.0,1.8779513
2025-07,БІ,DJ09332,19.0,28.278976
2025-08,БІ,DJ09332,22.0,26.550884
2025-09,БІ,DJ09332,21.0,25.708298
2025-10,БІ,DJ09332,37.0,38.583103
2025-11,БІ,DJ09332,58.0,39.834484
2025-12,БІ,DJ09332,116.0,111.391
2026-01,БІ,DJ09332,49.0,32.82738
2026-02,БІ,DJ09332,35.0,15.959291
2025-07,МайПлей,DJ09332,0.0,1.1385369
2025-08,МайПлей,DJ09332,1.0,1.2244849
2025-09,МайПлей,DJ09332,1.0,0.9827439
2025-10,МайПлей,DJ09332,4.0,1.3887959
2025-11,МайПлей,DJ09332,4.0,2.7660553
2025-12,МайПлей,DJ09332,3.0,10.232753
2026-01,МайПлей,DJ09332,4.0,2.0726209
2026-02,МайПлей,DJ09332,0.0,0.0
2025-07,Мегамаркет,DJ09332,0.0,0.5365523
2025-08,Мегамаркет,DJ09332,0.0,0.39111796
2025-09,Мегамаркет,DJ09332,1.0,0.42134106
2025-10,Мегамаркет,DJ09332,1.0,0.40936255
2025-11,Мегамаркет,DJ09332,0.0,0.5264295
2025-12,Мегамаркет,DJ09332,2.0,0.8336797
2026-01,Мегамаркет,DJ09332,0.0,1.5300038
2026-02,Мегамаркет,DJ09332,0.0,0.13427672
2025-07,ІМ-Розетка,DJ09348,1.0,0.53355056
2025-08,ІМ-Розетка,DJ09348,0.0,0.7136845
2025-09,ІМ-Розетка,DJ09348,0.0,0.48904696
2025-10,ІМ-Розетка,DJ09348,0.0,0.47191164
2025-11,ІМ-Розетка,DJ09348,0.0,0.4196461
2025-12,ІМ-Розетка,DJ09348,1.0,0.50628275
2026-01,ІМ-Розетка,DJ09348,0.0,0.0
2026-02,ІМ-Розетка,DJ09348,0.0,0.0
2025-07,Акварель,DJ09348,0.0,1.2145272
2025-08,Акварель,DJ09348,1.0,2.4420555
2025-09,Акварель,DJ09348,1.0,1.7398506
2025-10,Акварель,DJ09348,1.0,1.8246827
2025-11,Акварель,DJ09348,2.0,1.9124643
2025-12,Акварель,DJ09348,6.0,3.9981792
2026-01,Акварель,DJ09348,6.0,1.6335441
2026-02,Акварель,DJ09348,4.0,2.0875673
2025-07,БІ,DJ09348,3.0,3.4512901
2025-08,БІ,DJ09348,5.0,8.415914
2025-09,БІ,DJ09348,6.0,6.131899
2025-10,БІ,DJ09348,12.0,6.974718
2025-11,БІ,DJ09348,11.0,11.269565
2025-12,БІ,DJ09348,31.0,19.983755
2026-01,БІ,DJ09348,8.0,4.9953156
2026-02,БІ,DJ09348,2.0,2.6339788
2025-07,Епіцентр,DJ09348,0.0,0.61938584
2025-08,Епіцентр,DJ09348,0.0,0.7946402
2025-09,Епіцентр,DJ09348,0.0,0.4625237
2025-10,Епіцентр,DJ09348,0.0,0.6515816
2025-11,Епіцентр,DJ09348,0.0,0.57225513
2025-12,Епіцентр,DJ09348,2.0,0.79028803
2026-01,Епіцентр,DJ09348,1.0,0.8929694
2026-02,Епіцентр,DJ09348,0.0,0.0
2025-07,МайПлей,DJ09348,0.0,0.40060627
2025-08,МайПлей,DJ09348,0.0,0.4356673
2025-09,МайПлей,DJ09348,0.0,0.48539892
2025-10,МайПлей,DJ09348,0.0,0.54103065
2025-11,МайПлей,DJ09348,1.0,0.5490323
2025-12,МайПлей,DJ09348,1.0,1.5487243
2026-01,МайПлей,DJ09348,0.0,0.0
2026-02,МайПлей,DJ09348,2.0,0.7921203
2025-07,Антошка,DJ09373,1.0,0.6421571
2025-08,Антошка,DJ09373,0.0,0.6805387
2025-09,Антошка,DJ09373,0.0,0.6145924
2025-10,Антошка,DJ09373,0.0,0.58728313
2025-11,Антошка,DJ09373,1.0,0.48352435
2025-12,Антошка,DJ09373,1.0,1.9028885
2026-01,Антошка,DJ09373,0.0,0.2540328
2026-02,Антошка,DJ09373,0.0,0.11026289
2025-07,БІ,DJ09373,1.0,2.4858532
2025-08,БІ,DJ09373,2.0,2.2691784
2025-09,БІ,DJ09373,0.0,1.9505924
2025-10,БІ,DJ09373,1.0,1.5832598
2025-11,БІ,DJ09373,3.0,1.594362
2025-12,БІ,DJ09373,7.0,6.469649
2026-01,БІ,DJ09373,0.0,0.0
2026-02,БІ,DJ09373,1.0,1.3092588
2025-07,ІМ-Розетка,DJ09381,0.0,0.009519317
2025-08,ІМ-Розетка,DJ09381,0.0,0.019527126
2025-09,ІМ-Розетка,DJ09381,0.0,0.049362984
2025-10,ІМ-Розетка,DJ09381,1.0,0.5946927
2025-11,ІМ-Розетка,DJ09381,4.0,1.3228687
2025-12,ІМ-Розетка,DJ09381,5.0,3.9056425
2026-01,ІМ-Розетка,DJ09381,1.0,1.4546257
2026-02,ІМ-Розетка,DJ09381,0.0,0.2504298
2025-07,Акварель,DJ09381,4.0,1.627624
2025-08,Акварель,DJ09381,1.0,2.5427113
2025-09,Акварель,DJ09381,1.0,2.7009773
2025-10,Акварель,DJ09381,4.0,1.9028428
2025-11,Акварель,DJ09381,2.0,1.7913626
2025-12,Акварель,DJ09381,13.0,6.302016
2026-01,Акварель,DJ09381,2.0,3.3371627
2026-02,Акварель,DJ09381,2.0,3.5157337
2025-07,Антошка,DJ09381,0.0,0.73751277
2025-08,Антошка,DJ09381,1.0,0.68206984
2025-09,Антошка,DJ09381,0.0,1.1200683
2025-10,Антошка,DJ09381,0.0,0.7438574
2025-11,Антошка,DJ09381,2.0,0.93074036
2025-12,Антошка,DJ09381,1.0,4.9171686
2026-01,Антошка,DJ09381,1.0,4.5982866
2026-02,Антошка,DJ09381,1.0,1.362479
2025-07,БІ,DJ09381,4.0,5.4118814
2025-08,БІ,DJ09381,7.0,8.384032
2025-09,БІ,DJ09381,12.0,7.5946717
2025-10,БІ,DJ09381,11.0,13.231623
2025-11,БІ,DJ09381,16.0,12.741647
2025-12,БІ,DJ09381,27.0,36.134235
2026-01,БІ,DJ09381,7.0,6.9973893
2026-02,БІ,DJ09381,7.0,2.745746
2025-07,Віват Канцелярія,DJ09381,1.0,0.6353057
2025-08,Віват Канцелярія,DJ09381,1.0,1.0450913
2025-09,Віват Канцелярія,DJ09381,2.0,1.0192261
2025-10,Віват Канцелярія,DJ09381,2.0,1.277561
2025-11,Віват Канцелярія,DJ09381,0.0,1.1383492
2025-12,Віват Канцелярія,DJ09381,1.0,3.3942025
2026-01,Віват Канцелярія,DJ09381,2.0,0.86799026
2026-02,Віват Канцелярія,DJ09381,0.0,0.5776437
2025-07,МайПлей,DJ09381,2.0,0.5846659
2025-08,МайПлей,DJ09381,0.0,0.6555715
2025-09,МайПлей,DJ09381,0.0,0.8615126
2025-10,МайПлей,DJ09381,1.0,0.6326933
2025-11,МайПлей,DJ09381,1.0,0.51072454
2025-12,МайПлей,DJ09381,1.0,2.0152247
2026-01,МайПлей,DJ09381,2.0,0.44054767
2026-02,МайПлей,DJ09381,0.0,0.37366176
2025-07,ІМ-Розетка,DJ09409,0.0,1.066255
2025-08,ІМ-Розетка,DJ09409,0.0,0.38062304
2025-09,ІМ-Розетка,DJ09409,0.0,0.897443
2025-10,ІМ-Розетка,DJ09409,3.0,1.1967075
2025-11,ІМ-Розетка,DJ09409,0.0,1.9467835
2025-12,ІМ-Розетка,DJ09409,6.0,3.6115718
2026-01,ІМ-Розетка,DJ09409,0.0,0.0
2026-02,ІМ-Розетка,DJ09409,0.0,0.0
2025-07,Акварель,DJ09409,2.0,1.55535
2025-08,Акварель,DJ09409,0.0,2.280532
2025-09,Акварель,DJ09409,3.0,1.072671
2025-10,Акварель,DJ09409,5.0,2.544867
2025-11,Акварель,DJ09409,4.0,3.3035753
2025-12,Акварель,DJ09409,13.0,7.1047215
2026-01,Акварель,DJ09409,4.0,1.9075501
2026-02,Акварель,DJ09409,7.0,1.9977303
2025-07,Антошка,DJ09409,0.0,0.53824294
2025-08,Антошка,DJ09409,0.0,0.57759565
2025-09,Антошка,DJ09409,1.0,0.56683075
2025-10,Антошка,DJ09409,1.0,0.8674918
2025-11,Антошка,DJ09409,2.0,0.7475166
2025-12,Антошка,DJ09409,3.0,1.6357735
2026-01,Антошка,DJ09409,0.0,0.0
2026-02,Антошка,DJ09409,0.0,0.0
2025-07,БІ,DJ09409,9.0,10.846405
2025-08,БІ,DJ09409,8.0,10.275265
2025-09,БІ,DJ09409,7.0,9.833168
2025-10,БІ,DJ09409,11.0,8.486994
2025-11,БІ,DJ09409,16.0,9.8483715
2025-12,БІ,DJ09409,31.0,26.648434
2026-01,БІ,DJ09409,5.0,5.7225876
2026-02,БІ,DJ09409,1.0,2.50557
2025-07,МайПлей,DJ09409,1.0,0.5229027
2025-08,МайПлей,DJ09409,1.0,0.540715
2025-09,МайПлей,DJ09409,1.0,0.5154331
2025-10,МайПлей,DJ09409,2.0,0.6478129
2025-11,МайПлей,DJ09409,0.0,0.7898541
2025-12,МайПлей,DJ09409,0.0,0.0
2026-01,МайПлей,DJ09409,2.0,0.6527834
2026-02,МайПлей,DJ09409,2.0,0.7881146
2025-07,ІМ-Розетка,DJ09422,1.0,0.67795485
2025-08,ІМ-Розетка,DJ09422,1.0,0.2574435
2025-09,ІМ-Розетка,DJ09422,0.0,0.6809045
2025-10,ІМ-Розетка,DJ09422,0.0,0.4270162
2025-11,ІМ-Розетка,DJ09422,1.0,0.24023576
2025-12,ІМ-Розетка,DJ09422,0.0,0.86689544
2026-01,ІМ-Розетка,DJ09422,0.0,0.0
2026-02,ІМ-Розетка,DJ09422,0.0,0.0
2025-07,Акварель,DJ09422,0.0,1.8588797
2025-08,Акварель,DJ09422,1.0,1.8229121
2025-09,Акварель,DJ09422,1.0,1.9027364
2025-10,Акварель,DJ09422,1.0,2.4177482
2025-11,Акварель,DJ09422,2.0,1.9458714
2025-12,Акварель,DJ09422,3.0,3.5528486
2026-01,Акварель,DJ09422,1.0,1.2454182
2026-02,Акварель,DJ09422,4.0,1.2841746
2025-07,БІ,DJ09422,3.0,8.388811
2025-08,БІ,DJ09422,6.0,6.488593
2025-09,БІ,DJ09422,8.0,7.244408
2025-10,БІ,DJ09422,15.0,8.559727
2025-11,БІ,DJ09422,16.0,13.215663
2025-12,БІ,DJ09422,16.0,20.595293
2026-01,БІ,DJ09422,11.0,4.5999627
2026-02,БІ,DJ09422,1.0,4.472255
2025-07,МайПлей,DJ09422,0.0,0.4681805
2025-08,МайПлей,DJ09422,1.0,0.24067688
2025-09,МайПлей,DJ09422,1.0,0.5263457
2025-10,МайПлей,DJ09422,2.0,0.731371
2025-11,МайПлей,DJ09422,0.0,0.7855323
2025-12,МайПлей,DJ09422,3.0,1.4115223
2026-01,МайПлей,DJ09422,0.0,0.0
2026-02,МайПлей,DJ09422,2.0,0.7452528
2025-07,ІМ-Розетка,DJ09425,1.0,0.5039469
2025-08,ІМ-Розетка,DJ09425,3.0,0.8390819
2025-09,ІМ-Розетка,DJ09425,0.0,0.8001386
2025-10,ІМ-Розетка,DJ09425,0.0,0.7683089
2025-11,ІМ-Розетка,DJ09425,1.0,0.09272855
2025-12,ІМ-Розетка,DJ09425,3.0,3.9181855
2026-01,ІМ-Розетка,DJ09425,1.0,0.89591146
2026-02,ІМ-Розетка,DJ09425,0.0,0.0
2025-07,Акварель,DJ09425,0.0,2.5797954
2025-08,Акварель,DJ09425,0.0,1.8707498
2025-09,Акварель,DJ09425,0.0,1.0980476
2025-10,Акварель,DJ09425,3.0,1.4871182
2025-11,Акварель,DJ09425,1.0,2.618013
2025-12,Акварель,DJ09425,5.0,7.9024067
2026-01,Акварель,DJ09425,5.0,1.9283041
2026-02,Акварель,DJ09425,0.0,0.0
2025-07,Антошка,DJ09425,0.0,0.4127184
2025-08,Антошка,DJ09425,0.0,0.372586
2025-09,Антошка,DJ09425,2.0,0.089002036
2025-10,Антошка,DJ09425,0.0,0.33477783
2025-11,Антошка,DJ09425,1.0,0.85927796
2025-12,Антошка,DJ09425,6.0,7.2057834
2026-01,Антошка,DJ09425,5.0,6.059384
2026-02,Антошка,DJ09425,2.0,1.3030123
2025-07,БІ,DJ09425,13.0,12.092665
2025-08,БІ,DJ09425,14.0,15.326919
2025-09,БІ,DJ09425,8.0,13.611079
2025-10,БІ,DJ09425,13.0,15.934957
2025-11,БІ,DJ09425,27.0,17.57091
2025-12,БІ,DJ09425,68.0,59.829464
2026-01,БІ,DJ09425,25.0,13.008937
2026-02,БІ,DJ09425,19.0,6.280631
2025-07,МайПлей,DJ09425,1.0,0.61439955
2025-08,МайПлей,DJ09425,1.0,0.66077
2025-09,МайПлей,DJ09425,2.0,0.7417749
2025-10,МайПлей,DJ09425,1.0,1.5897154
2025-11,МайПлей,DJ09425,0.0,1.2855697
2025-12,МайПлей,DJ09425,4.0,3.720911
2026-01,МайПлей,DJ09425,0.0,0.0
2026-02,МайПлей,DJ09425,1.0,0.699484
2025-07,Акварель,DJ09436,4.0,2.5427923
2025-08,Акварель,DJ09436,2.0,2.7158701
2025-09,Акварель,DJ09436,4.0,2.3924928
2025-10,Акварель,DJ09436,3.0,3.1271367
2025-11,Акварель,DJ09436,5.0,2.972501
2025-12,Акварель,DJ09436,12.0,6.7520533
2026-01,Акварель,DJ09436,10.0,1.4593827
2026-02,Акварель,DJ09436,6.0,2.536331
2025-07,БІ,DJ09436,5.0,6.1402164
2025-08,БІ,DJ09436,7.0,7.098857
2025-09,БІ,DJ09436,5.0,5.902411
2025-10,БІ,DJ09436,7.0,5.8335013
2025-11,БІ,DJ09436,8.0,6.295081
2025-12,БІ,DJ09436,20.0,12.963638
2026-01,БІ,DJ09436,3.0,2.4791172
2026-02,БІ,DJ09436,5.0,1.6691803
2025-07,БІ,DJ09437,4.0,4.197099
2025-08,БІ,DJ09437,5.0,4.6549473
2025-09,БІ,DJ09437,4.0,5.2210317
2025-10,БІ,DJ09437,21.0,5.2287593
2025-11,БІ,DJ09437,6.0,10.108856
2025-12,БІ,DJ09437,0.0,0.0
2026-01,БІ,DJ09437,0.0,0.0
2026-02,БІ,DJ09437,0.0,0.0
2025-07,Акварель,DJ09460,0.0,0.0
2025-08,Акварель,DJ09460,1.0,1.2048516
2025-09,Акварель,DJ09460,0.0,0.0
2025-10,Акварель,DJ09460,3.0,1.4667842
2025-11,Акварель,DJ09460,1.0,1.4252559
2025-12,Акварель,DJ09460,1.0,2.3512883
2026-01,Акварель,DJ09460,0.0,0.0
2026-02,Акварель,DJ09460,0.0,0.0
2025-07,Акварель,DJ09461,0.0,0.0
2025-08,Акварель,DJ09461,0.0,0.0
2025-09,Акварель,DJ09461,1.0,1.6333272
2025-10,Акварель,DJ09461,0.0,0.0
2025-11,Акварель,DJ09461,0.0,0.0
2025-12,Акварель,DJ09461,1.0,1.4551929
2026-01,Акварель,DJ09461,0.0,0.0
2026-02,Акварель,DJ09461,0.0,0.0
2025-07,Акварель,DJ09462,0.0,0.0
2025-08,Акварель,DJ09462,1.0,1.5695435
2025-09,Акварель,DJ09462,0.0,0.0
2025-10,Акварель,DJ09462,1.0,1.6533366
2025-11,Акварель,DJ09462,3.0,1.5221951
2025-12,Акварель,DJ09462,1.0,2.5328429
2026-01,Акварель,DJ09462,0.0,0.0
2026-02,Акварель,DJ09462,1.0,1.1058578
2025-07,ІМ-Розетка,DJ09463,7.0,0.82152385
2025-08,ІМ-Розетка,DJ09463,1.0,2.7976592
2025-09,ІМ-Розетка,DJ09463,0.0,0.0
2025-10,ІМ-Розетка,DJ09463,0.0,0.0
2025-11,ІМ-Розетка,DJ09463,0.0,0.0
2025-12,ІМ-Розетка,DJ09463,0.0,0.0
2026-01,ІМ-Розетка,DJ09463,0.0,0.0
2026-02,ІМ-Розетка,DJ09463,0.0,0.0
2025-07,Акварель,DJ09463,2.0,0.640095
2025-08,Акварель,DJ09463,0.0,1.210218
2025-09,Акварель,DJ09463,2.0,1.8306617
2025-10,Акварель,DJ09463,3.0,2.4987278
2025-11,Акварель,DJ09463,3.0,2.7443678
2025-12,Акварель,DJ09463,0.0,0.0
2026-01,Акварель,DJ09463,0.0,0.0
2026-02,Акварель,DJ09463,1.0,0.94671077
2025-07,Епіцентр,DJ09463,1.0,0.57447445
2025-08,Епіцентр,DJ09463,1.0,0.82702476
2025-09,Епіцентр,DJ09463,0.0,0.93634164
2025-10,Епіцентр,DJ09463,0.0,0.85137504
2025-11,Епіцентр,DJ09463,0.0,0.58917755
2025-12,Епіцентр,DJ09463,1.0,0.8014513
2026-01,Епіцентр,DJ09463,0.0,0.29691872
2026-02,Епіцентр,DJ09463,1.0,0.15837453
2025-07,МайПлей,DJ09463,0.0,0.5308149
2025-08,МайПлей,DJ09463,2.0,0.46108943
2025-09,МайПлей,DJ09463,1.0,1.3578694
2025-10,МайПлей,DJ09463,4.0,1.3915796
2025-11,МайПлей,DJ09463,1.0,2.1375601
2025-12,МайПлей,DJ09463,3.0,3.09935
2026-01,МайПлей,DJ09463,1.0,0.9705904
2026-02,МайПлей,DJ09463,3.0,1.2281336
2025-07,Мегамаркет,DJ09463,0.0,0.38414624
2025-08,Мегамаркет,DJ09463,0.0,0.39731258
2025-09,Мегамаркет,DJ09463,0.0,0.4026363
2025-10,Мегамаркет,DJ09463,0.0,0.3974755
2025-11,Мегамаркет,DJ09463,0.0,0.38196966
2025-12,Мегамаркет,DJ09463,1.0,0.35535794
2026-01,Мегамаркет,DJ09463,0.0,0.98449475
2026-02,Мегамаркет,DJ09463,1.0,0.11257574
2025-07,Акварель,DJ09465,0.0,0.0
2025-08,Акварель,DJ09465,1.0,0.6275163
2025-09,Акварель,DJ09465,1.0,1.5491213
2025-10,Акварель,DJ09465,2.0,1.3083909
2025-11,Акварель,DJ09465,0.0,0.0
2025-12,Акварель,DJ09465,1.0,2.1170933
2026-01,Акварель,DJ09465,0.0,0.0
2026-02,Акварель,DJ09465,0.0,0.0
2025-07,Мегамаркет,DJ09465,0.0,0.0
2025-08,Мегамаркет,DJ09465,0.0,0.0
2025-09,Мегамаркет,DJ09465,0.0,0.0
2025-10,Мегамаркет,DJ09465,0.0,0.0
2025-11,Мегамаркет,DJ09465,0.0,0.0
2025-12,Мегамаркет,DJ09465,0.0,0.0
2026-01,Мегамаркет,DJ09465,0.0,0.0
2026-02,Мегамаркет,DJ09465,0.0,0.0
2025-07,Акварель,DJ09466,0.0,0.0
2025-08,Акварель,DJ09466,1.0,1.12
2025-09,Акварель,DJ09466,1.0,1.2836893
2025-10,Акварель,DJ09466,1.0,1.3166146
2025-11,Акварель,DJ09466,0.0,0.0
2025-12,Акварель,DJ09466,0.0,0.0
2026-01,Акварель,DJ09466,0.0,0.0
2026-02,Акварель,DJ09466,1.0,0.45884123
2025-07,Мегамаркет,DJ09466,0.0,0.0
2025-08,Мегамаркет,DJ09466,0.0,0.0
2025-09,Мегамаркет,DJ09466,0.0,0.0
2025-10,Мегамаркет,DJ09466,0.0,0.0
2025-11,Мегамаркет,DJ09466,0.0,0.0
2025-12,Мегамаркет,DJ09466,0.0,0.0
2026-01,Мегамаркет,DJ09466,0.0,0.24241525
2026-02,Мегамаркет,DJ09466,0.0,0.0
2025-07,Акварель,DJ09467,0.0,0.0
2025-08,Акварель,DJ09467,2.0,0.9847172
2025-09,Акварель,DJ09467,3.0,1.2884877
2025-10,Акварель,DJ09467,1.0,1.7503065
2025-11,Акварель,DJ09467,0.0,0.0
2025-12,Акварель,DJ09467,0.0,0.0
2026-01,Акварель,DJ09467,0.0,0.0
2026-02,Акварель,DJ09467,0.0,0.0
2025-07,Мегамаркет,DJ09467,0.0,0.51152724
2025-08,Мегамаркет,DJ09467,0.0,0.34947965
2025-09,Мегамаркет,DJ09467,0.0,0.31879416
2025-10,Мегамаркет,DJ09467,0.0,0.32287076
2025-11,Мегамаркет,DJ09467,0.0,0.31622973
2025-12,Мегамаркет,DJ09467,0.0,0.51558816
2026-01,Мегамаркет,DJ09467,0.0,0.009106327
2026-02,Мегамаркет,DJ09467,0.0,0.089085445
2025-07,Акварель,DJ09468,0.0,0.0
2025-08,Акварель,DJ09468,0.0,0.0
2025-09,Акварель,DJ09468,1.0,1.4558012
2025-10,Акварель,DJ09468,0.0,0.0
2025-11,Акварель,DJ09468,0.0,0.0
2025-12,Акварель,DJ09468,0.0,0.0
2026-01,Акварель,DJ09468,0.0,0.0
2026-02,Акварель,DJ09468,0.0,0.0
2025-07,Акварель,DJ09470,0.0,0.0
2025-08,Акварель,DJ09470,1.0,0.9638125
2025-09,Акварель,DJ09470,0.0,0.0
2025-10,Акварель,DJ09470,1.0,1.143886
2025-11,Акварель,DJ09470,0.0,0.0
2025-12,Акварель,DJ09470,1.0,1.8073957
2026-01,Акварель,DJ09470,1.0,0.8600628
2026-02,Акварель,DJ09470,1.0,0.9429345
2025-07,Акварель,DJ09498,4.0,1.7834772
2025-08,Акварель,DJ09498,1.0,2.482471
2025-09,Акварель,DJ09498,2.0,2.1707513
2025-10,Акварель,DJ09498,5.0,3.041919
2025-11,Акварель,DJ09498,7.0,3.874097
2025-12,Акварель,DJ09498,11.0,8.596515
2026-01,Акварель,DJ09498,4.0,2.2954195
2026-02,Акварель,DJ09498,2.0,2.0704105
2025-07,Антошка,DJ09498,0.0,0.7513528
2025-08,Антошка,DJ09498,1.0,0.61976695
2025-09,Антошка,DJ09498,1.0,0.7082253
2025-10,Антошка,DJ09498,5.0,2.3266664
2025-11,Антошка,DJ09498,1.0,3.6421087
2025-12,Антошка,DJ09498,3.0,3.9336545
2026-01,Антошка,DJ09498,0.0,0.0
2026-02,Антошка,DJ09498,1.0,1.2668936
2025-07,БІ,DJ09498,4.0,4.5492053
2025-08,БІ,DJ09498,7.0,3.914001
2025-09,БІ,DJ09498,5.0,4.0593147
2025-10,БІ,DJ09498,8.0,5.2919855
2025-11,БІ,DJ09498,9.0,6.433353
2025-12,БІ,DJ09498,10.0,14.821384
2026-01,БІ,DJ09498,2.0,2.8652122
2026-02,БІ,DJ09498,0.0,0.0
2025-07,Віват Канцелярія,DJ09498,1.0,0.6986876
2025-08,Віват Канцелярія,DJ09498,1.0,0.7949635
2025-09,Віват Канцелярія,DJ09498,2.0,0.7022739
2025-10,Віват Канцелярія,DJ09498,2.0,1.7231029
2025-11,Віват Канцелярія,DJ09498,1.0,2.2490716
2025-12,Віват Канцелярія,DJ09498,3.0,2.5885293
2026-01,Віват Канцелярія,DJ09498,1.0,1.6063551
2026-02,Віват Канцелярія,DJ09498,0.0,0.0
2025-07,МайПлей,DJ09498,1.0,0.80758595
2025-08,МайПлей,DJ09498,0.0,0.78253466
2025-09,МайПлей,DJ09498,0.0,0.50899273
2025-10,МайПлей,DJ09498,1.0,1.2785741
2025-11,МайПлей,DJ09498,2.0,1.6626005
2025-12,МайПлей,DJ09498,1.0,2.320657
2026-01,МайПлей,DJ09498,0.0,0.0
2026-02,МайПлей,DJ09498,0.0,0.0
2025-07,Смік,DJ09498,3.0,0.3868787
2025-08,Смік,DJ09498,4.0,0.5551205
2025-09,Смік,DJ09498,1.0,1.0844995
2025-10,Смік,DJ09498,0.0,0.0
2025-11,Смік,DJ09498,1.0,1.8554515
2025-12,Смік,DJ09498,4.0,2.2874637
2026-01,Смік,DJ09498,0.0,0.0
2026-02,Смік,DJ09498,2.0,0.8736741
2025-07,ІМ-Розетка,DJ09499,0.0,0.0
2025-08,ІМ-Розетка,DJ09499,0.0,0.3311048
2025-09,ІМ-Розетка,DJ09499,0.0,0.60243773
2025-10,ІМ-Розетка,DJ09499,0.0,0.0
2025-11,ІМ-Розетка,DJ09499,0.0,0.0
2025-12,ІМ-Розетка,DJ09499,0.0,0.0
2026-01,ІМ-Розетка,DJ09499,1.0,0.35084543
2026-02,ІМ-Розетка,DJ09499,0.0,0.0
2025-07,Акварель,DJ09499,3.0,1.1247987
2025-08,Акварель,DJ09499,1.0,1.2177691
2025-09,Акварель,DJ09499,0.0,1.310437
2025-10,Акварель,DJ09499,0.0,0.0
2025-11,Акварель,DJ09499,1.0,1.332338
2025-12,Акварель,DJ09499,2.0,1.9624255
2026-01,Акварель,DJ09499,0.0,0.0
2026-02,Акварель,DJ09499,0.0,0.0
2025-07,Антошка,DJ09499,0.0,0.0
2025-08,Антошка,DJ09499,0.0,0.4959651
2025-09,Антошка,DJ09499,1.0,0.5144205
2025-10,Антошка,DJ09499,1.0,1.2357419
2025-11,Антошка,DJ09499,0.0,0.0
2025-12,Антошка,DJ09499,0.0,0.0
2026-01,Антошка,DJ09499,0.0,0.0
2026-02,Антошка,DJ09499,1.0,0.5849263
2025-07,БІ,DJ09499,0.0,0.0
2025-08,БІ,DJ09499,1.0,1.0725031
2025-09,БІ,DJ09499,1.0,1.7982745
2025-10,БІ,DJ09499,1.0,2.477339
2025-11,БІ,DJ09499,0.0,0.0
2025-12,БІ,DJ09499,3.0,2.9034538
2026-01,БІ,DJ09499,2.0,1.2494141
2026-02,БІ,DJ09499,1.0,1.799322
2025-07,Віват Канцелярія,DJ09499,1.0,0.78640014
2025-08,Віват Канцелярія,DJ09499,0.0,0.5685791
2025-09,Віват Канцелярія,DJ09499,1.0,0.3615735
2025-10,Віват Канцелярія,DJ09499,0.0,0.0
2025-11,Віват Канцелярія,DJ09499,0.0,0.0
2025-12,Віват Канцелярія,DJ09499,1.0,1.5462956
2026-01,Віват Канцелярія,DJ09499,1.0,1.3032385
2026-02,Віват Канцелярія,DJ09499,0.0,0.0
2025-07,Мегамаркет,DJ09499,0.0,0.44537523
2025-08,Мегамаркет,DJ09499,1.0,0.34599048
2025-09,Мегамаркет,DJ09499,0.0,0.37213486
2025-10,Мегамаркет,DJ09499,2.0,0.49499744
2025-11,Мегамаркет,DJ09499,0.0,0.5410001
2025-12,Мегамаркет,DJ09499,1.0,0.58790016
2026-01,Мегамаркет,DJ09499,0.0,0.18026927
2026-02,Мегамаркет,DJ09499,0.0,0.12874825
2025-07,ІМ-Розетка,DJ09500,0.0,0.0
2025-08,ІМ-Розетка,DJ09500,0.0,0.253874
2025-09,ІМ-Розетка,DJ09500,0.0,0.45819342
2025-10,ІМ-Розетка,DJ09500,0.0,0.2529098
2025-11,ІМ-Розетка,DJ09500,0.0,0.30258512
2025-12,ІМ-Розетка,DJ09500,1.0,0.8092609
2026-01,ІМ-Розетка,DJ09500,0.0,0.0
2026-02,ІМ-Розетка,DJ09500,0.0,0.0
2025-07,Акварель,DJ09500,1.0,1.2147261
2025-08,Акварель,DJ09500,2.0,0.67151076
2025-09,Акварель,DJ09500,0.0,0.99972636
2025-10,Акварель,DJ09500,1.0,0.61113787
2025-11,Акварель,DJ09500,1.0,0.64218944
2025-12,Акварель,DJ09500,4.0,2.0562608
2026-01,Акварель,DJ09500,2.0,1.0581284
2026-02,Акварель,DJ09500,2.0,1.4743956
2025-07,Віват Канцелярія,DJ09500,0.0,0.0
2025-08,Віват Канцелярія,DJ09500,0.0,0.3152337
2025-09,Віват Канцелярія,DJ09500,0.0,0.3428048
2025-10,Віват Канцелярія,DJ09500,0.0,0.33440012
2025-11,Віват Канцелярія,DJ09500,0.0,0.3871425
2025-12,Віват Канцелярія,DJ09500,2.0,1.0096953
2026-01,Віват Канцелярія,DJ09500,0.0,0.00986322
2026-02,Віват Канцелярія,DJ09500,0.0,0.0
2025-07,МайПлей,DJ09500,0.0,0.0
2025-08,МайПлей,DJ09500,1.0,0.3787653
2025-09,МайПлей,DJ09500,0.0,0.40858367
2025-10,МайПлей,DJ09500,0.0,0.3777608
2025-11,МайПлей,DJ09500,0.0,0.29816756
2025-12,МайПлей,DJ09500,3.0,0.9923793
2026-01,МайПлей,DJ09500,0.0,0.0
2026-02,МайПлей,DJ09500,1.0,0.77628964
2025-07,ІМ-Розетка,DJ09503,3.0,0.10801894
2025-08,ІМ-Розетка,DJ09503,0.0,0.32638708
2025-09,ІМ-Розетка,DJ09503,0.0,0.27947506
2025-10,ІМ-Розетка,DJ09503,2.0,1.2688377
2025-11,ІМ-Розетка,DJ09503,0.0,1.1831743
2025-12,ІМ-Розетка,DJ09503,1.0,1.5701678
2026-01,ІМ-Розетка,DJ09503,0.0,0.0
2026-02,ІМ-Розетка,DJ09503,0.0,0.0
2025-07,Акварель,DJ09503,2.0,1.9216383
2025-08,Акварель,DJ09503,9.0,2.0927665
2025-09,Акварель,DJ09503,2.0,2.6699946
2025-10,Акварель,DJ09503,3.0,3.107641
2025-11,Акварель,DJ09503,7.0,3.0092251
2025-12,Акварель,DJ09503,5.0,8.691955
2026-01,Акварель,DJ09503,5.0,1.885177
2026-02,Акварель,DJ09503,1.0,2.0882568
2025-07,БІ,DJ09503,11.0,8.404987
2025-08,БІ,DJ09503,11.0,12.443849
2025-09,БІ,DJ09503,8.0,7.719028
2025-10,БІ,DJ09503,13.0,8.4571905
2025-11,БІ,DJ09503,13.0,10.044269
2025-12,БІ,DJ09503,28.0,18.983952
2026-01,БІ,DJ09503,7.0,3.9038703
2026-02,БІ,DJ09503,5.0,2.2912593
2025-07,Віват Канцелярія,DJ09503,0.0,0.54769695
2025-08,Віват Канцелярія,DJ09503,0.0,0.41421032
2025-09,Віват Канцелярія,DJ09503,2.0,0.46374235
2025-10,Віват Канцелярія,DJ09503,3.0,0.68601644
2025-11,Віват Канцелярія,DJ09503,1.0,1.1537843
2025-12,Віват Канцелярія,DJ09503,2.0,3.1591017
2026-01,Віват Канцелярія,DJ09503,0.0,0.0
2026-02,Віват Канцелярія,DJ09503,0.0,0.0
2025-07,МайПлей,DJ09503,2.0,0.38388354
2025-08,МайПлей,DJ09503,2.0,0.45975482
2025-09,МайПлей,DJ09503,1.0,0.56008065
2025-10,МайПлей,DJ09503,1.0,0.716584
2025-11,МайПлей,DJ09503,1.0,0.7174677
2025-12,МайПлей,DJ09503,4.0,2.3250172
2026-01,МайПлей,DJ09503,1.0,1.1486893
2026-02,МайПлей,DJ09503,0.0,0.0
2025-07,Мегамаркет,DJ09503,1.0,0.577001
2025-08,Мегамаркет,DJ09503,0.0,0.44149932
2025-09,Мегамаркет,DJ09503,0.0,0.32976142
2025-10,Мегамаркет,DJ09503,0.0,0.38685656
2025-11,Мегамаркет,DJ09503,0.0,0.24375932
2025-12,Мегамаркет,DJ09503,1.0,0.96229017
2026-01,Мегамаркет,DJ09503,0.0,0.0
2026-02,Мегамаркет,DJ09503,0.0,0.0
2025-07,Смік,DJ09503,1.0,0.4430938
2025-08,Смік,DJ09503,0.0,0.38776013
2025-09,Смік,DJ09503,0.0,0.41014013
2025-10,Смік,DJ09503,2.0,0.38451263
2025-11,Смік,DJ09503,1.0,0.31689054
2025-12,Смік,DJ09503,0.0,0.0
2026-01,Смік,DJ09503,0.0,0.0
2026-02,Смік,DJ09503,0.0,0.0
2025-07,ІМ-Розетка,DJ09507,2.0,0.6621476
2025-08,ІМ-Розетка,DJ09507,0.0,0.5095822
2025-09,ІМ-Розетка,DJ09507,0.0,1.0133198
2025-10,ІМ-Розетка,DJ09507,0.0,0.11432664
2025-11,ІМ-Розетка,DJ09507,0.0,0.09474693
2025-12,ІМ-Розетка,DJ09507,0.0,0.5401663
2026-01,ІМ-Розетка,DJ09507,1.0,1.1882589
2026-02,ІМ-Розетка,DJ09507,2.0,0.93362796
2025-07,Акварель,DJ09507,0.0,1.6614819
2025-08,Акварель,DJ09507,5.0,1.2473363
2025-09,Акварель,DJ09507,0.0,2.096504
2025-10,Акварель,DJ09507,0.0,1.3487079
2025-11,Акварель,DJ09507,2.0,1.3905116
2025-12,Акварель,DJ09507,2.0,3.4125857
2026-01,Акварель,DJ09507,3.0,1.0771414
2026-02,Акварель,DJ09507,0.0,0.0
2025-07,Антошка,DJ09507,2.0,0.6829704
2025-08,Антошка,DJ09507,0.0,0.96209925
2025-09,Антошка,DJ09507,1.0,0.5390535
2025-10,Антошка,DJ09507,1.0,0.7719268
2025-11,Антошка,DJ09507,1.0,0.789871
2025-12,Антошка,DJ09507,3.0,4.312156
2026-01,Антошка,DJ09507,1.0,3.5527618
2026-02,Антошка,DJ09507,0.0,0.0
2025-07,БІ,DJ09507,7.0,5.044899
2025-08,БІ,DJ09507,10.0,9.093762
2025-09,БІ,DJ09507,1.0,6.502544
2025-10,БІ,DJ09507,8.0,5.0325975
2025-11,БІ,DJ09507,4.0,6.6655912
2025-12,БІ,DJ09507,21.0,15.867864
2026-01,БІ,DJ09507,6.0,4.2629776
2026-02,БІ,DJ09507,2.0,2.3651702
2025-07,ІМ-Розетка,DJ09508,1.0,0.549796
2025-08,ІМ-Розетка,DJ09508,3.0,0.952657
2025-09,ІМ-Розетка,DJ09508,3.0,0.7043259
2025-10,ІМ-Розетка,DJ09508,0.0,1.1087117
2025-11,ІМ-Розетка,DJ09508,2.0,1.228251
2025-12,ІМ-Розетка,DJ09508,0.0,1.9469584
2026-01,ІМ-Розетка,DJ09508,0.0,0.0
2026-02,ІМ-Розетка,DJ09508,1.0,0.72470903
2025-07,Акварель,DJ09508,0.0,1.4875524
2025-08,Акварель,DJ09508,3.0,1.1813395
2025-09,Акварель,DJ09508,1.0,2.0200508
2025-10,Акварель,DJ09508,1.0,1.7514277
2025-11,Акварель,DJ09508,3.0,2.002704
2025-12,Акварель,DJ09508,4.0,6.0486712
2026-01,Акварель,DJ09508,3.0,1.4171958
2026-02,Акварель,DJ09508,1.0,1.4968542
2025-07,Антошка,DJ09508,0.0,0.03965658
2025-08,Антошка,DJ09508,0.0,0.104110405
2025-09,Антошка,DJ09508,0.0,0.60818136
2025-10,Антошка,DJ09508,0.0,1.1805478
2025-11,Антошка,DJ09508,0.0,0.0
2025-12,Антошка,DJ09508,3.0,1.1372249
2026-01,Антошка,DJ09508,1.0,0.924284
2026-02,Антошка,DJ09508,1.0,1.2410302
2025-07,БІ,DJ09508,5.0,4.7785883
2025-08,БІ,DJ09508,11.0,6.6066628
2025-09,БІ,DJ09508,4.0,6.580951
2025-10,БІ,DJ09508,7.0,6.885275
2025-11,БІ,DJ09508,10.0,7.9360304
2025-12,БІ,DJ09508,16.0,26.54549
2026-01,БІ,DJ09508,12.0,8.545714
2026-02,БІ,DJ09508,3.0,3.341668
2025-07,Епіцентр,DJ09508,1.0,0.37379456
2025-08,Епіцентр,DJ09508,1.0,0.8171645
2025-09,Епіцентр,DJ09508,1.0,0.5923226
2025-10,Епіцентр,DJ09508,0.0,0.49397737
2025-11,Епіцентр,DJ09508,1.0,1.0733694
2025-12,Епіцентр,DJ09508,1.0,1.5309242
2026-01,Епіцентр,DJ09508,0.0,0.0
2026-02,Епіцентр,DJ09508,1.0,0.83314466
2025-07,МайПлей,DJ09508,0.0,0.31628898
2025-08,МайПлей,DJ09508,0.0,0.38678414
2025-09,МайПлей,DJ09508,0.0,0.37200966
2025-10,МайПлей,DJ09508,1.0,0.41779009
2025-11,МайПлей,DJ09508,1.0,0.945229
2025-12,МайПлей,DJ09508,0.0,1.627882
2026-01,МайПлей,DJ09508,1.0,0.94205517
2026-02,МайПлей,DJ09508,0.0,0.0
2025-07,Смік,DJ09508,1.0,0.38295382
2025-08,Смік,DJ09508,0.0,0.5048588
2025-09,Смік,DJ09508,1.0,0.38821855
2025-10,Смік,DJ09508,1.0,0.27738553
2025-11,Смік,DJ09508,2.0,1.0028279
2025-12,Смік,DJ09508,0.0,0.9596816
2026-01,Смік,DJ09508,0.0,0.0
2026-02,Смік,DJ09508,0.0,0.0
2025-07,Акварель,DJ09509,2.0,1.492691
2025-08,Акварель,DJ09509,2.0,1.8566687
2025-09,Акварель,DJ09509,2.0,1.61743
2025-10,Акварель,DJ09509,0.0,0.0
2025-11,Акварель,DJ09509,1.0,1.4913249
2025-12,Акварель,DJ09509,1.0,3.0336902
2026-01,Акварель,DJ09509,0.0,0.0
2026-02,Акварель,DJ09509,1.0,0.69962317
2025-07,Акварель,DJ09513,2.0,0.7213796
2025-08,Акварель,DJ09513,2.0,0.94745433
2025-09,Акварель,DJ09513,0.0,0.0
2025-10,Акварель,DJ09513,0.0,0.0
2025-11,Акварель,DJ09513,0.0,0.0
2025-12,Акварель,DJ09513,0.0,0.0
2026-01,Акварель,DJ09513,0.0,0.0
2026-02,Акварель,DJ09513,0.0,0.0
2025-07,Акварель,DJ09514,0.0,0.0
2025-08,Акварель,DJ09514,1.0,0.4293426
2025-09,Акварель,DJ09514,0.0,0.0
2025-10,Акварель,DJ09514,1.0,0.8438085
2025-11,Акварель,DJ09514,0.0,0.0
2025-12,Акварель,DJ09514,0.0,0.0
2026-01,Акварель,DJ09514,0.0,0.0
2026-02,Акварель,DJ09514,0.0,0.0
2025-07,Акварель,DJ09521,1.0,0.79173017
2025-08,Акварель,DJ09521,0.0,0.0
2025-09,Акварель,DJ09521,1.0,1.3494812
2025-10,Акварель,DJ09521,0.0,0.0
2025-11,Акварель,DJ09521,0.0,0.0
2025-12,Акварель,DJ09521,0.0,0.0
2026-01,Акварель,DJ09521,0.0,0.0
2026-02,Акварель,DJ09521,0.0,0.0
2025-07,ІМ-МауДау,DJ09522,0.0,0.12489341
2025-08,ІМ-МауДау,DJ09522,0.0,0.12314706
2025-09,ІМ-МауДау,DJ09522,0.0,0.45753342
2025-10,ІМ-МауДау,DJ09522,0.0,0.4300538
2025-11,ІМ-МауДау,DJ09522,1.0,0.6343816
2025-12,ІМ-МауДау,DJ09522,1.0,1.9863966
2026-01,ІМ-МауДау,DJ09522,1.0,0.2591506
2026-02,ІМ-МауДау,DJ09522,0.0,0.27220377
2025-07,ІМ-Розетка,DJ09522,0.0,0.97921306
2025-08,ІМ-Розетка,DJ09522,0.0,0.38272488
2025-09,ІМ-Розетка,DJ09522,1.0,0.44425455
2025-10,ІМ-Розетка,DJ09522,3.0,0.34825885
2025-11,ІМ-Розетка,DJ09522,0.0,0.7689908
2025-12,ІМ-Розетка,DJ09522,2.0,3.3441842
2026-01,ІМ-Розетка,DJ09522,0.0,0.34611863
2026-02,ІМ-Розетка,DJ09522,0.0,0.25729623
2025-07,Акварель,DJ09522,1.0,1.6507689
2025-08,Акварель,DJ09522,1.0,2.2904162
2025-09,Акварель,DJ09522,3.0,1.6229035
2025-10,Акварель,DJ09522,1.0,2.610509
2025-11,Акварель,DJ09522,5.0,2.9751585
2025-12,Акварель,DJ09522,12.0,5.1474295
2026-01,Акварель,DJ09522,2.0,1.9641215
2026-02,Акварель,DJ09522,5.0,2.0043867
2025-07,Антошка,DJ09522,0.0,0.955588
2025-08,Антошка,DJ09522,0.0,0.68716574
2025-09,Антошка,DJ09522,0.0,0.5762926
2025-10,Антошка,DJ09522,1.0,0.8984895
2025-11,Антошка,DJ09522,1.0,0.9666503
2025-12,Антошка,DJ09522,0.0,1.5323404
2026-01,Антошка,DJ09522,0.0,0.0
2026-02,Антошка,DJ09522,0.0,0.0
2025-07,БІ,DJ09522,8.0,6.2495046
2025-08,БІ,DJ09522,6.0,11.12405
2025-09,БІ,DJ09522,7.0,8.570305
2025-10,БІ,DJ09522,23.0,6.826493
2025-11,БІ,DJ09522,24.0,13.479906
2025-12,БІ,DJ09522,42.0,25.2327
2026-01,БІ,DJ09522,15.0,5.2066817
2026-02,БІ,DJ09522,1.0,2.843862
2025-07,МайПлей,DJ09522,0.0,0.64670914
2025-08,МайПлей,DJ09522,0.0,0.4368813
2025-09,МайПлей,DJ09522,1.0,0.46973556
2025-10,МайПлей,DJ09522,4.0,0.8434941
2025-11,МайПлей,DJ09522,2.0,2.4609404
2025-12,МайПлей,DJ09522,5.0,3.7843516
2026-01,МайПлей,DJ09522,0.0,0.0
2026-02,МайПлей,DJ09522,2.0,0.87146527
2025-07,ІМ-Розетка,DJ09524,1.0,0.58641505
2025-08,ІМ-Розетка,DJ09524,1.0,0.35368636
2025-09,ІМ-Розетка,DJ09524,1.0,0.3868311
2025-10,ІМ-Розетка,DJ09524,3.0,1.4245524
2025-11,ІМ-Розетка,DJ09524,0.0,0.5824325
2025-12,ІМ-Розетка,DJ09524,0.0,0.80656296
2026-01,ІМ-Розетка,DJ09524,0.0,0.08071316
2026-02,ІМ-Розетка,DJ09524,0.0,0.012074078
2025-07,Акварель,DJ09524,7.0,2.8619533
2025-08,Акварель,DJ09524,3.0,4.264471
2025-09,Акварель,DJ09524,4.0,2.9415855
2025-10,Акварель,DJ09524,3.0,3.0997531
2025-11,Акварель,DJ09524,6.0,3.0104766
2025-12,Акварель,DJ09524,17.0,7.374782
2026-01,Акварель,DJ09524,6.0,3.4468992
2026-02,Акварель,DJ09524,4.0,2.0034685
2025-07,Антошка,DJ09524,3.0,0.8277773
2025-08,Антошка,DJ09524,1.0,1.9305273
2025-09,Антошка,DJ09524,2.0,1.5005463
2025-10,Антошка,DJ09524,4.0,1.7541152
2025-11,Антошка,DJ09524,1.0,2.130962
2025-12,Антошка,DJ09524,5.0,2.6036384
2026-01,Антошка,DJ09524,0.0,0.9054548
2026-02,Антошка,DJ09524,0.0,0.29821098
2025-07,БІ,DJ09524,23.0,13.00756
2025-08,БІ,DJ09524,8.0,14.660407
2025-09,БІ,DJ09524,9.0,8.5053005
2025-10,БІ,DJ09524,8.0,9.170458
2025-11,БІ,DJ09524,8.0,7.8480487
2025-12,БІ,DJ09524,11.0,15.882336
2026-01,БІ,DJ09524,5.0,3.3403413
2026-02,БІ,DJ09524,1.0,3.0079517
2025-07,Віват Канцелярія,DJ09524,0.0,0.43828148
2025-08,Віват Канцелярія,DJ09524,0.0,0.43532953
2025-09,Віват Канцелярія,DJ09524,0.0,0.41189188
2025-10,Віват Канцелярія,DJ09524,2.0,0.4206385
2025-11,Віват Канцелярія,DJ09524,0.0,0.65692014
2025-12,Віват Канцелярія,DJ09524,2.0,1.1864219
2026-01,Віват Канцелярія,DJ09524,1.0,0.16573893
2026-02,Віват Канцелярія,DJ09524,0.0,0.25161988
2025-07,МайПлей,DJ09524,3.0,0.59070414
2025-08,МайПлей,DJ09524,2.0,1.1037203
2025-09,МайПлей,DJ09524,3.0,1.0578026
2025-10,МайПлей,DJ09524,1.0,1.623626
2025-11,МайПлей,DJ09524,2.0,1.6108207
2025-12,МайПлей,DJ09524,2.0,3.137398
2026-01,МайПлей,DJ09524,0.0,0.43219295
2026-02,МайПлей,DJ09524,2.0,0.1325708
2025-07,ІМ-Розетка,DJ09575,2.0,0.025500588
2025-08,ІМ-Розетка,DJ09575,0.0,1.1570468
2025-09,ІМ-Розетка,DJ09575,1.0,1.8137255
2025-10,ІМ-Розетка,DJ09575,1.0,0.5087903
2025-11,ІМ-Розетка,DJ09575,2.0,2.0007873
2025-12,ІМ-Розетка,DJ09575,9.0,5.935056
2026-01,ІМ-Розетка,DJ09575,0.0,0.0
2026-02,ІМ-Розетка,DJ09575,1.0,1.2955405
2025-07,Акварель,DJ09575,5.0,6.741737
2025-08,Акварель,DJ09575,6.0,5.96794
2025-09,Акварель,DJ09575,5.0,5.114759
2025-10,Акварель,DJ09575,8.0,6.2675757
2025-11,Акварель,DJ09575,4.0,4.7302113
2025-12,Акварель,DJ09575,15.0,10.084792
2026-01,Акварель,DJ09575,9.0,7.2780457
2026-02,Акварель,DJ09575,6.0,3.3362103
2025-07,Антошка,DJ09575,7.0,4.739257
2025-08,Антошка,DJ09575,6.0,5.074317
2025-09,Антошка,DJ09575,7.0,5.380883
2025-10,Антошка,DJ09575,6.0,5.8513904
2025-11,Антошка,DJ09575,5.0,5.04691
2025-12,Антошка,DJ09575,7.0,9.422057
2026-01,Антошка,DJ09575,4.0,6.81585
2026-02,Антошка,DJ09575,3.0,2.0260944
2025-07,БІ,DJ09575,20.0,26.973846
2025-08,БІ,DJ09575,17.0,21.83708
2025-09,БІ,DJ09575,13.0,20.201986
2025-10,БІ,DJ09575,15.0,19.6999
2025-11,БІ,DJ09575,25.0,15.351578
2025-12,БІ,DJ09575,28.0,41.61024
2026-01,БІ,DJ09575,16.0,8.644294
2026-02,БІ,DJ09575,6.0,6.211539
2025-07,Епіцентр,DJ09575,13.0,4.572794
2025-08,Епіцентр,DJ09575,5.0,6.323208
2025-09,Епіцентр,DJ09575,7.0,5.533267
2025-10,Епіцентр,DJ09575,3.0,5.839841
2025-11,Епіцентр,DJ09575,8.0,3.695296
2025-12,Епіцентр,DJ09575,11.0,9.422639
2026-01,Епіцентр,DJ09575,6.0,5.7526255
2026-02,Епіцентр,DJ09575,3.0,3.8032925
2025-07,МайПлей,DJ09575,0.0,1.7332778
2025-08,МайПлей,DJ09575,2.0,2.1931045
2025-09,МайПлей,DJ09575,1.0,0.8014708
2025-10,МайПлей,DJ09575,2.0,1.8439457
2025-11,МайПлей,DJ09575,2.0,4.3617496
2025-12,МайПлей,DJ09575,0.0,3.5191574
2026-01,МайПлей,DJ09575,1.0,1.9199829
2026-02,МайПлей,DJ09575,0.0,0.0
2025-07,Мегамаркет,DJ09575,1.0,1.4413887
2025-08,Мегамаркет,DJ09575,0.0,0.8069375
2025-09,Мегамаркет,DJ09575,0.0,0.39357206
2025-10,Мегамаркет,DJ09575,0.0,0.36261126
2025-11,Мегамаркет,DJ09575,1.0,0.23623067
2025-12,Мегамаркет,DJ09575,0.0,0.7485008
2026-01,Мегамаркет,DJ09575,1.0,1.0188042
2026-02,Мегамаркет,DJ09575,0.0,0.13353439
2025-07,Монако,DJ09575,2.0,1.5501845
2025-08,Монако,DJ09575,0.0,0.0
2025-09,Монако,DJ09575,0.0,0.0
2025-10,Монако,DJ09575,0.0,0.0
2025-11,Монако,DJ09575,2.0,1.5529011
2025-12,Монако,DJ09575,0.0,0.0
2026-01,Монако,DJ09575,0.0,0.0
2026-02,Монако,DJ09575,0.0,0.0
2025-07,ІМ-МауДау,DJ09579,0.0,0.72939855
2025-08,ІМ-МауДау,DJ09579,2.0,0.85726726
2025-09,ІМ-МауДау,DJ09579,0.0,0.25874728
2025-10,ІМ-МауДау,DJ09579,0.0,0.1212411
2025-11,ІМ-МауДау,DJ09579,0.0,0.11768724
2025-12,ІМ-МауДау,DJ09579,0.0,0.120490246
2026-01,ІМ-МауДау,DJ09579,0.0,0.0
2026-02,ІМ-МауДау,DJ09579,0.0,0.0
2025-07,ІМ-Розетка,DJ09579,1.0,1.8412462
2025-08,ІМ-Розетка,DJ09579,0.0,0.51795495
2025-09,ІМ-Розетка,DJ09579,1.0,0.91571295
2025-10,ІМ-Розетка,DJ09579,0.0,0.34619936
2025-11,ІМ-Розетка,DJ09579,0.0,0.41686404
2025-12,ІМ-Розетка,DJ09579,1.0,0.2927391
2026-01,ІМ-Розетка,DJ09579,0.0,0.0
2026-02,ІМ-Розетка,DJ09579,0.0,0.0
2025-07,Акварель,DJ09579,3.0,2.6956108
2025-08,Акварель,DJ09579,4.0,3.1623101
2025-09,Акварель,DJ09579,2.0,2.9773824
2025-10,Акварель,DJ09579,6.0,3.4293509
2025-11,Акварель,DJ09579,3.0,4.106105
2025-12,Акварель,DJ09579,5.0,6.2306304
2026-01,Акварель,DJ09579,4.0,1.9488827
2026-02,Акварель,DJ09579,4.0,1.844147
2025-07,БІ,DJ09579,4.0,5.9986258
2025-08,БІ,DJ09579,10.0,9.678663
2025-09,БІ,DJ09579,7.0,9.0055
2025-10,БІ,DJ09579,8.0,10.415483
2025-11,БІ,DJ09579,12.0,7.936213
2025-12,БІ,DJ09579,26.0,14.189485
2026-01,БІ,DJ09579,7.0,6.080782
2026-02,БІ,DJ09579,3.0,3.2269003
2025-07,МайПлей,DJ09579,0.0,0.48545265
2025-08,МайПлей,DJ09579,1.0,0.4468118
2025-09,МайПлей,DJ09579,3.0,0.46662694
2025-10,МайПлей,DJ09579,0.0,1.392622
2025-11,МайПлей,DJ09579,0.0,0.5209423
2025-12,МайПлей,DJ09579,0.0,1.4179165
2026-01,МайПлей,DJ09579,0.0,0.0
2026-02,МайПлей,DJ09579,0.0,0.0
2025-07,Мегамаркет,DJ09579,0.0,1.0951025
2025-08,Мегамаркет,DJ09579,2.0,0.59954304
2025-09,Мегамаркет,DJ09579,0.0,0.9663732
2025-10,Мегамаркет,DJ09579,0.0,0.39203897
2025-11,Мегамаркет,DJ09579,2.0,0.30471158
2025-12,Мегамаркет,DJ09579,0.0,1.5386418
2026-01,Мегамаркет,DJ09579,0.0,0.017879989
2026-02,Мегамаркет,DJ09579,1.0,0.6132937
2025-07,СмартТойс,DJ09579,2.0,1.4503747
2025-08,СмартТойс,DJ09579,0.0,0.0
2025-09,СмартТойс,DJ09579,4.0,1.6114063
2025-10,СмартТойс,DJ09579,3.0,2.834569
2025-11,СмартТойс,DJ09579,0.0,0.0
2025-12,СмартТойс,DJ09579,0.0,0.0
2026-01,СмартТойс,DJ09579,0.0,0.0
2026-02,СмартТойс,DJ09579,0.0,0.0
2025-07,ІМ-Розетка,DJ09584,2.0,2.280268
2025-08,ІМ-Розетка,DJ09584,5.0,0.7601519
2025-09,ІМ-Розетка,DJ09584,1.0,2.6603096
2025-10,ІМ-Розетка,DJ09584,0.0,0.98709995
2025-11,ІМ-Розетка,DJ09584,0.0,0.508945
2025-12,ІМ-Розетка,DJ09584,0.0,1.0053787
2026-01,ІМ-Розетка,DJ09584,0.0,0.0
2026-02,ІМ-Розетка,DJ09584,0.0,0.0
2025-07,Акварель,DJ09584,6.0,6.7724543
2025-08,Акварель,DJ09584,2.0,6.2052794
2025-09,Акварель,DJ09584,2.0,4.4541206
2025-10,Акварель,DJ09584,19.0,3.7286527
2025-11,Акварель,DJ09584,3.0,8.597252
2025-12,Акварель,DJ09584,5.0,9.327427
2026-01,Акварель,DJ09584,1.0,2.1579223
2026-02,Акварель,DJ09584,1.0,1.9741836
2025-07,Антошка,DJ09584,4.0,2.5975757
2025-08,Антошка,DJ09584,3.0,3.0141296
2025-09,Антошка,DJ09584,4.0,3.2091362
2025-10,Антошка,DJ09584,8.0,2.8173883
2025-11,Антошка,DJ09584,0.0,3.3068242
2025-12,Антошка,DJ09584,6.0,8.297874
2026-01,Антошка,DJ09584,2.0,3.5110075
2026-02,Антошка,DJ09584,4.0,1.5010895
2025-07,БІ,DJ09584,16.0,13.296621
2025-08,БІ,DJ09584,7.0,15.849846
2025-09,БІ,DJ09584,11.0,10.08815
2025-10,БІ,DJ09584,12.0,10.350862
2025-11,БІ,DJ09584,4.0,9.700349
2025-12,БІ,DJ09584,14.0,14.46893
2026-01,БІ,DJ09584,8.0,7.1042986
2026-02,БІ,DJ09584,1.0,3.0462325
2025-07,МайПлей,DJ09584,0.0,0.8781893
2025-08,МайПлей,DJ09584,1.0,0.4985925
2025-09,МайПлей,DJ09584,1.0,0.76146054
2025-10,МайПлей,DJ09584,0.0,0.80903876
2025-11,МайПлей,DJ09584,0.0,0.38688928
2025-12,МайПлей,DJ09584,1.0,1.0454241
2026-01,МайПлей,DJ09584,0.0,0.0
2026-02,МайПлей,DJ09584,0.0,0.0
2025-07,Мегамаркет,DJ09584,0.0,0.9645428
2025-08,Мегамаркет,DJ09584,0.0,0.5385716
2025-09,Мегамаркет,DJ09584,0.0,0.48435503
2025-10,Мегамаркет,DJ09584,0.0,0.37984255
2025-11,Мегамаркет,DJ09584,3.0,0.257351
2025-12,Мегамаркет,DJ09584,0.0,1.4661493
2026-01,Мегамаркет,DJ09584,0.0,0.023444688
2026-02,Мегамаркет,DJ09584,1.0,0.85740554
2025-07,ІМ-Розетка,DJ09585,3.0,3.1592581
2025-08,ІМ-Розетка,DJ09585,3.0,1.1506813
2025-09,ІМ-Розетка,DJ09585,0.0,1.1993934
2025-10,ІМ-Розетка,DJ09585,0.0,1.5380849
2025-11,ІМ-Розетка,DJ09585,0.0,0.8563213
2025-12,ІМ-Розетка,DJ09585,3.0,6.8097615
2026-01,ІМ-Розетка,DJ09585,1.0,1.9113532
2026-02,ІМ-Розетка,DJ09585,1.0,1.5943123
2025-07,Акварель,DJ09585,10.0,8.351098
2025-08,Акварель,DJ09585,6.0,7.2461915
2025-09,Акварель,DJ09585,4.0,6.650527
2025-10,Акварель,DJ09585,6.0,7.2646527
2025-11,Акварель,DJ09585,10.0,5.845423
2025-12,Акварель,DJ09585,13.0,14.869602
2026-01,Акварель,DJ09585,6.0,9.197198
2026-02,Акварель,DJ09585,6.0,3.3220549
2025-07,Антошка,DJ09585,3.0,5.463634
2025-08,Антошка,DJ09585,6.0,3.822035
2025-09,Антошка,DJ09585,9.0,2.5100045
2025-10,Антошка,DJ09585,5.0,4.668444
2025-11,Антошка,DJ09585,3.0,3.1645443
2025-12,Антошка,DJ09585,6.0,8.802163
2026-01,Антошка,DJ09585,4.0,6.008532
2026-02,Антошка,DJ09585,1.0,1.8580693
2025-07,БІ,DJ09585,38.0,37.76099
2025-08,БІ,DJ09585,40.0,35.63745
2025-09,БІ,DJ09585,23.0,41.31544
2025-10,БІ,DJ09585,46.0,33.26369
2025-11,БІ,DJ09585,49.0,30.662882
2025-12,БІ,DJ09585,40.0,73.58084
2026-01,БІ,DJ09585,15.0,15.934506
2026-02,БІ,DJ09585,10.0,6.486515
2025-07,Казка Львів,DJ09585,0.0,0.0
2025-08,Казка Львів,DJ09585,1.0,2.0320842
2025-09,Казка Львів,DJ09585,0.0,0.0
2025-10,Казка Львів,DJ09585,1.0,1.499232
2025-11,Казка Львів,DJ09585,0.0,0.0
2025-12,Казка Львів,DJ09585,0.0,0.0
2026-01,Казка Львів,DJ09585,0.0,0.0
2026-02,Казка Львів,DJ09585,0.0,0.0
2025-07,МайПлей,DJ09585,1.0,1.2575555
2025-08,МайПлей,DJ09585,4.0,1.4590081
2025-09,МайПлей,DJ09585,2.0,1.8666701
2025-10,МайПлей,DJ09585,10.0,2.3047016
2025-11,МайПлей,DJ09585,1.0,3.670769
2025-12,МайПлей,DJ09585,6.0,7.233503
2026-01,МайПлей,DJ09585,0.0,0.091321126
2026-02,МайПлей,DJ09585,0.0,0.0
2025-07,Монако,DJ09585,2.0,1.7235885
2025-08,Монако,DJ09585,0.0,0.0
2025-09,Монако,DJ09585,0.0,0.0
2025-10,Монако,DJ09585,0.0,0.0
2025-11,Монако,DJ09585,2.0,1.5305934
2025-12,Монако,DJ09585,0.0,0.0
2026-01,Монако,DJ09585,0.0,0.0
2026-02,Монако,DJ09585,0.0,0.0
2025-07,ІМ-Розетка,DJ09586,1.0,2.2860787
2025-08,ІМ-Розетка,DJ09586,1.0,1.0275927
2025-09,ІМ-Розетка,DJ09586,0.0,1.7599486
2025-10,ІМ-Розетка,DJ09586,0.0,0.1523637
2025-11,ІМ-Розетка,DJ09586,0.0,1.6069806
2025-12,ІМ-Розетка,DJ09586,2.0,1.113987
2026-01,ІМ-Розетка,DJ09586,0.0,0.0
2026-02,ІМ-Розетка,DJ09586,0.0,0.0
2025-07,Акварель,DJ09586,2.0,3.5198262
2025-08,Акварель,DJ09586,2.0,4.0271378
2025-09,Акварель,DJ09586,2.0,2.7715685
2025-10,Акварель,DJ09586,6.0,3.7886806
2025-11,Акварель,DJ09586,4.0,4.419943
2025-12,Акварель,DJ09586,6.0,6.08731
2026-01,Акварель,DJ09586,4.0,2.0465844
2026-02,Акварель,DJ09586,1.0,2.9971893
2025-07,Антошка,DJ09586,2.0,1.3398464
2025-08,Антошка,DJ09586,4.0,2.1222174
2025-09,Антошка,DJ09586,0.0,2.1366408
2025-10,Антошка,DJ09586,2.0,2.101504
2025-11,Антошка,DJ09586,0.0,2.431535
2025-12,Антошка,DJ09586,1.0,3.2277024
2026-01,Антошка,DJ09586,3.0,3.5403538
2026-02,Антошка,DJ09586,0.0,0.0
2025-07,БІ,DJ09586,11.0,12.133988
2025-08,БІ,DJ09586,21.0,15.459603
2025-09,БІ,DJ09586,7.0,14.991077
2025-10,БІ,DJ09586,6.0,14.209652
2025-11,БІ,DJ09586,9.0,15.147451
2025-12,БІ,DJ09586,28.0,21.53328
2026-01,БІ,DJ09586,19.0,14.3559475
2026-02,БІ,DJ09586,6.0,5.9128256
2025-07,Епіцентр,DJ09586,2.0,2.9210937
2025-08,Епіцентр,DJ09586,1.0,2.5126948
2025-09,Епіцентр,DJ09586,1.0,1.5346786
2025-10,Епіцентр,DJ09586,0.0,1.3867726
2025-11,Епіцентр,DJ09586,2.0,0.49749294
2025-12,Епіцентр,DJ09586,3.0,2.5421138
2026-01,Епіцентр,DJ09586,2.0,1.38616
2026-02,Епіцентр,DJ09586,2.0,1.3376068
2025-07,МайПлей,DJ09586,1.0,1.1534173
2025-08,МайПлей,DJ09586,3.0,1.5192409
2025-09,МайПлей,DJ09586,1.0,1.9402474
2025-10,МайПлей,DJ09586,1.0,2.7421827
2025-11,МайПлей,DJ09586,0.0,2.6618354
2025-12,МайПлей,DJ09586,1.0,3.690127
2026-01,МайПлей,DJ09586,3.0,1.4402093
2026-02,МайПлей,DJ09586,2.0,1.2326523
2025-07,Мегамаркет,DJ09586,2.0,1.5603837
2025-08,Мегамаркет,DJ09586,1.0,1.8371048
2025-09,Мегамаркет,DJ09586,0.0,1.6317585
2025-10,Мегамаркет,DJ09586,1.0,1.0180107
2025-11,Мегамаркет,DJ09586,2.0,0.78589326
2025-12,Мегамаркет,DJ09586,0.0,2.0393736
2026-01,Мегамаркет,DJ09586,0.0,0.01420096
2026-02,Мегамаркет,DJ09586,0.0,0.0
2025-07,ІМ-Розетка,DJ09587,0.0,1.7980455
2025-08,ІМ-Розетка,DJ09587,2.0,0.5719084
2025-09,ІМ-Розетка,DJ09587,0.0,1.5416627
2025-10,ІМ-Розетка,DJ09587,0.0,0.1067439
2025-11,ІМ-Розетка,DJ09587,1.0,1.9533587
2025-12,ІМ-Розетка,DJ09587,3.0,2.428013
2026-01,ІМ-Розетка,DJ09587,0.0,0.0
2026-02,ІМ-Розетка,DJ09587,1.0,1.0345376
2025-07,Акварель,DJ09587,4.0,4.825541
2025-08,Акварель,DJ09587,5.0,4.763237
2025-09,Акварель,DJ09587,3.0,4.4633117
2025-10,Акварель,DJ09587,3.0,3.9657853
2025-11,Акварель,DJ09587,5.0,3.9420753
2025-12,Акварель,DJ09587,8.0,5.127615
2026-01,Акварель,DJ09587,3.0,2.2614505
2026-02,Акварель,DJ09587,1.0,2.0116034
2025-07,Антошка,DJ09587,0.0,1.3703419
2025-08,Антошка,DJ09587,3.0,0.8314531
2025-09,Антошка,DJ09587,1.0,1.5565169
2025-10,Антошка,DJ09587,0.0,1.8474474
2025-11,Антошка,DJ09587,1.0,1.7201277
2025-12,Антошка,DJ09587,4.0,3.2841535
2026-01,Антошка,DJ09587,2.0,4.5414677
2026-02,Антошка,DJ09587,1.0,1.1895038
2025-07,БІ,DJ09587,13.0,16.852827
2025-08,БІ,DJ09587,16.0,15.390153
2025-09,БІ,DJ09587,7.0,16.607605
2025-10,БІ,DJ09587,9.0,9.81266
2025-11,БІ,DJ09587,18.0,10.911432
2025-12,БІ,DJ09587,24.0,27.657032
2026-01,БІ,DJ09587,13.0,7.8847065
2026-02,БІ,DJ09587,5.0,5.153056
2025-07,Казка Львів,DJ09587,0.0,0.0
2025-08,Казка Львів,DJ09587,3.0,1.8967873
2025-09,Казка Львів,DJ09587,0.0,0.0
2025-10,Казка Львів,DJ09587,0.0,0.0
2025-11,Казка Львів,DJ09587,0.0,0.0
2025-12,Казка Львів,DJ09587,0.0,0.0
2026-01,Казка Львів,DJ09587,0.0,0.0
2026-02,Казка Львів,DJ09587,0.0,0.0
2025-07,МайПлей,DJ09587,1.0,1.0286895
2025-08,МайПлей,DJ09587,1.0,0.7740987
2025-09,МайПлей,DJ09587,0.0,0.7479246
2025-10,МайПлей,DJ09587,0.0,0.47073492
2025-11,МайПлей,DJ09587,0.0,0.0
2025-12,МайПлей,DJ09587,1.0,0.7777919
2026-01,МайПлей,DJ09587,0.0,0.0
2026-02,МайПлей,DJ09587,0.0,0.0
2025-07,Мегамаркет,DJ09587,2.0,0.4788997
2025-08,Мегамаркет,DJ09587,0.0,0.8237987
2025-09,Мегамаркет,DJ09587,1.0,0.39506283
2025-10,Мегамаркет,DJ09587,0.0,0.5021076
2025-11,Мегамаркет,DJ09587,2.0,0.37017247
2025-12,Мегамаркет,DJ09587,0.0,0.7774362
2026-01,Мегамаркет,DJ09587,0.0,0.9812366
2026-02,Мегамаркет,DJ09587,0.0,0.0894087
2025-07,Монако,DJ09587,2.0,2.0436513
2025-08,Монако,DJ09587,0.0,0.0
2025-09,Монако,DJ09587,0.0,0.0
2025-10,Монако,DJ09587,2.0,1.9335713
2025-11,Монако,DJ09587,2.0,1.64731
2025-12,Монако,DJ09587,0.0,0.0
2026-01,Монако,DJ09587,0.0,0.0
2026-02,Монако,DJ09587,0.0,0.0
2025-07,ІМ-Розетка,DJ09590,1.0,1.5221927
2025-08,ІМ-Розетка,DJ09590,1.0,0.6339138
2025-09,ІМ-Розетка,DJ09590,0.0,1.196421
2025-10,ІМ-Розетка,DJ09590,0.0,0.33073404
2025-11,ІМ-Розетка,DJ09590,1.0,0.24917217
2025-12,ІМ-Розетка,DJ09590,0.0,1.2112467
2026-01,ІМ-Розетка,DJ09590,0.0,0.0
2026-02,ІМ-Розетка,DJ09590,0.0,0.0
2025-07,Акварель,DJ09590,2.0,3.6258945
2025-08,Акварель,DJ09590,6.0,3.1104655
2025-09,Акварель,DJ09590,2.0,3.0290902
2025-10,Акварель,DJ09590,4.0,2.9257493
2025-11,Акварель,DJ09590,2.0,3.1778936
2025-12,Акварель,DJ09590,6.0,4.6952415
2026-01,Акварель,DJ09590,3.0,2.101725
2026-02,Акварель,DJ09590,2.0,2.0293388
2025-07,Антошка,DJ09590,0.0,0.8636506
2025-08,Антошка,DJ09590,1.0,0.8445936
2025-09,Антошка,DJ09590,0.0,0.77219975
2025-10,Антошка,DJ09590,0.0,0.74589014
2025-11,Антошка,DJ09590,1.0,0.51132333
2025-12,Антошка,DJ09590,2.0,1.3200389
2026-01,Антошка,DJ09590,0.0,0.0
2026-02,Антошка,DJ09590,0.0,0.0
2025-07,БІ,DJ09590,12.0,12.427189
2025-08,БІ,DJ09590,8.0,11.222866
2025-09,БІ,DJ09590,3.0,8.478456
2025-10,БІ,DJ09590,5.0,7.0995507
2025-11,БІ,DJ09590,7.0,6.715664
2025-12,БІ,DJ09590,13.0,8.000483
2026-01,БІ,DJ09590,4.0,3.4478965
2026-02,БІ,DJ09590,1.0,1.69458
2025-07,МайПлей,DJ09590,0.0,0.76633173
2025-08,МайПлей,DJ09590,3.0,0.68226236
2025-09,МайПлей,DJ09590,0.0,1.2176613
2025-10,МайПлей,DJ09590,1.0,0.7299235
2025-11,МайПлей,DJ09590,0.0,0.8860964
2025-12,МайПлей,DJ09590,0.0,1.1588178
2026-01,МайПлей,DJ09590,0.0,0.0
2026-02,МайПлей,DJ09590,0.0,0.0
2025-07,Мегамаркет,DJ09590,0.0,0.43882474
2025-08,Мегамаркет,DJ09590,0.0,0.241513
2025-09,Мегамаркет,DJ09590,0.0,0.2219073
2025-10,Мегамаркет,DJ09590,0.0,0.2258504
2025-11,Мегамаркет,DJ09590,3.0,0.23821862
2025-12,Мегамаркет,DJ09590,0.0,0.97230494
2026-01,Мегамаркет,DJ09590,0.0,1.0983806
2026-02,Мегамаркет,DJ09590,2.0,0.10608489
2025-07,ІМ-Розетка,DJ09591,3.0,0.5705485
2025-08,ІМ-Розетка,DJ09591,2.0,1.2644919
2025-09,ІМ-Розетка,DJ09591,0.0,0.86706376
2025-10,ІМ-Розетка,DJ09591,1.0,0.97139615
2025-11,ІМ-Розетка,DJ09591,2.0,1.8747741
2025-12,ІМ-Розетка,DJ09591,1.0,1.9998853
2026-01,ІМ-Розетка,DJ09591,1.0,1.087444
2026-02,ІМ-Розетка,DJ09591,3.0,0.9290621
2025-07,Акварель,DJ09591,1.0,3.8655677
2025-08,Акварель,DJ09591,6.0,3.7679672
2025-09,Акварель,DJ09591,0.0,3.5040612
2025-10,Акварель,DJ09591,2.0,2.5109584
2025-11,Акварель,DJ09591,3.0,3.1312857
2025-12,Акварель,DJ09591,7.0,4.8507595
2026-01,Акварель,DJ09591,4.0,1.9507595
2026-02,Акварель,DJ09591,2.0,2.1923006
2025-07,Антошка,DJ09591,1.0,0.81535774
2025-08,Антошка,DJ09591,1.0,1.0039524
2025-09,Антошка,DJ09591,0.0,0.9103942
2025-10,Антошка,DJ09591,1.0,0.8396324
2025-11,Антошка,DJ09591,1.0,0.9468261
2025-12,Антошка,DJ09591,2.0,1.4624212
2026-01,Антошка,DJ09591,0.0,0.0
2026-02,Антошка,DJ09591,2.0,0.9304756
2025-07,БІ,DJ09591,12.0,14.435674
2025-08,БІ,DJ09591,7.0,14.014971
2025-09,БІ,DJ09591,6.0,10.07726
2025-10,БІ,DJ09591,4.0,8.978897
2025-11,БІ,DJ09591,7.0,7.0276732
2025-12,БІ,DJ09591,16.0,9.375954
2026-01,БІ,DJ09591,10.0,3.9319484
2026-02,БІ,DJ09591,4.0,3.6826856
2025-07,МайПлей,DJ09591,0.0,0.71571296
2025-08,МайПлей,DJ09591,0.0,0.44343698
2025-09,МайПлей,DJ09591,1.0,0.41600698
2025-10,МайПлей,DJ09591,0.0,0.6096398
2025-11,МайПлей,DJ09591,0.0,0.3737901
2025-12,МайПлей,DJ09591,0.0,1.0132316
2026-01,МайПлей,DJ09591,0.0,0.08802322
2026-02,МайПлей,DJ09591,0.0,0.01833877
2025-07,Акварель,DJ09596,4.0,5.409329
2025-08,Акварель,DJ09596,3.0,4.2720995
2025-09,Акварель,DJ09596,4.0,3.3688142
2025-10,Акварель,DJ09596,6.0,3.702256
2025-11,Акварель,DJ09596,4.0,3.6021917
2025-12,Акварель,DJ09596,8.0,6.3327036
2026-01,Акварель,DJ09596,0.0,0.0
2026-02,Акварель,DJ09596,2.0,1.2632631
2025-07,Антошка,DJ09596,0.0,0.6539741
2025-08,Антошка,DJ09596,2.0,0.5114284
2025-09,Антошка,DJ09596,0.0,0.86699414
2025-10,Антошка,DJ09596,0.0,0.81629723
2025-11,Антошка,DJ09596,5.0,0.61019725
2025-12,Антошка,DJ09596,2.0,5.523567
2026-01,Антошка,DJ09596,0.0,0.0
2026-02,Антошка,DJ09596,3.0,1.0573891
2025-07,БІ,DJ09596,19.0,23.70327
2025-08,БІ,DJ09596,12.0,15.226424
2025-09,БІ,DJ09596,5.0,12.353016
2025-10,БІ,DJ09596,11.0,9.574828
2025-11,БІ,DJ09596,9.0,9.6280775
2025-12,БІ,DJ09596,23.0,21.809801
2026-01,БІ,DJ09596,13.0,10.246379
2026-02,БІ,DJ09596,4.0,6.0886936
2025-07,МайПлей,DJ09596,2.0,1.2336481
2025-08,МайПлей,DJ09596,1.0,1.0052265
2025-09,МайПлей,DJ09596,1.0,0.99392384
2025-10,МайПлей,DJ09596,1.0,1.0170288
2025-11,МайПлей,DJ09596,0.0,0.7721839
2025-12,МайПлей,DJ09596,1.0,1.192976
2026-01,МайПлей,DJ09596,0.0,0.0
2026-02,МайПлей,DJ09596,0.0,0.0
2025-07,Акварель,DJ09612,3.0,2.1649141
2025-08,Акварель,DJ09612,0.0,0.0
2025-09,Акварель,DJ09612,3.0,2.1552808
2025-10,Акварель,DJ09612,1.0,2.0241954
2025-11,Акварель,DJ09612,2.0,2.2077909
2025-12,Акварель,DJ09612,4.0,2.6076927
2026-01,Акварель,DJ09612,3.0,0.91521484
2026-02,Акварель,DJ09612,0.0,0.0
2025-07,Антошка,DJ09612,0.0,0.0
2025-08,Антошка,DJ09612,0.0,0.0
2025-09,Антошка,DJ09612,1.0,1.0466219
2025-10,Антошка,DJ09612,0.0,0.77439994
2025-11,Антошка,DJ09612,1.0,1.3219758
2025-12,Антошка,DJ09612,1.0,1.6046569
2026-01,Антошка,DJ09612,0.0,0.0
2026-02,Антошка,DJ09612,0.0,0.0
2025-07,БІ,DJ09612,2.0,3.5068657
2025-08,БІ,DJ09612,3.0,4.0927606
2025-09,БІ,DJ09612,6.0,3.2117114
2025-10,БІ,DJ09612,2.0,3.329549
2025-11,БІ,DJ09612,3.0,3.5849006
2025-12,БІ,DJ09612,5.0,5.1935353
2026-01,БІ,DJ09612,1.0,1.6549407
2026-02,БІ,DJ09612,3.0,0.92409927
2025-07,МайПлей,DJ09612,2.0,1.4596329
2025-08,МайПлей,DJ09612,0.0,0.0
2025-09,МайПлей,DJ09612,0.0,0.0
2025-10,МайПлей,DJ09612,1.0,0.47833112
2025-11,МайПлей,DJ09612,0.0,0.0
2025-12,МайПлей,DJ09612,1.0,1.5256021
2026-01,МайПлей,DJ09612,0.0,0.0
2026-02,МайПлей,DJ09612,1.0,0.6940956
2025-07,Мегамаркет,DJ09612,0.0,0.3968179
2025-08,Мегамаркет,DJ09612,0.0,0.319868
2025-09,Мегамаркет,DJ09612,2.0,0.22734661
2025-10,Мегамаркет,DJ09612,0.0,0.5040498
2025-11,Мегамаркет,DJ09612,1.0,0.58445716
2025-12,Мегамаркет,DJ09612,0.0,0.6341562
2026-01,Мегамаркет,DJ09612,1.0,1.0448494
2026-02,Мегамаркет,DJ09612,1.0,0.124973185
2025-07,Акварель,DJ09615,3.0,3.3777516
2025-08,Акварель,DJ09615,10.0,3.5185294
2025-09,Акварель,DJ09615,2.0,3.8922431
2025-10,Акварель,DJ09615,1.0,4.675875
2025-11,Акварель,DJ09615,0.0,4.8606515
2025-12,Акварель,DJ09615,5.0,3.5173573
2026-01,Акварель,DJ09615,4.0,1.3275495
2026-02,Акварель,DJ09615,3.0,2.0973737
2025-07,Антошка,DJ09615,1.0,1.7935628
2025-08,Антошка,DJ09615,2.0,2.132383
2025-09,Антошка,DJ09615,0.0,1.813766
2025-10,Антошка,DJ09615,2.0,1.5725358
2025-11,Антошка,DJ09615,6.0,2.1436937
2025-12,Антошка,DJ09615,5.0,4.2036858
2026-01,Антошка,DJ09615,0.0,0.0
2026-02,Антошка,DJ09615,0.0,0.0
2025-07,БІ,DJ09615,13.0,12.371692
2025-08,БІ,DJ09615,16.0,12.838657
2025-09,БІ,DJ09615,9.0,13.31512
2025-10,БІ,DJ09615,4.0,13.059212
2025-11,БІ,DJ09615,12.0,10.515013
2025-12,БІ,DJ09615,21.0,15.885452
2026-01,БІ,DJ09615,9.0,4.5688367
2026-02,БІ,DJ09615,8.0,3.5958145
2025-07,МайПлей,DJ09615,0.0,0.5595326
2025-08,МайПлей,DJ09615,1.0,0.4323513
2025-09,МайПлей,DJ09615,2.0,0.49198493
2025-10,МайПлей,DJ09615,0.0,0.86704546
2025-11,МайПлей,DJ09615,1.0,0.49166152
2025-12,МайПлей,DJ09615,1.0,1.5855384
2026-01,МайПлей,DJ09615,0.0,0.0
2026-02,МайПлей,DJ09615,2.0,0.6331258
2025-07,Монако,DJ09615,2.0,1.5859613
2025-08,Монако,DJ09615,0.0,0.0
2025-09,Монако,DJ09615,0.0,0.0
2025-10,Монако,DJ09615,2.0,1.8595031
2025-11,Монако,DJ09615,2.0,1.5180656
2025-12,Монако,DJ09615,0.0,0.0
2026-01,Монако,DJ09615,0.0,0.0
2026-02,Монако,DJ09615,0.0,0.0
2025-07,Акварель,DJ09624,2.0,0.27512664
2025-08,Акварель,DJ09624,0.0,0.0
2025-09,Акварель,DJ09624,0.0,0.0
2025-10,Акварель,DJ09624,1.0,1.2936316
2025-11,Акварель,DJ09624,0.0,0.0
2025-12,Акварель,DJ09624,0.0,0.0
2026-01,Акварель,DJ09624,0.0,0.0
2026-02,Акварель,DJ09624,1.0,0.57233053
2025-07,Акварель,DJ09707,0.0,0.0
2025-08,Акварель,DJ09707,0.0,0.0
2025-09,Акварель,DJ09707,1.0,1.5328947
2025-10,Акварель,DJ09707,0.0,0.0
2025-11,Акварель,DJ09707,2.0,1.277568
2025-12,Акварель,DJ09707,1.0,1.5813587
2026-01,Акварель,DJ09707,0.0,0.0
2026-02,Акварель,DJ09707,0.0,0.0
2025-07,Антошка,DJ09707,0.0,0.0
2025-08,Антошка,DJ09707,0.0,0.9141252
2025-09,Антошка,DJ09707,0.0,0.4839664
2025-10,Антошка,DJ09707,1.0,0.49278918
2025-11,Антошка,DJ09707,0.0,0.0
2025-12,Антошка,DJ09707,1.0,0.7901288
2026-01,Антошка,DJ09707,0.0,0.0
2026-02,Антошка,DJ09707,0.0,0.0
2025-07,БІ,DJ09707,0.0,0.0
2025-08,БІ,DJ09707,4.0,2.3999963
2025-09,БІ,DJ09707,0.0,0.0
2025-10,БІ,DJ09707,2.0,2.4605422
2025-11,БІ,DJ09707,0.0,0.0
2025-12,БІ,DJ09707,1.0,2.9310052
2026-01,БІ,DJ09707,1.0,1.024044
2026-02,БІ,DJ09707,0.0,0.0
2025-07,Смік,DJ09707,1.0,0.5985587
2025-08,Смік,DJ09707,0.0,0.38614526
2025-09,Смік,DJ09707,0.0,0.40086028
2025-10,Смік,DJ09707,1.0,0.31109855
2025-11,Смік,DJ09707,2.0,0.40311074
2025-12,Смік,DJ09707,1.0,1.0130488
2026-01,Смік,DJ09707,0.0,0.29899755
2026-02,Смік,DJ09707,0.0,0.14982389
2025-07,Акварель,DJ09736,1.0,1.1597724
2025-08,Акварель,DJ09736,0.0,0.0
2025-09,Акварель,DJ09736,1.0,1.1862756
2025-10,Акварель,DJ09736,3.0,1.1137818
2025-11,Акварель,DJ09736,0.0,0.0
2025-12,Акварель,DJ09736,0.0,0.0
2026-01,Акварель,DJ09736,0.0,0.0
2026-02,Акварель,DJ09736,0.0,0.0
2025-07,Акварель,DJ09737,0.0,0.0
2025-08,Акварель,DJ09737,1.0,1.1005881
2025-09,Акварель,DJ09737,1.0,1.388577
2025-10,Акварель,DJ09737,0.0,0.0
2025-11,Акварель,DJ09737,0.0,0.0
2025-12,Акварель,DJ09737,1.0,1.2015815
2026-01,Акварель,DJ09737,0.0,0.0
2026-02,Акварель,DJ09737,0.0,0.0
2025-07,БІ,DJ09737,1.0,1.7624248
2025-08,БІ,DJ09737,0.0,0.0
2025-09,БІ,DJ09737,1.0,1.358935
2025-10,БІ,DJ09737,1.0,1.4674999
2025-11,БІ,DJ09737,0.0,0.0
2025-12,БІ,DJ09737,5.0,1.6568348
2026-01,БІ,DJ09737,3.0,1.1813998
2026-02,БІ,DJ09737,0.0,0.0
2025-07,ІМ-Розетка,DJ09750,0.0,0.0
2025-08,ІМ-Розетка,DJ09750,1.0,0.90024465
2025-09,ІМ-Розетка,DJ09750,20.0,2.2283816
2025-10,ІМ-Розетка,DJ09750,0.0,3.2602158
2025-11,ІМ-Розетка,DJ09750,0.0,2.9352257
2025-12,ІМ-Розетка,DJ09750,56.0,14.563072
2026-01,ІМ-Розетка,DJ09750,2.0,7.8599586
2026-02,ІМ-Розетка,DJ09750,4.0,2.0972037
2025-07,Акварель,DJ09750,3.0,4.486786
2025-08,Акварель,DJ09750,4.0,4.646422
2025-09,Акварель,DJ09750,5.0,4.1587415
2025-10,Акварель,DJ09750,8.0,5.2724223
2025-11,Акварель,DJ09750,7.0,6.3336396
2025-12,Акварель,DJ09750,31.0,23.360294
2026-01,Акварель,DJ09750,6.0,5.6717224
2026-02,Акварель,DJ09750,7.0,1.9101143
2025-07,Антошка,DJ09750,0.0,3.8538477
2025-08,Антошка,DJ09750,5.0,2.2989132
2025-09,Антошка,DJ09750,4.0,2.6905026
2025-10,Антошка,DJ09750,5.0,3.6662536
2025-11,Антошка,DJ09750,8.0,3.7368572
2025-12,Антошка,DJ09750,14.0,16.183527
2026-01,Антошка,DJ09750,9.0,10.862191
2026-02,Антошка,DJ09750,7.0,1.4833566
2025-07,БІ,DJ09750,10.0,19.629292
2025-08,БІ,DJ09750,22.0,16.518297
2025-09,БІ,DJ09750,17.0,20.326473
2025-10,БІ,DJ09750,14.0,20.811064
2025-11,БІ,DJ09750,26.0,24.41319
2025-12,БІ,DJ09750,84.0,89.06814
2026-01,БІ,DJ09750,33.0,24.701607
2026-02,БІ,DJ09750,19.0,8.714826
2025-07,Віват Канцелярія,DJ09750,1.0,0.7874406
2025-08,Віват Канцелярія,DJ09750,1.0,0.9899523
2025-09,Віват Канцелярія,DJ09750,1.0,1.0476946
2025-10,Віват Канцелярія,DJ09750,3.0,0.8733701
2025-11,Віват Канцелярія,DJ09750,6.0,1.795033
2025-12,Віват Канцелярія,DJ09750,5.0,5.8791223
2026-01,Віват Канцелярія,DJ09750,7.0,3.6486185
2026-02,Віват Канцелярія,DJ09750,0.0,0.0
2025-07,МайПлей,DJ09750,1.0,1.2534475
2025-08,МайПлей,DJ09750,3.0,1.9842571
2025-09,МайПлей,DJ09750,2.0,1.7533741
2025-10,МайПлей,DJ09750,2.0,1.809652
2025-11,МайПлей,DJ09750,3.0,2.548616
2025-12,МайПлей,DJ09750,5.0,8.989011
2026-01,МайПлей,DJ09750,4.0,2.6442218
2026-02,МайПлей,DJ09750,0.0,0.0
2025-07,ІМ-Розетка,DJ09784,0.0,0.03712821
2025-08,ІМ-Розетка,DJ09784,0.0,0.78649515
2025-09,ІМ-Розетка,DJ09784,0.0,0.25004667
2025-10,ІМ-Розетка,DJ09784,0.0,0.37355387
2025-11,ІМ-Розетка,DJ09784,1.0,0.037429087
2025-12,ІМ-Розетка,DJ09784,0.0,0.7746398
2026-01,ІМ-Розетка,DJ09784,0.0,0.0
2026-02,ІМ-Розетка,DJ09784,0.0,0.0
2025-07,Акварель,DJ09784,3.0,4.901672
2025-08,Акварель,DJ09784,5.0,5.584588
2025-09,Акварель,DJ09784,1.0,3.9271939
2025-10,Акварель,DJ09784,2.0,2.9384854
2025-11,Акварель,DJ09784,4.0,4.413911
2025-12,Акварель,DJ09784,6.0,11.909079
2026-01,Акварель,DJ09784,4.0,7.0131073
2026-02,Акварель,DJ09784,6.0,2.4851878
2025-07,Антошка,DJ09784,0.0,0.4649236
2025-08,Антошка,DJ09784,0.0,0.5296062
2025-09,Антошка,DJ09784,0.0,0.5685519
2025-10,Антошка,DJ09784,0.0,0.4491536
2025-11,Антошка,DJ09784,1.0,0.50724906
2025-12,Антошка,DJ09784,2.0,2.9111392
2026-01,Антошка,DJ09784,5.0,2.9909568
2026-02,Антошка,DJ09784,1.0,0.9736112
2025-07,БІ,DJ09784,3.0,5.581914
2025-08,БІ,DJ09784,5.0,9.270689
2025-09,БІ,DJ09784,8.0,7.7614965
2025-10,БІ,DJ09784,8.0,8.686071
2025-11,БІ,DJ09784,12.0,11.004413
2025-12,БІ,DJ09784,17.0,27.951221
2026-01,БІ,DJ09784,6.0,7.920252
2026-02,БІ,DJ09784,3.0,2.8051436
2025-07,МайПлей,DJ09784,1.0,0.5079115
2025-08,МайПлей,DJ09784,0.0,1.2056421
2025-09,МайПлей,DJ09784,0.0,0.44019178
2025-10,МайПлей,DJ09784,1.0,0.96309835
2025-11,МайПлей,DJ09784,0.0,0.5535569
2025-12,МайПлей,DJ09784,2.0,1.9925631
2026-01,МайПлей,DJ09784,2.0,2.7246199
2026-02,МайПлей,DJ09784,2.0,0.7967899
2025-07,ІМ-Розетка,DJ09807,11.0,1.7068079
2025-08,ІМ-Розетка,DJ09807,6.0,5.9213715
2025-09,ІМ-Розетка,DJ09807,6.0,6.1855884
2025-10,ІМ-Розетка,DJ09807,4.0,6.1180296
2025-11,ІМ-Розетка,DJ09807,5.0,3.277135
2025-12,ІМ-Розетка,DJ09807,1.0,10.639341
2026-01,ІМ-Розетка,DJ09807,5.0,2.8377593
2026-02,ІМ-Розетка,DJ09807,0.0,0.0
2025-07,Акварель,DJ09807,2.0,3.1153004
2025-08,Акварель,DJ09807,6.0,3.7693875
2025-09,Акварель,DJ09807,3.0,3.1923366
2025-10,Акварель,DJ09807,5.0,2.9719474
2025-11,Акварель,DJ09807,4.0,3.0254614
2025-12,Акварель,DJ09807,8.0,12.821064
2026-01,Акварель,DJ09807,3.0,5.477512
2026-02,Акварель,DJ09807,1.0,2.4250474
2025-07,БІ,DJ09807,8.0,10.48735
2025-08,БІ,DJ09807,10.0,11.562444
2025-09,БІ,DJ09807,13.0,9.713318
2025-10,БІ,DJ09807,21.0,13.227604
2025-11,БІ,DJ09807,19.0,17.819017
2025-12,БІ,DJ09807,42.0,47.550785
2026-01,БІ,DJ09807,12.0,15.606108
2026-02,БІ,DJ09807,14.0,8.846955
2025-07,МайПлей,DJ09807,1.0,0.47993702
2025-08,МайПлей,DJ09807,0.0,0.7943446
2025-09,МайПлей,DJ09807,0.0,0.50603145
2025-10,МайПлей,DJ09807,2.0,0.5862202
2025-11,МайПлей,DJ09807,1.0,0.75463134
2025-12,МайПлей,DJ09807,4.0,2.0874605
2026-01,МайПлей,DJ09807,0.0,0.0
2026-02,МайПлей,DJ09807,1.0,0.7478814
2025-07,Мегамаркет,DJ09807,1.0,0.7182124
2025-08,Мегамаркет,DJ09807,0.0,0.54555994
2025-09,Мегамаркет,DJ09807,0.0,0.40892646
2025-10,Мегамаркет,DJ09807,0.0,0.3931561
2025-11,Мегамаркет,DJ09807,1.0,0.4017459
2025-12,Мегамаркет,DJ09807,2.0,1.1653943
2026-01,Мегамаркет,DJ09807,1.0,0.7933795
2026-02,Мегамаркет,DJ09807,0.0,0.0
2025-07,Смік,DJ09807,0.0,0.34645775
2025-08,Смік,DJ09807,0.0,0.43447736
2025-09,Смік,DJ09807,0.0,0.43916953
2025-10,Смік,DJ09807,2.0,0.36380547
2025-11,Смік,DJ09807,2.0,0.5260777
2025-12,Смік,DJ09807,7.0,1.426616
2026-01,Смік,DJ09807,0.0,0.0
2026-02,Смік,DJ09807,1.0,0.8720109
2025-07,Супрун ФОП,DJ09807,0.0,0.0
2025-08,Супрун ФОП,DJ09807,2.0,1.3691547
2025-09,Супрун ФОП,DJ09807,11.0,1.7861322
2025-10,Супрун ФОП,DJ09807,3.0,5.692117
2025-11,Супрун ФОП,DJ09807,5.0,3.2014909
2025-12,Супрун ФОП,DJ09807,0.0,0.58875513
2026-01,Супрун ФОП,DJ09807,0.0,0.0
2026-02,Супрун ФОП,DJ09807,0.0,0.0
2025-07,ІМ-Розетка,DJ09808,9.0,1.3972594
2025-08,ІМ-Розетка,DJ09808,4.0,1.088205
2025-09,ІМ-Розетка,DJ09808,2.0,3.0538275
2025-10,ІМ-Розетка,DJ09808,6.0,5.6062374
2025-11,ІМ-Розетка,DJ09808,5.0,5.0540004
2025-12,ІМ-Розетка,DJ09808,4.0,7.385751
2026-01,ІМ-Розетка,DJ09808,3.0,2.2716217
2026-02,ІМ-Розетка,DJ09808,0.0,0.0
2025-07,Акварель,DJ09808,4.0,3.4618201
2025-08,Акварель,DJ09808,3.0,4.104775
2025-09,Акварель,DJ09808,1.0,3.2271707
2025-10,Акварель,DJ09808,4.0,2.782097
2025-11,Акварель,DJ09808,2.0,3.4632232
2025-12,Акварель,DJ09808,4.0,9.115167
2026-01,Акварель,DJ09808,5.0,2.424278
2026-02,Акварель,DJ09808,3.0,2.141745
2025-07,Антошка,DJ09808,3.0,2.971355
2025-08,Антошка,DJ09808,2.0,2.9459562
2025-09,Антошка,DJ09808,0.0,2.4789426
2025-10,Антошка,DJ09808,2.0,2.0249612
2025-11,Антошка,DJ09808,1.0,1.935694
2025-12,Антошка,DJ09808,5.0,5.6300583
2026-01,Антошка,DJ09808,1.0,10.236548
2026-02,Антошка,DJ09808,2.0,2.133826
2025-07,БІ,DJ09808,9.0,9.140296
2025-08,БІ,DJ09808,9.0,11.923287
2025-09,БІ,DJ09808,15.0,11.949625
2025-10,БІ,DJ09808,11.0,15.163663
2025-11,БІ,DJ09808,21.0,13.437472
2025-12,БІ,DJ09808,26.0,44.772606
2026-01,БІ,DJ09808,11.0,12.376135
2026-02,БІ,DJ09808,10.0,3.9703822
2025-07,Епіцентр,DJ09808,2.0,0.95418566
2025-08,Епіцентр,DJ09808,0.0,1.5332174
2025-09,Епіцентр,DJ09808,0.0,0.42684546
2025-10,Епіцентр,DJ09808,0.0,0.4842361
2025-11,Епіцентр,DJ09808,0.0,0.42921165
2025-12,Епіцентр,DJ09808,0.0,1.1852064
2026-01,Епіцентр,DJ09808,1.0,0.4353305
2026-02,Епіцентр,DJ09808,1.0,1.2429003
2025-07,МайПлей,DJ09808,0.0,0.6315879
2025-08,МайПлей,DJ09808,3.0,0.5378611
2025-09,МайПлей,DJ09808,2.0,0.9344969
2025-10,МайПлей,DJ09808,1.0,1.2725729
2025-11,МайПлей,DJ09808,0.0,0.94775766
2025-12,МайПлей,DJ09808,4.0,1.6251634
2026-01,МайПлей,DJ09808,0.0,0.0
2026-02,МайПлей,DJ09808,1.0,0.78003174
2025-07,Мегамаркет,DJ09808,2.0,0.7062651
2025-08,Мегамаркет,DJ09808,0.0,0.5733566
2025-09,Мегамаркет,DJ09808,1.0,0.66123086
2025-10,Мегамаркет,DJ09808,0.0,0.65740895
2025-11,Мегамаркет,DJ09808,0.0,0.40688643
2025-12,Мегамаркет,DJ09808,2.0,0.94623464
2026-01,Мегамаркет,DJ09808,0.0,0.0
2026-02,Мегамаркет,DJ09808,0.0,0.0
2025-07,Смік,DJ09808,2.0,0.53772116
2025-08,Смік,DJ09808,0.0,0.6100137
2025-09,Смік,DJ09808,0.0,0.47086826
2025-10,Смік,DJ09808,0.0,0.57332766
2025-11,Смік,DJ09808,2.0,0.4303206
2025-12,Смік,DJ09808,2.0,1.6794212
2026-01,Смік,DJ09808,3.0,1.2197905
2026-02,Смік,DJ09808,0.0,0.0
2025-07,Супрун ФОП,DJ09808,0.0,0.0
2025-08,Супрун ФОП,DJ09808,2.0,1.6930356
2025-09,Супрун ФОП,DJ09808,4.0,2.0903795
2025-10,Супрун ФОП,DJ09808,3.0,2.4640741
2025-11,Супрун ФОП,DJ09808,5.0,2.2716014
2025-12,Супрун ФОП,DJ09808,1.0,5.5808625
2026-01,Супрун ФОП,DJ09808,0.0,0.0
2026-02,Супрун ФОП,DJ09808,0.0,0.0
2025-07,ІМ-Розетка,DJ09809,4.0,2.607623
2025-08,ІМ-Розетка,DJ09809,6.0,3.275034
2025-09,ІМ-Розетка,DJ09809,0.0,1.6855828
2025-10,ІМ-Розетка,DJ09809,3.0,1.573777
2025-11,ІМ-Розетка,DJ09809,3.0,4.234694
2025-12,ІМ-Розетка,DJ09809,1.0,3.8394537
2026-01,ІМ-Розетка,DJ09809,0.0,0.0
2026-02,ІМ-Розетка,DJ09809,2.0,1.034838
2025-07,Акварель,DJ09809,3.0,2.40581
2025-08,Акварель,DJ09809,2.0,3.2734559
2025-09,Акварель,DJ09809,0.0,2.4255288
2025-10,Акварель,DJ09809,3.0,1.5118332
2025-11,Акварель,DJ09809,1.0,3.315566
2025-12,Акварель,DJ09809,4.0,3.416879
2026-01,Акварель,DJ09809,4.0,1.7230499
2026-02,Акварель,DJ09809,2.0,1.8243906
2025-07,БІ,DJ09809,3.0,4.2170024
2025-08,БІ,DJ09809,8.0,5.0857677
2025-09,БІ,DJ09809,7.0,5.672731
2025-10,БІ,DJ09809,11.0,7.658692
2025-11,БІ,DJ09809,10.0,10.213741
2025-12,БІ,DJ09809,19.0,19.348251
2026-01,БІ,DJ09809,12.0,4.478423
2026-02,БІ,DJ09809,6.0,3.9176397
2025-07,Віват Канцелярія,DJ09809,1.0,0.8859717
2025-08,Віват Канцелярія,DJ09809,1.0,1.0195686
2025-09,Віват Канцелярія,DJ09809,0.0,2.5642774
2025-10,Віват Канцелярія,DJ09809,3.0,0.8495011
2025-11,Віват Канцелярія,DJ09809,4.0,2.0191903
2025-12,Віват Канцелярія,DJ09809,4.0,3.8016634
2026-01,Віват Канцелярія,DJ09809,0.0,0.0
2026-02,Віват Канцелярія,DJ09809,0.0,0.0
2025-07,МайПлей,DJ09809,0.0,0.52043545
2025-08,МайПлей,DJ09809,2.0,0.56355125
2025-09,МайПлей,DJ09809,1.0,0.79834497
2025-10,МайПлей,DJ09809,0.0,1.0302447
2025-11,МайПлей,DJ09809,0.0,0.5839778
2025-12,МайПлей,DJ09809,2.0,1.5033158
2026-01,МайПлей,DJ09809,0.0,0.0
2026-02,МайПлей,DJ09809,4.0,0.79372865
2025-07,Мегамаркет,DJ09809,0.0,0.7759612
2025-08,Мегамаркет,DJ09809,0.0,0.47706243
2025-09,Мегамаркет,DJ09809,0.0,0.43671098
2025-10,Мегамаркет,DJ09809,0.0,0.40836838
2025-11,Мегамаркет,DJ09809,0.0,0.39890203
2025-12,Мегамаркет,DJ09809,1.0,0.74022007
2026-01,Мегамаркет,DJ09809,0.0,0.018578976
2026-02,Мегамаркет,DJ09809,0.0,0.0
2025-07,Монако,DJ09809,1.0,1.2576339
2025-08,Монако,DJ09809,0.0,0.0
2025-09,Монако,DJ09809,0.0,0.0
2025-10,Монако,DJ09809,0.0,0.0
2025-11,Монако,DJ09809,0.0,0.0
2025-12,Монако,DJ09809,0.0,0.0
2026-01,Монако,DJ09809,0.0,0.0
2026-02,Монако,DJ09809,0.0,0.012848617
2025-07,СмартТойс,DJ09809,1.0,1.2065732
2025-08,СмартТойс,DJ09809,0.0,0.0
2025-09,СмартТойс,DJ09809,0.0,0.0
2025-10,СмартТойс,DJ09809,0.0,0.0
2025-11,СмартТойс,DJ09809,1.0,1.2933022
2025-12,СмартТойс,DJ09809,1.0,0.9771907
2026-01,СмартТойс,DJ09809,0.0,0.0
2026-02,СмартТойс,DJ09809,0.0,0.0
2025-07,Смік,DJ09809,0.0,0.35342988
2025-08,Смік,DJ09809,0.0,0.37014598
2025-09,Смік,DJ09809,1.0,0.44693667
2025-10,Смік,DJ09809,0.0,0.5279072
2025-11,Смік,DJ09809,0.0,0.4918002
2025-12,Смік,DJ09809,0.0,1.0786487
2026-01,Смік,DJ09809,1.0,0.5345368
2026-02,Смік,DJ09809,1.0,0.98195815
2025-07,Супрун ФОП,DJ09809,0.0,0.0
2025-08,Супрун ФОП,DJ09809,2.0,1.5502206
2025-09,Супрун ФОП,DJ09809,2.0,1.8131258
2025-10,Супрун ФОП,DJ09809,3.0,2.2706077
2025-11,Супрун ФОП,DJ09809,7.0,2.7260325
2025-12,Супрун ФОП,DJ09809,4.0,5.3301673
2026-01,Супрун ФОП,DJ09809,0.0,0.0
2026-02,Супрун ФОП,DJ09809,0.0,0.0
2025-07,ІМ-Розетка,DJ09810,3.0,2.335945
2025-08,ІМ-Розетка,DJ09810,0.0,1.7072365
2025-09,ІМ-Розетка,DJ09810,0.0,1.9394158
2025-10,ІМ-Розетка,DJ09810,1.0,1.6368359
2025-11,ІМ-Розетка,DJ09810,1.0,2.2218204
2025-12,ІМ-Розетка,DJ09810,3.0,4.420158
2026-01,ІМ-Розетка,DJ09810,0.0,0.0
2026-02,ІМ-Розетка,DJ09810,2.0,0.8806764
2025-07,Акварель,DJ09810,7.0,6.027046
2025-08,Акварель,DJ09810,4.0,6.1405225
2025-09,Акварель,DJ09810,7.0,4.181406
2025-10,Акварель,DJ09810,6.0,7.0712123
2025-11,Акварель,DJ09810,3.0,7.1829667
2025-12,Акварель,DJ09810,11.0,15.347293
2026-01,Акварель,DJ09810,1.0,3.4839666
2026-02,Акварель,DJ09810,6.0,1.2470293
2025-07,Антошка,DJ09810,12.0,8.3578415
2025-08,Антошка,DJ09810,14.0,11.42273
2025-09,Антошка,DJ09810,8.0,11.1415825
2025-10,Антошка,DJ09810,13.0,11.529971
2025-11,Антошка,DJ09810,10.0,11.17072
2025-12,Антошка,DJ09810,18.0,21.855837
2026-01,Антошка,DJ09810,7.0,15.004001
2026-02,Антошка,DJ09810,5.0,2.9185648
2025-07,БІ,DJ09810,16.0,19.296846
2025-08,БІ,DJ09810,20.0,16.145094
2025-09,БІ,DJ09810,12.0,18.804974
2025-10,БІ,DJ09810,35.0,19.903006
2025-11,БІ,DJ09810,43.0,26.074205
2025-12,БІ,DJ09810,61.0,73.75118
2026-01,БІ,DJ09810,14.0,23.165012
2026-02,БІ,DJ09810,17.0,5.778483
2025-07,Віват Канцелярія,DJ09810,2.0,1.815363
2025-08,Віват Канцелярія,DJ09810,3.0,2.040896
2025-09,Віват Канцелярія,DJ09810,1.0,3.6026099
2025-10,Віват Канцелярія,DJ09810,2.0,2.7320015
2025-11,Віват Канцелярія,DJ09810,5.0,2.072278
2025-12,Віват Канцелярія,DJ09810,6.0,4.4672666
2026-01,Віват Канцелярія,DJ09810,3.0,2.9078362
2026-02,Віват Канцелярія,DJ09810,0.0,0.0
2025-07,МайПлей,DJ09810,1.0,0.75845623
2025-08,МайПлей,DJ09810,2.0,0.86607414
2025-09,МайПлей,DJ09810,2.0,0.987623
2025-10,МайПлей,DJ09810,1.0,1.2259191
2025-11,МайПлей,DJ09810,0.0,1.0085808
2025-12,МайПлей,DJ09810,5.0,2.4461696
2026-01,МайПлей,DJ09810,0.0,0.0
2026-02,МайПлей,DJ09810,0.0,0.0
2025-07,Мегамаркет,DJ09810,1.0,0.79556364
2025-08,Мегамаркет,DJ09810,0.0,0.37180033
2025-09,Мегамаркет,DJ09810,3.0,0.63635683
2025-10,Мегамаркет,DJ09810,0.0,0.5583333
2025-11,Мегамаркет,DJ09810,0.0,0.5479388
2025-12,Мегамаркет,DJ09810,1.0,1.933525
2026-01,Мегамаркет,DJ09810,0.0,0.020780418
2026-02,Мегамаркет,DJ09810,0.0,0.0
2025-07,Смік,DJ09810,1.0,0.33993834
2025-08,Смік,DJ09810,2.0,0.48980895
2025-09,Смік,DJ09810,0.0,0.5753376
2025-10,Смік,DJ09810,0.0,0.6546268
2025-11,Смік,DJ09810,0.0,0.49961463
2025-12,Смік,DJ09810,0.0,1.2137966
2026-01,Смік,DJ09810,0.0,0.0
2026-02,Смік,DJ09810,0.0,0.0
2025-07,Акварель,DJ09837,2.0,2.7001333
2025-08,Акварель,DJ09837,3.0,3.1615608
2025-09,Акварель,DJ09837,4.0,2.591454
2025-10,Акварель,DJ09837,3.0,2.7141044
2025-11,Акварель,DJ09837,4.0,2.6268237
2025-12,Акварель,DJ09837,12.0,11.843451
2026-01,Акварель,DJ09837,4.0,8.189242
2026-02,Акварель,DJ09837,5.0,4.5156355
2025-07,Антошка,DJ09837,4.0,1.4874547
2025-08,Антошка,DJ09837,1.0,1.4845531
2025-09,Антошка,DJ09837,1.0,1.673513
2025-10,Антошка,DJ09837,0.0,1.9135543
2025-11,Антошка,DJ09837,5.0,1.3305342
2025-12,Антошка,DJ09837,3.0,8.142516
2026-01,Антошка,DJ09837,3.0,3.1398926
2026-02,Антошка,DJ09837,2.0,1.2297771
2025-07,БІ,DJ09837,7.0,9.278298
2025-08,БІ,DJ09837,4.0,11.84925
2025-09,БІ,DJ09837,12.0,9.505577
2025-10,БІ,DJ09837,11.0,9.120619
2025-11,БІ,DJ09837,10.0,9.102803
2025-12,БІ,DJ09837,18.0,28.101616
2026-01,БІ,DJ09837,15.0,4.862433
2026-02,БІ,DJ09837,6.0,4.3671107
2025-07,ІМ-Розетка,DJ09838,5.0,0.30940133
2025-08,ІМ-Розетка,DJ09838,3.0,3.2176805
2025-09,ІМ-Розетка,DJ09838,2.0,3.222317
2025-10,ІМ-Розетка,DJ09838,4.0,4.2894897
2025-11,ІМ-Розетка,DJ09838,2.0,5.3348613
2025-12,ІМ-Розетка,DJ09838,17.0,16.097244
2026-01,ІМ-Розетка,DJ09838,5.0,5.606334
2026-02,ІМ-Розетка,DJ09838,2.0,2.76365
2025-07,Акварель,DJ09838,2.0,3.891432
2025-08,Акварель,DJ09838,4.0,4.051272
2025-09,Акварель,DJ09838,3.0,3.0545776
2025-10,Акварель,DJ09838,3.0,4.8224077
2025-11,Акварель,DJ09838,8.0,5.974342
2025-12,Акварель,DJ09838,20.0,17.4108
2026-01,Акварель,DJ09838,11.0,7.816409
2026-02,Акварель,DJ09838,7.0,2.5241957
2025-07,Антошка,DJ09838,2.0,0.46024874
2025-08,Антошка,DJ09838,1.0,0.6702559
2025-09,Антошка,DJ09838,0.0,0.8848084
2025-10,Антошка,DJ09838,1.0,1.177652
2025-11,Антошка,DJ09838,3.0,0.87302345
2025-12,Антошка,DJ09838,2.0,5.570222
2026-01,Антошка,DJ09838,2.0,4.4409876
2026-02,Антошка,DJ09838,0.0,0.0
2025-07,БІ,DJ09838,29.0,21.981554
2025-08,БІ,DJ09838,18.0,26.61491
2025-09,БІ,DJ09838,22.0,22.07167
2025-10,БІ,DJ09838,36.0,29.901514
2025-11,БІ,DJ09838,40.0,41.202003
2025-12,БІ,DJ09838,85.0,109.51797
2026-01,БІ,DJ09838,34.0,31.910358
2026-02,БІ,DJ09838,24.0,17.95609
2025-07,Епіцентр,DJ09838,0.0,0.5779382
2025-08,Епіцентр,DJ09838,0.0,0.8020341
2025-09,Епіцентр,DJ09838,0.0,0.7735018
2025-10,Епіцентр,DJ09838,2.0,0.70927995
2025-11,Епіцентр,DJ09838,4.0,1.401504
2025-12,Епіцентр,DJ09838,6.0,4.884323
2026-01,Епіцентр,DJ09838,4.0,2.3078158
2026-02,Епіцентр,DJ09838,0.0,0.0
2025-07,МайПлей,DJ09838,0.0,0.8066963
2025-08,МайПлей,DJ09838,0.0,0.88569754
2025-09,МайПлей,DJ09838,1.0,0.40558985
2025-10,МайПлей,DJ09838,3.0,1.1288636
2025-11,МайПлей,DJ09838,0.0,2.622058
2025-12,МайПлей,DJ09838,9.0,4.553007
2026-01,МайПлей,DJ09838,4.0,3.2060184
2026-02,МайПлей,DJ09838,1.0,1.7464031
2025-07,Мегамаркет,DJ09838,0.0,0.4671579
2025-08,Мегамаркет,DJ09838,1.0,0.36773196
2025-09,Мегамаркет,DJ09838,1.0,0.3033784
2025-10,Мегамаркет,DJ09838,0.0,0.2665806
2025-11,Мегамаркет,DJ09838,0.0,0.3430237
2025-12,Мегамаркет,DJ09838,2.0,0.92339295
2026-01,Мегамаркет,DJ09838,0.0,1.1851109
2026-02,Мегамаркет,DJ09838,1.0,0.10885391
2025-07,ІМ-Розетка,DJ09839,0.0,0.0
2025-08,ІМ-Розетка,DJ09839,0.0,0.43949148
2025-09,ІМ-Розетка,DJ09839,6.0,1.0916291
2025-10,ІМ-Розетка,DJ09839,1.0,0.6700697
2025-11,ІМ-Розетка,DJ09839,0.0,0.4536924
2025-12,ІМ-Розетка,DJ09839,1.0,0.4228181
2026-01,ІМ-Розетка,DJ09839,0.0,0.18919931
2026-02,ІМ-Розетка,DJ09839,0.0,0.09338283
2025-07,Акварель,DJ09839,8.0,3.9793534
2025-08,Акварель,DJ09839,11.0,4.8974423
2025-09,Акварель,DJ09839,3.0,7.0758324
2025-10,Акварель,DJ09839,4.0,7.0779586
2025-11,Акварель,DJ09839,7.0,7.9175563
2025-12,Акварель,DJ09839,13.0,16.17469
2026-01,Акварель,DJ09839,7.0,8.122028
2026-02,Акварель,DJ09839,11.0,2.7064793
2025-07,Антошка,DJ09839,0.0,0.42512518
2025-08,Антошка,DJ09839,0.0,0.81944585
2025-09,Антошка,DJ09839,1.0,1.3165703
2025-10,Антошка,DJ09839,2.0,0.57538545
2025-11,Антошка,DJ09839,3.0,2.0863345
2025-12,Антошка,DJ09839,6.0,7.5033116
2026-01,Антошка,DJ09839,2.0,5.600261
2026-02,Антошка,DJ09839,1.0,0.3483102
2025-07,БІ,DJ09839,8.0,14.44448
2025-08,БІ,DJ09839,12.0,13.516032
2025-09,БІ,DJ09839,9.0,12.675773
2025-10,БІ,DJ09839,7.0,15.3982315
2025-11,БІ,DJ09839,17.0,16.094595
2025-12,БІ,DJ09839,21.0,47.65192
2026-01,БІ,DJ09839,15.0,11.128544
2026-02,БІ,DJ09839,5.0,5.712539
2025-07,МайПлей,DJ09839,0.0,0.7713798
2025-08,МайПлей,DJ09839,0.0,0.9896366
2025-09,МайПлей,DJ09839,0.0,0.51161146
2025-10,МайПлей,DJ09839,1.0,0.82819873
2025-11,МайПлей,DJ09839,2.0,1.8090566
2025-12,МайПлей,DJ09839,5.0,4.7992196
2026-01,МайПлей,DJ09839,2.0,2.9282339
2026-02,МайПлей,DJ09839,1.0,0.7735574
2025-07,ІМ-Розетка,DJ09863,0.0,1.1392219
2025-08,ІМ-Розетка,DJ09863,1.0,0.6423139
2025-09,ІМ-Розетка,DJ09863,3.0,1.7363197
2025-10,ІМ-Розетка,DJ09863,3.0,0.8101881
2025-11,ІМ-Розетка,DJ09863,7.0,2.316799
2025-12,ІМ-Розетка,DJ09863,6.0,9.375488
2026-01,ІМ-Розетка,DJ09863,1.0,2.659119
2026-02,ІМ-Розетка,DJ09863,1.0,2.2789054
2025-07,Акварель,DJ09863,2.0,2.6353774
2025-08,Акварель,DJ09863,0.0,3.0723886
2025-09,Акварель,DJ09863,1.0,1.5118738
2025-10,Акварель,DJ09863,4.0,3.5566347
2025-11,Акварель,DJ09863,2.0,3.7089493
2025-12,Акварель,DJ09863,3.0,7.6731944
2026-01,Акварель,DJ09863,3.0,2.2283502
2026-02,Акварель,DJ09863,1.0,2.1282723
2025-07,Антошка,DJ09863,5.0,3.8684762
2025-08,Антошка,DJ09863,3.0,4.5947504
2025-09,Антошка,DJ09863,5.0,3.8856359
2025-10,Антошка,DJ09863,8.0,4.909158
2025-11,Антошка,DJ09863,16.0,8.237958
2025-12,Антошка,DJ09863,25.0,22.64029
2026-01,Антошка,DJ09863,11.0,11.825951
2026-02,Антошка,DJ09863,9.0,2.9919436
2025-07,БІ,DJ09863,7.0,12.111824
2025-08,БІ,DJ09863,10.0,12.851793
2025-09,БІ,DJ09863,18.0,12.992321
2025-10,БІ,DJ09863,19.0,18.045164
2025-11,БІ,DJ09863,23.0,20.215897
2025-12,БІ,DJ09863,43.0,45.56667
2026-01,БІ,DJ09863,36.0,14.910617
2026-02,БІ,DJ09863,19.0,8.958577
2025-07,МайПлей,DJ09863,1.0,1.2505822
2025-08,МайПлей,DJ09863,1.0,1.192999
2025-09,МайПлей,DJ09863,2.0,1.7907917
2025-10,МайПлей,DJ09863,5.0,1.6148516
2025-11,МайПлей,DJ09863,2.0,2.867262
2025-12,МайПлей,DJ09863,4.0,6.3040905
2026-01,МайПлей,DJ09863,1.0,1.9768136
2026-02,МайПлей,DJ09863,1.0,1.1552485
2025-07,ІМ-Розетка,DJ09864,2.0,1.5319703
2025-08,ІМ-Розетка,DJ09864,1.0,1.4122523
2025-09,ІМ-Розетка,DJ09864,0.0,1.9300703
2025-10,ІМ-Розетка,DJ09864,0.0,0.9342586
2025-11,ІМ-Розетка,DJ09864,2.0,0.64435005
2025-12,ІМ-Розетка,DJ09864,1.0,0.95968336
2026-01,ІМ-Розетка,DJ09864,0.0,0.0
2026-02,ІМ-Розетка,DJ09864,0.0,0.0
2025-07,Акварель,DJ09864,1.0,2.0145078
2025-08,Акварель,DJ09864,0.0,2.48816
2025-09,Акварель,DJ09864,1.0,1.1680214
2025-10,Акварель,DJ09864,0.0,1.8149147
2025-11,Акварель,DJ09864,1.0,1.2824657
2025-12,Акварель,DJ09864,4.0,4.9153395
2026-01,Акварель,DJ09864,1.0,6.015503
2026-02,Акварель,DJ09864,6.0,2.8287122
2025-07,БІ,DJ09864,13.0,11.967928
2025-08,БІ,DJ09864,9.0,12.359163
2025-09,БІ,DJ09864,5.0,12.124026
2025-10,БІ,DJ09864,14.0,12.888296
2025-11,БІ,DJ09864,13.0,11.870762
2025-12,БІ,DJ09864,32.0,21.835398
2026-01,БІ,DJ09864,13.0,11.536447
2026-02,БІ,DJ09864,12.0,3.7786508
2025-07,МайПлей,DJ09864,0.0,0.7489126
2025-08,МайПлей,DJ09864,2.0,1.0458233
2025-09,МайПлей,DJ09864,2.0,0.82573915
2025-10,МайПлей,DJ09864,1.0,1.3243067
2025-11,МайПлей,DJ09864,1.0,0.9468923
2025-12,МайПлей,DJ09864,0.0,2.1094048
2026-01,МайПлей,DJ09864,0.0,0.0
2026-02,МайПлей,DJ09864,2.0,0.7516914
2025-07,Супрун ФОП,DJ09864,0.0,0.0
2025-08,Супрун ФОП,DJ09864,3.0,1.4144288
2025-09,Супрун ФОП,DJ09864,18.0,2.5687563
2025-10,Супрун ФОП,DJ09864,0.0,0.034027647
2025-11,Супрун ФОП,DJ09864,0.0,0.0
2025-12,Супрун ФОП,DJ09864,0.0,0.052383296
2026-01,Супрун ФОП,DJ09864,0.0,0.0
2026-02,Супрун ФОП,DJ09864,0.0,0.0
2025-07,ІМ-Розетка,DJ09867,1.0,1.5340986
2025-08,ІМ-Розетка,DJ09867,1.0,1.6181282
2025-09,ІМ-Розетка,DJ09867,1.0,1.4685143
2025-10,ІМ-Розетка,DJ09867,2.0,1.5067292
2025-11,ІМ-Розетка,DJ09867,13.0,3.4028883
2025-12,ІМ-Розетка,DJ09867,5.0,8.800172
2026-01,ІМ-Розетка,DJ09867,0.0,0.0
2026-02,ІМ-Розетка,DJ09867,0.0,0.0
2025-07,Акварель,DJ09867,6.0,3.3502433
2025-08,Акварель,DJ09867,4.0,3.3021996
2025-09,Акварель,DJ09867,7.0,3.0011196
2025-10,Акварель,DJ09867,5.0,3.3686926
2025-11,Акварель,DJ09867,3.0,4.4291
2025-12,Акварель,DJ09867,14.0,16.283247
2026-01,Акварель,DJ09867,9.0,2.9101136
2026-02,Акварель,DJ09867,1.0,2.1553726
2025-07,Антошка,DJ09867,3.0,1.8035606
2025-08,Антошка,DJ09867,2.0,3.3078287
2025-09,Антошка,DJ09867,5.0,5.2990665
2025-10,Антошка,DJ09867,7.0,6.685382
2025-11,Антошка,DJ09867,8.0,6.4581885
2025-12,Антошка,DJ09867,28.0,21.606125
2026-01,Антошка,DJ09867,13.0,10.623389
2026-02,Антошка,DJ09867,3.0,2.8544166
2025-07,БІ,DJ09867,13.0,28.876354
2025-08,БІ,DJ09867,30.0,20.756393
2025-09,БІ,DJ09867,34.0,31.785524
2025-10,БІ,DJ09867,38.0,50.34698
2025-11,БІ,DJ09867,76.0,50.75971
2025-12,БІ,DJ09867,158.0,107.12398
2026-01,БІ,DJ09867,48.0,28.802698
2026-02,БІ,DJ09867,16.0,16.124744
2025-07,МайПлей,DJ09867,0.0,1.3226384
2025-08,МайПлей,DJ09867,4.0,1.297963
2025-09,МайПлей,DJ09867,2.0,1.9010041
2025-10,МайПлей,DJ09867,6.0,1.9091469
2025-11,МайПлей,DJ09867,5.0,4.086141
2025-12,МайПлей,DJ09867,14.0,11.933502
2026-01,МайПлей,DJ09867,2.0,3.2068026
2026-02,МайПлей,DJ09867,2.0,1.2816955
2025-07,Мегамаркет,DJ09867,0.0,0.36368805
2025-08,Мегамаркет,DJ09867,0.0,0.3484094
2025-09,Мегамаркет,DJ09867,0.0,0.53538126
2025-10,Мегамаркет,DJ09867,0.0,0.5671096
2025-11,Мегамаркет,DJ09867,1.0,0.4514225
2025-12,Мегамаркет,DJ09867,0.0,0.62015104
2026-01,Мегамаркет,DJ09867,1.0,0.1283591
2026-02,Мегамаркет,DJ09867,1.0,0.25200042
2025-07,ІМ-Розетка,DJ09868,0.0,0.8174348
2025-08,ІМ-Розетка,DJ09868,1.0,0.44275972
2025-09,ІМ-Розетка,DJ09868,0.0,1.0421017
2025-10,ІМ-Розетка,DJ09868,0.0,0.46119735
2025-11,ІМ-Розетка,DJ09868,6.0,0.6162487
2025-12,ІМ-Розетка,DJ09868,1.0,2.6817944
2026-01,ІМ-Розетка,DJ09868,1.0,1.608847
2026-02,ІМ-Розетка,DJ09868,1.0,0.88817495
2025-07,Акварель,DJ09868,4.0,2.7092497
2025-08,Акварель,DJ09868,1.0,2.5131428
2025-09,Акварель,DJ09868,3.0,2.3549855
2025-10,Акварель,DJ09868,9.0,3.3162417
2025-11,Акварель,DJ09868,9.0,6.895701
2025-12,Акварель,DJ09868,10.0,16.885416
2026-01,Акварель,DJ09868,5.0,5.7514176
2026-02,Акварель,DJ09868,4.0,2.178258
2025-07,Антошка,DJ09868,1.0,0.10504387
2025-08,Антошка,DJ09868,0.0,0.66762817
2025-09,Антошка,DJ09868,0.0,0.862938
2025-10,Антошка,DJ09868,0.0,0.73186517
2025-11,Антошка,DJ09868,4.0,0.679242
2025-12,Антошка,DJ09868,2.0,3.634782
2026-01,Антошка,DJ09868,4.0,4.4726663
2026-02,Антошка,DJ09868,1.0,1.5612106
2025-07,БІ,DJ09868,15.0,14.075109
2025-08,БІ,DJ09868,12.0,14.125956
2025-09,БІ,DJ09868,15.0,13.097546
2025-10,БІ,DJ09868,23.0,16.393314
2025-11,БІ,DJ09868,23.0,25.330353
2025-12,БІ,DJ09868,60.0,48.254185
2026-01,БІ,DJ09868,30.0,9.856352
2026-02,БІ,DJ09868,17.0,7.486246
2025-07,Епіцентр,DJ09868,1.0,0.36318448
2025-08,Епіцентр,DJ09868,0.0,0.5094438
2025-09,Епіцентр,DJ09868,0.0,0.42968827
2025-10,Епіцентр,DJ09868,0.0,0.44436556
2025-11,Епіцентр,DJ09868,1.0,0.36395848
2025-12,Епіцентр,DJ09868,4.0,2.0036938
2026-01,Епіцентр,DJ09868,1.0,1.1270053
2026-02,Епіцентр,DJ09868,1.0,1.5443294
2025-07,МайПлей,DJ09868,0.0,1.5514884
2025-08,МайПлей,DJ09868,4.0,0.92929184
2025-09,МайПлей,DJ09868,1.0,1.5437263
2025-10,МайПлей,DJ09868,4.0,1.7802432
2025-11,МайПлей,DJ09868,6.0,2.72059
2025-12,МайПлей,DJ09868,5.0,8.748782
2026-01,МайПлей,DJ09868,2.0,3.8215768
2026-02,МайПлей,DJ09868,2.0,1.4515537
2025-07,Мегамаркет,DJ09868,1.0,0.59143865
2025-08,Мегамаркет,DJ09868,0.0,0.13360354
2025-09,Мегамаркет,DJ09868,0.0,0.42543942
2025-10,Мегамаркет,DJ09868,0.0,0.25731888
2025-11,Мегамаркет,DJ09868,1.0,0.25103816
2025-12,Мегамаркет,DJ09868,2.0,0.4123602
2026-01,Мегамаркет,DJ09868,1.0,0.1983001
2026-02,Мегамаркет,DJ09868,1.0,0.24594364
2025-07,ІМ-Розетка,DJ09869,0.0,0.81494844
2025-08,ІМ-Розетка,DJ09869,0.0,0.5810105
2025-09,ІМ-Розетка,DJ09869,4.0,0.62261003
2025-10,ІМ-Розетка,DJ09869,0.0,1.4519272
2025-11,ІМ-Розетка,DJ09869,0.0,0.7731043
2025-12,ІМ-Розетка,DJ09869,1.0,1.9323536
2026-01,ІМ-Розетка,DJ09869,0.0,0.0
2026-02,ІМ-Розетка,DJ09869,0.0,0.0
2025-07,Акварель,DJ09869,3.0,1.9446031
2025-08,Акварель,DJ09869,2.0,3.5571628
2025-09,Акварель,DJ09869,1.0,3.0314205
2025-10,Акварель,DJ09869,2.0,2.5878015
2025-11,Акварель,DJ09869,0.0,2.767435
2025-12,Акварель,DJ09869,7.0,3.3175945
2026-01,Акварель,DJ09869,2.0,1.540965
2026-02,Акварель,DJ09869,2.0,1.9415965
2025-07,Антошка,DJ09869,1.0,0.7665603
2025-08,Антошка,DJ09869,1.0,0.7517519
2025-09,Антошка,DJ09869,1.0,1.2271107
2025-10,Антошка,DJ09869,0.0,1.309154
2025-11,Антошка,DJ09869,0.0,0.4217315
2025-12,Антошка,DJ09869,0.0,0.0
2026-01,Антошка,DJ09869,0.0,0.0
2026-02,Антошка,DJ09869,0.0,0.0
2025-07,БІ,DJ09869,3.0,3.829179
2025-08,БІ,DJ09869,13.0,8.017641
2025-09,БІ,DJ09869,27.0,12.005159
2025-10,БІ,DJ09869,20.0,19.375778
2025-11,БІ,DJ09869,13.0,14.782419
2025-12,БІ,DJ09869,21.0,19.598942
2026-01,БІ,DJ09869,9.0,3.2507179
2026-02,БІ,DJ09869,5.0,3.0879416
2025-07,МайПлей,DJ09869,0.0,0.49347395
2025-08,МайПлей,DJ09869,0.0,0.5445061
2025-09,МайПлей,DJ09869,3.0,0.53557295
2025-10,МайПлей,DJ09869,1.0,1.7756392
2025-11,МайПлей,DJ09869,0.0,0.96815395
2025-12,МайПлей,DJ09869,2.0,2.008216
2026-01,МайПлей,DJ09869,0.0,0.0
2026-02,МайПлей,DJ09869,0.0,0.0
2025-07,Смік,DJ09869,0.0,0.6138313
2025-08,Смік,DJ09869,1.0,0.42729542
2025-09,Смік,DJ09869,1.0,0.75001323
2025-10,Смік,DJ09869,3.0,0.7126209
2025-11,Смік,DJ09869,2.0,1.4580721
2025-12,Смік,DJ09869,4.0,3.0664005
2026-01,Смік,DJ09869,0.0,0.8940843
2026-02,Смік,DJ09869,0.0,0.3873536
2025-07,ІМ-МауДау,DJ09871,0.0,0.23195331
2025-08,ІМ-МауДау,DJ09871,0.0,0.24425742
2025-09,ІМ-МауДау,DJ09871,0.0,1.3423277
2025-10,ІМ-МауДау,DJ09871,1.0,1.12198
2025-11,ІМ-МауДау,DJ09871,5.0,0.9709315
2025-12,ІМ-МауДау,DJ09871,2.0,2.513424
2026-01,ІМ-МауДау,DJ09871,1.0,1.2249174
2026-02,ІМ-МауДау,DJ09871,0.0,0.0
2025-07,ІМ-Розетка,DJ09871,2.0,1.1600615
2025-08,ІМ-Розетка,DJ09871,1.0,0.7141577
2025-09,ІМ-Розетка,DJ09871,2.0,1.2747192
2025-10,ІМ-Розетка,DJ09871,1.0,0.69564813
2025-11,ІМ-Розетка,DJ09871,2.0,0.57545197
2025-12,ІМ-Розетка,DJ09871,0.0,1.6621791
2026-01,ІМ-Розетка,DJ09871,0.0,0.0
2026-02,ІМ-Розетка,DJ09871,0.0,0.0
2025-07,Акварель,DJ09871,2.0,2.7303414
2025-08,Акварель,DJ09871,0.0,2.6438906
2025-09,Акварель,DJ09871,1.0,1.4456037
2025-10,Акварель,DJ09871,7.0,2.4364252
2025-11,Акварель,DJ09871,8.0,3.4326506
2025-12,Акварель,DJ09871,8.0,11.678578
2026-01,Акварель,DJ09871,4.0,7.3047624
2026-02,Акварель,DJ09871,2.0,1.880645
2025-07,Антошка,DJ09871,1.0,0.29689953
2025-08,Антошка,DJ09871,1.0,0.85187757
2025-09,Антошка,DJ09871,0.0,1.1326293
2025-10,Антошка,DJ09871,3.0,0.9981858
2025-11,Антошка,DJ09871,1.0,1.7347994
2025-12,Антошка,DJ09871,6.0,5.452468
2026-01,Антошка,DJ09871,5.0,5.166912
2026-02,Антошка,DJ09871,5.0,1.2013981
2025-07,БІ,DJ09871,11.0,14.117853
2025-08,БІ,DJ09871,7.0,12.266399
2025-09,БІ,DJ09871,13.0,9.556406
2025-10,БІ,DJ09871,18.0,15.291596
2025-11,БІ,DJ09871,36.0,15.200632
2025-12,БІ,DJ09871,40.0,53.455956
2026-01,БІ,DJ09871,26.0,12.382646
2026-02,БІ,DJ09871,7.0,7.654204
2025-07,МайПлей,DJ09871,1.0,0.93617606
2025-08,МайПлей,DJ09871,2.0,1.1124699
2025-09,МайПлей,DJ09871,3.0,1.3354758
2025-10,МайПлей,DJ09871,5.0,1.5738798
2025-11,МайПлей,DJ09871,5.0,1.8328441
2025-12,МайПлей,DJ09871,2.0,7.378873
2026-01,МайПлей,DJ09871,2.0,4.409078
2026-02,МайПлей,DJ09871,3.0,1.1846627
2025-07,Мегамаркет,DJ09871,1.0,0.53545207
2025-08,Мегамаркет,DJ09871,0.0,0.37509078
2025-09,Мегамаркет,DJ09871,1.0,0.5440032
2025-10,Мегамаркет,DJ09871,0.0,0.55947375
2025-11,Мегамаркет,DJ09871,0.0,0.5113429
2025-12,Мегамаркет,DJ09871,1.0,0.6357786
2026-01,Мегамаркет,DJ09871,0.0,0.9422637
2026-02,Мегамаркет,DJ09871,1.0,0.1477838
2025-07,Антошка,DJ09888,7.0,3.378933
2025-08,Антошка,DJ09888,5.0,5.030213
2025-09,Антошка,DJ09888,4.0,4.3039117
2025-10,Антошка,DJ09888,2.0,4.2150655
2025-11,Антошка,DJ09888,1.0,3.4339113
2025-12,Антошка,DJ09888,4.0,5.854809
2026-01,Антошка,DJ09888,2.0,1.5444859
2026-02,Антошка,DJ09888,1.0,1.0755801
2025-07,БІ,DJ09888,9.0,3.5251405
2025-08,БІ,DJ09888,5.0,5.626294
2025-09,БІ,DJ09888,4.0,5.6662216
2025-10,БІ,DJ09888,4.0,6.9482174
2025-11,БІ,DJ09888,9.0,5.6923857
2025-12,БІ,DJ09888,9.0,10.800207
2026-01,БІ,DJ09888,1.0,1.5774258
2026-02,БІ,DJ09888,3.0,1.0712283
2025-07,Антошка,DJ09897,0.0,0.6296797
2025-08,Антошка,DJ09897,0.0,0.5421566
2025-09,Антошка,DJ09897,0.0,0.5662464
2025-10,Антошка,DJ09897,2.0,0.47254598
2025-11,Антошка,DJ09897,0.0,0.63841444
2025-12,Антошка,DJ09897,0.0,1.3728608
2026-01,Антошка,DJ09897,0.0,0.0487835
2026-02,Антошка,DJ09897,0.0,0.052408576
2025-07,БІ,DJ09897,0.0,1.3608706
2025-08,БІ,DJ09897,3.0,1.6173911
2025-09,БІ,DJ09897,3.0,1.9792444
2025-10,БІ,DJ09897,0.0,2.0692854
2025-11,БІ,DJ09897,3.0,2.6640995
2025-12,БІ,DJ09897,3.0,5.41753
2026-01,БІ,DJ09897,2.0,1.4044732
2026-02,БІ,DJ09897,2.0,1.7218933
2025-07,МайПлей,DJ09897,1.0,0.47040263
2025-08,МайПлей,DJ09897,0.0,0.43455034
2025-09,МайПлей,DJ09897,0.0,0.42496884
2025-10,МайПлей,DJ09897,0.0,0.41434842
2025-11,МайПлей,DJ09897,0.0,0.4704958
2025-12,МайПлей,DJ09897,1.0,1.2259656
2026-01,МайПлей,DJ09897,0.0,0.23439467
2026-02,МайПлей,DJ09897,0.0,0.107610464
2025-07,ІМ-Розетка,DS0976h,0.0,0.0448785
2025-08,ІМ-Розетка,DS0976h,1.0,1.2393764
2025-09,ІМ-Розетка,DS0976h,0.0,0.3062068
2025-10,ІМ-Розетка,DS0976h,1.0,1.5060482
2025-11,ІМ-Розетка,DS0976h,0.0,0.38770443
2025-12,ІМ-Розетка,DS0976h,3.0,2.3407567
2026-01,ІМ-Розетка,DS0976h,0.0,0.0
2026-02,ІМ-Розетка,DS0976h,0.0,0.0
2025-07,Акварель,DS0976h,4.0,5.958185
2025-08,Акварель,DS0976h,8.0,7.0848546
2025-09,Акварель,DS0976h,6.0,6.6087184
2025-10,Акварель,DS0976h,12.0,9.49551
2025-11,Акварель,DS0976h,11.0,14.042394
2025-12,Акварель,DS0976h,21.0,23.432566
2026-01,Акварель,DS0976h,13.0,11.131849
2026-02,Акварель,DS0976h,9.0,6.036458
2025-07,Антошка,DS0976h,2.0,2.5265403
2025-08,Антошка,DS0976h,5.0,2.6890793
2025-09,Антошка,DS0976h,4.0,3.6083217
2025-10,Антошка,DS0976h,2.0,3.973687
2025-11,Антошка,DS0976h,9.0,3.2636497
2025-12,Антошка,DS0976h,14.0,10.51801
2026-01,Антошка,DS0976h,5.0,3.5851815
2026-02,Антошка,DS0976h,1.0,2.0115757
2025-07,БІ,DS0976h,13.0,19.241209
2025-08,БІ,DS0976h,27.0,13.672987
2025-09,БІ,DS0976h,14.0,18.29745
2025-10,БІ,DS0976h,13.0,19.496946
2025-11,БІ,DS0976h,23.0,18.366085
2025-12,БІ,DS0976h,71.0,49.187138
2026-01,БІ,DS0976h,30.0,24.70187
2026-02,БІ,DS0976h,15.0,18.770647
2025-07,Віват Канцелярія,DS0976h,1.0,2.8406937
2025-08,Віват Канцелярія,DS0976h,6.0,3.1025684
2025-09,Віват Канцелярія,DS0976h,1.0,2.7549818
2025-10,Віват Канцелярія,DS0976h,3.0,5.102842
2025-11,Віват Канцелярія,DS0976h,5.0,4.324348
2025-12,Віват Канцелярія,DS0976h,6.0,13.002679
2026-01,Віват Канцелярія,DS0976h,4.0,3.0405853
2026-02,Віват Канцелярія,DS0976h,0.0,0.0
2025-07,Епіцентр,DS0976h,9.0,3.1787603
2025-08,Епіцентр,DS0976h,1.0,5.1270223
2025-09,Епіцентр,DS0976h,5.0,3.938097
2025-10,Епіцентр,DS0976h,4.0,5.6773343
2025-11,Епіцентр,DS0976h,6.0,4.441761
2025-12,Епіцентр,DS0976h,18.0,11.391973
2026-01,Епіцентр,DS0976h,6.0,8.111857
2026-02,Епіцентр,DS0976h,7.0,7.2116036
2025-07,МайПлей,DS0976h,2.0,0.94316024
2025-08,МайПлей,DS0976h,1.0,1.3240604
2025-09,МайПлей,DS0976h,1.0,0.62552345
2025-10,МайПлей,DS0976h,1.0,1.2142129
2025-11,МайПлей,DS0976h,1.0,2.2657936
2025-12,МайПлей,DS0976h,6.0,4.7293005
2026-01,МайПлей,DS0976h,2.0,2.5421054
2026-02,МайПлей,DS0976h,2.0,1.5358746
2025-07,Мегамаркет,DS0976h,2.0,0.56045914
2025-08,Мегамаркет,DS0976h,0.0,0.5600788
2025-09,Мегамаркет,DS0976h,2.0,0.55798906
2025-10,Мегамаркет,DS0976h,0.0,1.0320542
2025-11,Мегамаркет,DS0976h,0.0,0.5064502
2025-12,Мегамаркет,DS0976h,5.0,0.92089075
2026-01,Мегамаркет,DS0976h,0.0,0.05672337
2026-02,Мегамаркет,DS0976h,0.0,0.0
2025-07,Монако,DS0976h,0.0,0.0
2025-08,Монако,DS0976h,2.0,1.1325827
2025-09,Монако,DS0976h,0.0,0.0
2025-10,Монако,DS0976h,2.0,1.6662096
2025-11,Монако,DS0976h,2.0,2.1867716
2025-12,Монако,DS0976h,0.0,0.0
2026-01,Монако,DS0976h,1.0,1.1769352
2026-02,Монако,DS0976h,0.0,0.0
2025-07,РОСТ,DS0976h,1.0,0.23716332
2025-08,РОСТ,DS0976h,0.0,0.39764082
2025-09,РОСТ,DS0976h,0.0,0.31348002
2025-10,РОСТ,DS0976h,0.0,0.36013603
2025-11,РОСТ,DS0976h,0.0,0.39784762
2025-12,РОСТ,DS0976h,1.0,1.0548539
2026-01,РОСТ,DS0976h,2.0,1.1998988
2026-02,РОСТ,DS0976h,2.0,1.4085763
2025-07,Росицька ФОП,DS0976h,1.0,0.25270674
2025-08,Росицька ФОП,DS0976h,0.0,0.35306993
2025-09,Росицька ФОП,DS0976h,0.0,0.31932357
2025-10,Росицька ФОП,DS0976h,1.0,0.42265567
2025-11,Росицька ФОП,DS0976h,1.0,0.425719
2025-12,Росицька ФОП,DS0976h,0.0,1.3393712
2026-01,Росицька ФОП,DS0976h,0.0,0.4641498
2026-02,Росицька ФОП,DS0976h,0.0,0.11001042
2025-07,Смік,DS0976h,0.0,0.69326967
2025-08,Смік,DS0976h,2.0,0.61187863
2025-09,Смік,DS0976h,0.0,0.8057612
2025-10,Смік,DS0976h,1.0,0.8077631
2025-11,Смік,DS0976h,0.0,1.1809698
2025-12,Смік,DS0976h,2.0,2.2810774
2026-01,Смік,DS0976h,1.0,1.4289603
2026-02,Смік,DS0976h,0.0,0.0
2025-07,Чудо Острів,DS0976h,4.0,3.5559022
2025-08,Чудо Острів,DS0976h,6.0,6.8882113
2025-09,Чудо Острів,DS0976h,10.0,5.452054
2025-10,Чудо Острів,DS0976h,8.0,11.4536295
2025-11,Чудо Острів,DS0976h,13.0,9.971817
2025-12,Чудо Острів,DS0976h,26.0,25.696041
2026-01,Чудо Острів,DS0976h,11.0,8.3420725
2026-02,Чудо Острів,DS0976h,8.0,9.57128
2025-07,Акварель,DS0977h,0.0,0.0
2025-08,Акварель,DS0977h,1.0,2.8984878
2025-09,Акварель,DS0977h,2.0,3.200327
2025-10,Акварель,DS0977h,1.0,1.9465582
2025-11,Акварель,DS0977h,1.0,2.085249
2025-12,Акварель,DS0977h,3.0,4.586758
2026-01,Акварель,DS0977h,0.0,0.0
2026-02,Акварель,DS0977h,0.0,0.0
2025-07,БІ,DS0977h,1.0,2.1683733
2025-08,БІ,DS0977h,1.0,2.5462437
2025-09,БІ,DS0977h,2.0,2.4921873
2025-10,БІ,DS0977h,2.0,1.8602327
2025-11,БІ,DS0977h,2.0,1.366431
2025-12,БІ,DS0977h,1.0,6.2736416
2026-01,БІ,DS0977h,1.0,1.0781004
2026-02,БІ,DS0977h,0.0,0.0
2025-07,Віват Канцелярія,DS0977h,0.0,0.0
2025-08,Віват Канцелярія,DS0977h,2.0,1.0440373
2025-09,Віват Канцелярія,DS0977h,1.0,1.633479
2025-10,Віват Канцелярія,DS0977h,1.0,1.092652
2025-11,Віват Канцелярія,DS0977h,1.0,1.1418269
2025-12,Віват Канцелярія,DS0977h,2.0,2.40394
2026-01,Віват Канцелярія,DS0977h,1.0,0.97468966
2026-02,Віват Канцелярія,DS0977h,0.0,0.0
2025-07,Епіцентр,DS0977h,1.0,1.2120963
2025-08,Епіцентр,DS0977h,0.0,0.0
2025-09,Епіцентр,DS0977h,0.0,0.0
2025-10,Епіцентр,DS0977h,0.0,0.0
2025-11,Епіцентр,DS0977h,0.0,0.0
2025-12,Епіцентр,DS0977h,1.0,1.7733163
2026-01,Епіцентр,DS0977h,0.0,0.0
2026-02,Епіцентр,DS0977h,0.0,0.0
2025-07,МайПлей,DS0977h,0.0,0.0
2025-08,МайПлей,DS0977h,1.0,1.0901276
2025-09,МайПлей,DS0977h,0.0,0.0
2025-10,МайПлей,DS0977h,0.0,0.0
2025-11,МайПлей,DS0977h,0.0,0.0
2025-12,МайПлей,DS0977h,1.0,1.7189053
2026-01,МайПлей,DS0977h,2.0,0.95445997
2026-02,МайПлей,DS0977h,0.0,0.0
2025-07,Чудо Острів,DS0977h,0.0,0.5538349
2025-08,Чудо Острів,DS0977h,0.0,0.5582134
2025-09,Чудо Острів,DS0977h,0.0,0.61973655
2025-10,Чудо Острів,DS0977h,1.0,0.48691022
2025-11,Чудо Острів,DS0977h,0.0,0.38550007
2025-12,Чудо Острів,DS0977h,1.0,0.4425068
2026-01,Чудо Острів,DS0977h,0.0,0.2963724
2026-02,Чудо Острів,DS0977h,0.0,0.12074326
2025-07,ІМ-МауДау,DS0978h,0.0,0.11509028
2025-08,ІМ-МауДау,DS0978h,0.0,0.09719275
2025-09,ІМ-МауДау,DS0978h,0.0,0.09830753
2025-10,ІМ-МауДау,DS0978h,0.0,0.5842435
2025-11,ІМ-МауДау,DS0978h,1.0,0.8961811
2025-12,ІМ-МауДау,DS0978h,1.0,1.3812374
2026-01,ІМ-МауДау,DS0978h,0.0,0.33282498
2026-02,ІМ-МауДау,DS0978h,0.0,0.101260826
2025-07,ІМ-Розетка,DS0978h,3.0,2.4782765
2025-08,ІМ-Розетка,DS0978h,1.0,0.95721716
2025-09,ІМ-Розетка,DS0978h,2.0,3.1097965
2025-10,ІМ-Розетка,DS0978h,10.0,5.825877
2025-11,ІМ-Розетка,DS0978h,3.0,6.713197
2025-12,ІМ-Розетка,DS0978h,11.0,16.701273
2026-01,ІМ-Розетка,DS0978h,2.0,6.1943655
2026-02,ІМ-Розетка,DS0978h,3.0,1.7795904
2025-07,Акварель,DS0978h,7.0,4.629082
2025-08,Акварель,DS0978h,2.0,4.8597345
2025-09,Акварель,DS0978h,5.0,4.7664165
2025-10,Акварель,DS0978h,11.0,7.9592624
2025-11,Акварель,DS0978h,19.0,10.557874
2025-12,Акварель,DS0978h,18.0,31.927935
2026-01,Акварель,DS0978h,13.0,10.031968
2026-02,Акварель,DS0978h,3.0,5.0887184
2025-07,Антошка,DS0978h,4.0,2.3535988
2025-08,Антошка,DS0978h,2.0,2.7684424
2025-09,Антошка,DS0978h,2.0,3.4960063
2025-10,Антошка,DS0978h,3.0,5.025016
2025-11,Антошка,DS0978h,5.0,3.908588
2025-12,Антошка,DS0978h,17.0,19.488626
2026-01,Антошка,DS0978h,10.0,7.7287855
2026-02,Антошка,DS0978h,2.0,5.2980785
2025-07,БІ,DS0978h,5.0,10.928285
2025-08,БІ,DS0978h,7.0,8.881086
2025-09,БІ,DS0978h,10.0,6.8261023
2025-10,БІ,DS0978h,9.0,14.435571
2025-11,БІ,DS0978h,12.0,15.183748
2025-12,БІ,DS0978h,64.0,30.898735
2026-01,БІ,DS0978h,28.0,23.834116
2026-02,БІ,DS0978h,11.0,12.065086
2025-07,Віват Канцелярія,DS0978h,3.0,1.5238793
2025-08,Віват Канцелярія,DS0978h,3.0,1.7528759
2025-09,Віват Канцелярія,DS0978h,2.0,2.6765668
2025-10,Віват Канцелярія,DS0978h,3.0,2.7457693
2025-11,Віват Канцелярія,DS0978h,5.0,3.7124
2025-12,Віват Канцелярія,DS0978h,12.0,10.084113
2026-01,Віват Канцелярія,DS0978h,5.0,4.1473823
2026-02,Віват Канцелярія,DS0978h,0.0,0.0
2025-07,Епіцентр,DS0978h,3.0,1.3090001
2025-08,Епіцентр,DS0978h,3.0,2.099812
2025-09,Епіцентр,DS0978h,2.0,3.143624
2025-10,Епіцентр,DS0978h,0.0,3.1399682
2025-11,Епіцентр,DS0978h,7.0,3.3260872
2025-12,Епіцентр,DS0978h,14.0,10.757828
2026-01,Епіцентр,DS0978h,9.0,9.193848
2026-02,Епіцентр,DS0978h,11.0,7.2167697
2025-07,Клас,DS0978h,0.0,0.39156708
2025-08,Клас,DS0978h,1.0,0.32794276
2025-09,Клас,DS0978h,0.0,0.41138735
2025-10,Клас,DS0978h,0.0,0.3668174
2025-11,Клас,DS0978h,1.0,0.532346
2025-12,Клас,DS0978h,2.0,1.0950036
2026-01,Клас,DS0978h,2.0,0.89869595
2026-02,Клас,DS0978h,0.0,0.0
2025-07,Кубі,DS0978h,3.0,1.2362071
2025-08,Кубі,DS0978h,0.0,0.0
2025-09,Кубі,DS0978h,1.0,1.869366
2025-10,Кубі,DS0978h,0.0,0.0
2025-11,Кубі,DS0978h,1.0,1.7262132
2025-12,Кубі,DS0978h,5.0,2.064248
2026-01,Кубі,DS0978h,4.0,2.4972374
2026-02,Кубі,DS0978h,0.0,0.0
2025-07,МайПлей,DS0978h,2.0,0.5114998
2025-08,МайПлей,DS0978h,1.0,1.2446187
2025-09,МайПлей,DS0978h,1.0,0.96398765
2025-10,МайПлей,DS0978h,0.0,1.5197479
2025-11,МайПлей,DS0978h,4.0,1.2728051
2025-12,МайПлей,DS0978h,8.0,7.668151
2026-01,МайПлей,DS0978h,3.0,3.3209846
2026-02,МайПлей,DS0978h,2.0,2.512487
2025-07,Мегамаркет,DS0978h,0.0,0.6976388
2025-08,Мегамаркет,DS0978h,0.0,0.41141856
2025-09,Мегамаркет,DS0978h,0.0,0.35229883
2025-10,Мегамаркет,DS0978h,0.0,0.36130327
2025-11,Мегамаркет,DS0978h,0.0,0.38910246
2025-12,Мегамаркет,DS0978h,2.0,1.5365845
2026-01,Мегамаркет,DS0978h,0.0,0.02195757
2026-02,Мегамаркет,DS0978h,1.0,0.9510587
2025-07,Монако,DS0978h,1.0,1.6071306
2025-08,Монако,DS0978h,0.0,0.0
2025-09,Монако,DS0978h,0.0,0.0
2025-10,Монако,DS0978h,1.0,1.560609
2025-11,Монако,DS0978h,2.0,1.4929172
2025-12,Монако,DS0978h,1.0,1.9025347
2026-01,Монако,DS0978h,1.0,1.3829399
2026-02,Монако,DS0978h,0.0,0.0
2025-07,РОСТ,DS0978h,0.0,0.14025386
2025-08,РОСТ,DS0978h,0.0,0.13990739
2025-09,РОСТ,DS0978h,0.0,0.2327849
2025-10,РОСТ,DS0978h,0.0,0.44811007
2025-11,РОСТ,DS0978h,0.0,0.50895536
2025-12,РОСТ,DS0978h,1.0,1.1719204
2026-01,РОСТ,DS0978h,4.0,1.7647618
2026-02,РОСТ,DS0978h,1.0,1.7466556
2025-07,Смік,DS0978h,0.0,0.38056758
2025-08,Смік,DS0978h,0.0,0.3735784
2025-09,Смік,DS0978h,1.0,0.40564412
2025-10,Смік,DS0978h,0.0,0.664115
2025-11,Смік,DS0978h,2.0,0.4896942
2025-12,Смік,DS0978h,1.0,1.981488
2026-01,Смік,DS0978h,2.0,1.3891047
2026-02,Смік,DS0978h,1.0,0.95410645
2025-07,Чудо Острів,DS0978h,5.0,4.985635
2025-08,Чудо Острів,DS0978h,7.0,5.566397
2025-09,Чудо Острів,DS0978h,4.0,6.8020644
2025-10,Чудо Острів,DS0978h,7.0,9.234053
2025-11,Чудо Острів,DS0978h,6.0,6.7309184
2025-12,Чудо Острів,DS0978h,19.0,14.252482
2026-01,Чудо Острів,DS0978h,6.0,4.877617
2026-02,Чудо Острів,DS0978h,1.0,3.6394913
2025-07,ІМ-Розетка,DS0980h,0.0,1.2045299
2025-08,ІМ-Розетка,DS0980h,0.0,0.74670327
2025-09,ІМ-Розетка,DS0980h,0.0,1.9630111
2025-10,ІМ-Розетка,DS0980h,10.0,2.9097304
2025-11,ІМ-Розетка,DS0980h,7.0,4.9970007
2025-12,ІМ-Розетка,DS0980h,18.0,12.711018
2026-01,ІМ-Розетка,DS0980h,1.0,3.4591198
2026-02,ІМ-Розетка,DS0980h,0.0,0.0
2025-07,Акварель,DS0980h,10.0,6.7499123
2025-08,Акварель,DS0980h,6.0,8.3984165
2025-09,Акварель,DS0980h,5.0,9.670293
2025-10,Акварель,DS0980h,5.0,9.31041
2025-11,Акварель,DS0980h,10.0,8.590655
2025-12,Акварель,DS0980h,29.0,21.390722
2026-01,Акварель,DS0980h,17.0,6.1414175
2026-02,Акварель,DS0980h,5.0,4.6886353
2025-07,БІ,DS0980h,4.0,2.43746
2025-08,БІ,DS0980h,6.0,4.4001365
2025-09,БІ,DS0980h,6.0,7.009633
2025-10,БІ,DS0980h,8.0,7.750156
2025-11,БІ,DS0980h,7.0,8.844384
2025-12,БІ,DS0980h,29.0,21.89727
2026-01,БІ,DS0980h,15.0,9.817782
2026-02,БІ,DS0980h,7.0,3.7087777
2025-07,Віват Канцелярія,DS0980h,3.0,2.20474
2025-08,Віват Канцелярія,DS0980h,3.0,2.6737678
2025-09,Віват Канцелярія,DS0980h,1.0,2.707679
2025-10,Віват Канцелярія,DS0980h,1.0,3.7646048
2025-11,Віват Канцелярія,DS0980h,1.0,3.641164
2025-12,Віват Канцелярія,DS0980h,11.0,9.495219
2026-01,Віват Канцелярія,DS0980h,7.0,2.399251
2026-02,Віват Канцелярія,DS0980h,0.0,0.0
2025-07,Епіцентр,DS0980h,10.0,2.6102595
2025-08,Епіцентр,DS0980h,4.0,3.8096354
2025-09,Епіцентр,DS0980h,4.0,3.1522863
2025-10,Епіцентр,DS0980h,4.0,3.9577992
2025-11,Епіцентр,DS0980h,3.0,3.7233467
2025-12,Епіцентр,DS0980h,11.0,11.1272745
2026-01,Епіцентр,DS0980h,7.0,2.883561
2026-02,Епіцентр,DS0980h,7.0,2.467152
2025-07,Клас,DS0980h,0.0,0.24411675
2025-08,Клас,DS0980h,1.0,0.25565594
2025-09,Клас,DS0980h,0.0,0.2602065
2025-10,Клас,DS0980h,0.0,0.3821847
2025-11,Клас,DS0980h,0.0,0.25024313
2025-12,Клас,DS0980h,1.0,0.7713032
2026-01,Клас,DS0980h,0.0,0.0
2026-02,Клас,DS0980h,0.0,0.0
2025-07,Кубі,DS0980h,3.0,1.2418998
2025-08,Кубі,DS0980h,0.0,0.0
2025-09,Кубі,DS0980h,1.0,1.9088197
2025-10,Кубі,DS0980h,0.0,0.0
2025-11,Кубі,DS0980h,0.0,0.0
2025-12,Кубі,DS0980h,3.0,2.2949054
2026-01,Кубі,DS0980h,2.0,1.6144588
2026-02,Кубі,DS0980h,0.0,0.0
2025-07,МайПлей,DS0980h,2.0,0.8388538
2025-08,МайПлей,DS0980h,0.0,1.0208254
2025-09,МайПлей,DS0980h,2.0,0.6456164
2025-10,МайПлей,DS0980h,1.0,1.6255207
2025-11,МайПлей,DS0980h,1.0,2.1806278
2025-12,МайПлей,DS0980h,5.0,5.5659676
2026-01,МайПлей,DS0980h,3.0,1.6531627
2026-02,МайПлей,DS0980h,2.0,1.2854947
2025-07,Мегамаркет,DS0980h,0.0,0.61736465
2025-08,Мегамаркет,DS0980h,1.0,0.4407804
2025-09,Мегамаркет,DS0980h,0.0,0.47551644
2025-10,Мегамаркет,DS0980h,1.0,0.41538203
2025-11,Мегамаркет,DS0980h,1.0,0.77177864
2025-12,Мегамаркет,DS0980h,1.0,2.7017727
2026-01,Мегамаркет,DS0980h,1.0,1.2512903
2026-02,Мегамаркет,DS0980h,0.0,0.0
2025-07,Монако,DS0980h,0.0,0.0
2025-08,Монако,DS0980h,0.0,0.0
2025-09,Монако,DS0980h,0.0,0.0
2025-10,Монако,DS0980h,0.0,0.0
2025-11,Монако,DS0980h,1.0,1.1264675
2025-12,Монако,DS0980h,0.0,0.0
2026-01,Монако,DS0980h,0.0,0.0
2026-02,Монако,DS0980h,0.0,0.0
2025-07,Смік,DS0980h,0.0,0.41407123
2025-08,Смік,DS0980h,0.0,0.41063887
2025-09,Смік,DS0980h,1.0,0.38637716
2025-10,Смік,DS0980h,1.0,0.706962
2025-11,Смік,DS0980h,2.0,0.65620613
2025-12,Смік,DS0980h,7.0,1.7786316
2026-01,Смік,DS0980h,1.0,1.8074188
2026-02,Смік,DS0980h,1.0,0.90736884
2025-07,Чудо Острів,DS0980h,5.0,4.533217
2025-08,Чудо Острів,DS0980h,4.0,4.83836
2025-09,Чудо Острів,DS0980h,2.0,3.9884696
2025-10,Чудо Острів,DS0980h,3.0,4.7126946
2025-11,Чудо Острів,DS0980h,7.0,3.9624004
2025-12,Чудо Острів,DS0980h,14.0,13.530037
2026-01,Чудо Острів,DS0980h,9.0,3.2957368
2026-02,Чудо Острів,DS0980h,1.0,2.7757804
2025-07,ІМ-Розетка,DS0981h,0.0,0.27695996
2025-08,ІМ-Розетка,DS0981h,2.0,1.0406506
2025-09,ІМ-Розетка,DS0981h,0.0,0.32980648
2025-10,ІМ-Розетка,DS0981h,1.0,1.2503461
2025-11,ІМ-Розетка,DS0981h,0.0,0.5099011
2025-12,ІМ-Розетка,DS0981h,1.0,2.3105214
2026-01,ІМ-Розетка,DS0981h,0.0,0.0
2026-02,ІМ-Розетка,DS0981h,1.0,0.8495118
2025-07,Акварель,DS0981h,3.0,3.0261655
2025-08,Акварель,DS0981h,6.0,3.6628504
2025-09,Акварель,DS0981h,6.0,3.534257
2025-10,Акварель,DS0981h,3.0,5.0712423
2025-11,Акварель,DS0981h,15.0,5.5174994
2025-12,Акварель,DS0981h,15.0,17.20104
2026-01,Акварель,DS0981h,6.0,3.7420936
2026-02,Акварель,DS0981h,2.0,3.2710598
2025-07,Антошка,DS0981h,1.0,0.8860418
2025-08,Антошка,DS0981h,0.0,0.69917643
2025-09,Антошка,DS0981h,0.0,0.98232883
2025-10,Антошка,DS0981h,0.0,0.9206535
2025-11,Антошка,DS0981h,2.0,0.57216614
2025-12,Антошка,DS0981h,4.0,2.0788174
2026-01,Антошка,DS0981h,5.0,1.340977
2026-02,Антошка,DS0981h,1.0,1.6627622
2025-07,БІ,DS0981h,9.0,5.4174786
2025-08,БІ,DS0981h,5.0,8.694859
2025-09,БІ,DS0981h,6.0,7.22967
2025-10,БІ,DS0981h,6.0,10.118002
2025-11,БІ,DS0981h,9.0,8.858616
2025-12,БІ,DS0981h,25.0,28.150259
2026-01,БІ,DS0981h,10.0,5.416242
2026-02,БІ,DS0981h,1.0,3.346282
2025-07,Віват Канцелярія,DS0981h,5.0,1.5512457
2025-08,Віват Канцелярія,DS0981h,1.0,2.0619109
2025-09,Віват Канцелярія,DS0981h,2.0,2.0697374
2025-10,Віват Канцелярія,DS0981h,0.0,2.889455
2025-11,Віват Канцелярія,DS0981h,0.0,1.3683635
2025-12,Віват Канцелярія,DS0981h,9.0,4.161451
2026-01,Віват Канцелярія,DS0981h,4.0,2.3278954
2026-02,Віват Канцелярія,DS0981h,0.0,0.0
2025-07,Епіцентр,DS0981h,2.0,1.2079927
2025-08,Епіцентр,DS0981h,1.0,1.2815422
2025-09,Епіцентр,DS0981h,1.0,1.0983725
2025-10,Епіцентр,DS0981h,0.0,1.011445
2025-11,Епіцентр,DS0981h,0.0,0.905368
2025-12,Епіцентр,DS0981h,4.0,1.6295842
2026-01,Епіцентр,DS0981h,2.0,1.2009467
2026-02,Епіцентр,DS0981h,0.0,0.0
2025-07,МайПлей,DS0981h,2.0,0.69983333
2025-08,МайПлей,DS0981h,0.0,0.7758163
2025-09,МайПлей,DS0981h,0.0,0.43871063
2025-10,МайПлей,DS0981h,3.0,0.6673179
2025-11,МайПлей,DS0981h,0.0,1.9208424
2025-12,МайПлей,DS0981h,6.0,1.717089
2026-01,МайПлей,DS0981h,1.0,1.9226477
2026-02,МайПлей,DS0981h,1.0,0.8686034
2025-07,Мегамаркет,DS0981h,0.0,0.36791447
2025-08,Мегамаркет,DS0981h,0.0,0.33048642
2025-09,Мегамаркет,DS0981h,1.0,0.35406798
2025-10,Мегамаркет,DS0981h,0.0,0.48078305
2025-11,Мегамаркет,DS0981h,2.0,0.4082265
2025-12,Мегамаркет,DS0981h,1.0,1.3867822
2026-01,Мегамаркет,DS0981h,1.0,1.0461241
2026-02,Мегамаркет,DS0981h,0.0,0.0
2025-07,Монако,DS0981h,0.0,0.0
2025-08,Монако,DS0981h,0.0,0.0
2025-09,Монако,DS0981h,0.0,0.0
2025-10,Монако,DS0981h,1.0,1.2699294
2025-11,Монако,DS0981h,1.0,1.3188183
2025-12,Монако,DS0981h,0.0,0.0
2026-01,Монако,DS0981h,0.0,0.0
2026-02,Монако,DS0981h,0.0,0.0
2025-07,РОСТ,DS0981h,1.0,0.13283637
2025-08,РОСТ,DS0981h,0.0,0.3472447
2025-09,РОСТ,DS0981h,0.0,0.24286057
2025-10,РОСТ,DS0981h,0.0,0.43299907
2025-11,РОСТ,DS0981h,1.0,0.3668432
2025-12,РОСТ,DS0981h,0.0,1.4934618
2026-01,РОСТ,DS0981h,2.0,0.54685295
2026-02,РОСТ,DS0981h,1.0,0.27275223
2025-07,Смік,DS0981h,0.0,0.40801573
2025-08,Смік,DS0981h,0.0,0.4492936
2025-09,Смік,DS0981h,1.0,0.38314545
2025-10,Смік,DS0981h,0.0,0.5372316
2025-11,Смік,DS0981h,0.0,0.38646644
2025-12,Смік,DS0981h,3.0,1.3500363
2026-01,Смік,DS0981h,2.0,1.0821415
2026-02,Смік,DS0981h,0.0,0.0
2025-07,Чудо Острів,DS0981h,2.0,1.7592982
2025-08,Чудо Острів,DS0981h,3.0,2.2707815
2025-09,Чудо Острів,DS0981h,4.0,2.3515165
2025-10,Чудо Острів,DS0981h,0.0,3.5337975
2025-11,Чудо Острів,DS0981h,1.0,2.2820933
2025-12,Чудо Острів,DS0981h,4.0,7.1872153
2026-01,Чудо Острів,DS0981h,1.0,1.893493
2026-02,Чудо Острів,DS0981h,2.0,1.2265472
2025-07,Акварель,DS0984h,1.0,1.4698654
2025-08,Акварель,DS0984h,1.0,1.9885302
2025-09,Акварель,DS0984h,0.0,0.0
2025-10,Акварель,DS0984h,0.0,0.0
2025-11,Акварель,DS0984h,0.0,0.0
2025-12,Акварель,DS0984h,0.0,0.0
2026-01,Акварель,DS0984h,0.0,0.0
2026-02,Акварель,DS0984h,0.0,0.0
2025-07,Віват Канцелярія,DS0984h,1.0,2.9625442
2025-08,Віват Канцелярія,DS0984h,1.0,2.6217256
2025-09,Віват Канцелярія,DS0984h,0.0,0.0
2025-10,Віват Канцелярія,DS0984h,1.0,1.1235665
2025-11,Віват Канцелярія,DS0984h,1.0,1.2796803
2025-12,Віват Канцелярія,DS0984h,4.0,3.5142465
2026-01,Віват Канцелярія,DS0984h,3.0,1.0591749
2026-02,Віват Канцелярія,DS0984h,0.0,0.0
2025-07,ІМ-Розетка,DS0986h,0.0,0.08801886
2025-08,ІМ-Розетка,DS0986h,2.0,3.4733372
2025-09,ІМ-Розетка,DS0986h,2.0,3.7817793
2025-10,ІМ-Розетка,DS0986h,12.0,4.481366
2025-11,ІМ-Розетка,DS0986h,4.0,11.005619
2025-12,ІМ-Розетка,DS0986h,3.0,27.452188
2026-01,ІМ-Розетка,DS0986h,0.0,0.0
2026-02,ІМ-Розетка,DS0986h,0.0,0.0
2025-07,Акварель,DS0986h,3.0,6.9376006
2025-08,Акварель,DS0986h,13.0,7.3479877
2025-09,Акварель,DS0986h,6.0,7.946534
2025-10,Акварель,DS0986h,2.0,10.196524
2025-11,Акварель,DS0986h,34.0,11.1685915
2025-12,Акварель,DS0986h,19.0,42.2107
2026-01,Акварель,DS0986h,19.0,12.723223
2026-02,Акварель,DS0986h,9.0,7.2862377
2025-07,Антошка,DS0986h,1.0,1.7522151
2025-08,Антошка,DS0986h,5.0,3.0104601
2025-09,Антошка,DS0986h,5.0,3.913593
2025-10,Антошка,DS0986h,3.0,4.859627
2025-11,Антошка,DS0986h,7.0,5.724951
2025-12,Антошка,DS0986h,18.0,19.563625
2026-01,Антошка,DS0986h,5.0,5.865926
2026-02,Антошка,DS0986h,6.0,2.0295627
2025-07,БІ,DS0986h,2.0,6.8452926
2025-08,БІ,DS0986h,13.0,10.274931
2025-09,БІ,DS0986h,12.0,13.699085
2025-10,БІ,DS0986h,21.0,18.922165
2025-11,БІ,DS0986h,27.0,25.789623
2025-12,БІ,DS0986h,60.0,50.758175
2026-01,БІ,DS0986h,28.0,25.09876
2026-02,БІ,DS0986h,16.0,14.74112
2025-07,Віват Канцелярія,DS0986h,0.0,1.6832726
2025-08,Віват Канцелярія,DS0986h,4.0,2.0465875
2025-09,Віват Канцелярія,DS0986h,2.0,2.0121458
2025-10,Віват Канцелярія,DS0986h,3.0,3.5152485
2025-11,Віват Канцелярія,DS0986h,4.0,3.8412697
2025-12,Віват Канцелярія,DS0986h,12.0,9.409696
2026-01,Віват Канцелярія,DS0986h,2.0,3.2784247
2026-02,Віват Канцелярія,DS0986h,0.0,0.0
2025-07,Епіцентр,DS0986h,2.0,1.6418827
2025-08,Епіцентр,DS0986h,1.0,2.2158153
2025-09,Епіцентр,DS0986h,1.0,1.814258
2025-10,Епіцентр,DS0986h,1.0,1.5625558
2025-11,Епіцентр,DS0986h,1.0,1.4086137
2025-12,Епіцентр,DS0986h,4.0,4.7225857
2026-01,Епіцентр,DS0986h,5.0,5.1789236
2026-02,Епіцентр,DS0986h,14.0,9.219336
2025-07,МайПлей,DS0986h,2.0,0.722625
2025-08,МайПлей,DS0986h,1.0,1.1583033
2025-09,МайПлей,DS0986h,0.0,0.97722006
2025-10,МайПлей,DS0986h,3.0,1.9067473
2025-11,МайПлей,DS0986h,2.0,3.1869261
2025-12,МайПлей,DS0986h,4.0,7.6250715
2026-01,МайПлей,DS0986h,4.0,2.0690658
2026-02,МайПлей,DS0986h,1.0,1.8673766
2025-07,Мегамаркет,DS0986h,0.0,0.3597854
2025-08,Мегамаркет,DS0986h,0.0,0.3791755
2025-09,Мегамаркет,DS0986h,0.0,0.28975868
2025-10,Мегамаркет,DS0986h,0.0,0.3682116
2025-11,Мегамаркет,DS0986h,0.0,0.37440434
2025-12,Мегамаркет,DS0986h,1.0,0.70852256
2026-01,Мегамаркет,DS0986h,1.0,1.2781965
2026-02,Мегамаркет,DS0986h,0.0,0.0
2025-07,Монако,DS0986h,1.0,0.8652927
2025-08,Монако,DS0986h,0.0,0.0
2025-09,Монако,DS0986h,0.0,0.0
2025-10,Монако,DS0986h,1.0,1.2139581
2025-11,Монако,DS0986h,1.0,1.6824695
2025-12,Монако,DS0986h,0.0,0.0
2026-01,Монако,DS0986h,0.0,0.0
2026-02,Монако,DS0986h,0.0,0.0
2025-07,РОСТ,DS0986h,0.0,0.41981947
2025-08,РОСТ,DS0986h,1.0,0.42035115
2025-09,РОСТ,DS0986h,2.0,0.5016597
2025-10,РОСТ,DS0986h,0.0,0.9103613
2025-11,РОСТ,DS0986h,0.0,0.6576987
2025-12,РОСТ,DS0986h,1.0,1.1396859
2026-01,РОСТ,DS0986h,3.0,1.3447212
2026-02,РОСТ,DS0986h,0.0,0.0
2025-07,Росицька ФОП,DS0986h,0.0,0.24652314
2025-08,Росицька ФОП,DS0986h,0.0,0.2640045
2025-09,Росицька ФОП,DS0986h,0.0,0.25397834
2025-10,Росицька ФОП,DS0986h,0.0,0.41032606
2025-11,Росицька ФОП,DS0986h,1.0,0.39570576
2025-12,Росицька ФОП,DS0986h,1.0,0.5632578
2026-01,Росицька ФОП,DS0986h,0.0,1.1082153
2026-02,Росицька ФОП,DS0986h,2.0,0.42282742
2025-07,Смік,DS0986h,1.0,0.49932718
2025-08,Смік,DS0986h,1.0,1.8453491
2025-09,Смік,DS0986h,1.0,0.8640387
2025-10,Смік,DS0986h,2.0,1.1227306
2025-11,Смік,DS0986h,0.0,1.6981922
2025-12,Смік,DS0986h,2.0,2.8020704
2026-01,Смік,DS0986h,3.0,1.4644661
2026-02,Смік,DS0986h,4.0,0.95754194
2025-07,ІМ-Розетка,DS0990h,1.0,1.1447644
2025-08,ІМ-Розетка,DS0990h,1.0,2.426347
2025-09,ІМ-Розетка,DS0990h,0.0,0.44393468
2025-10,ІМ-Розетка,DS0990h,2.0,2.3181298
2025-11,ІМ-Розетка,DS0990h,7.0,3.1212704
2025-12,ІМ-Розетка,DS0990h,15.0,17.00742
2026-01,ІМ-Розетка,DS0990h,1.0,4.4192677
2026-02,ІМ-Розетка,DS0990h,0.0,0.0
2025-07,Акварель,DS0990h,6.0,8.800609
2025-08,Акварель,DS0990h,11.0,6.313879
2025-09,Акварель,DS0990h,6.0,7.8619246
2025-10,Акварель,DS0990h,7.0,11.930257
2025-11,Акварель,DS0990h,11.0,13.636904
2025-12,Акварель,DS0990h,41.0,31.411634
2026-01,Акварель,DS0990h,18.0,13.653699
2026-02,Акварель,DS0990h,11.0,5.632023
2025-07,БІ,DS0990h,9.0,11.555657
2025-08,БІ,DS0990h,14.0,8.536945
2025-09,БІ,DS0990h,8.0,9.854849
2025-10,БІ,DS0990h,10.0,12.147709
2025-11,БІ,DS0990h,15.0,12.585291
2025-12,БІ,DS0990h,36.0,34.377422
2026-01,БІ,DS0990h,29.0,17.112814
2026-02,БІ,DS0990h,14.0,10.100138
2025-07,Віват Канцелярія,DS0990h,1.0,2.0232172
2025-08,Віват Канцелярія,DS0990h,0.0,2.195134
2025-09,Віват Канцелярія,DS0990h,2.0,1.8966225
2025-10,Віват Канцелярія,DS0990h,1.0,3.6204185
2025-11,Віват Канцелярія,DS0990h,3.0,4.0436797
2025-12,Віват Канцелярія,DS0990h,15.0,10.060399
2026-01,Віват Канцелярія,DS0990h,12.0,5.7183986
2026-02,Віват Канцелярія,DS0990h,0.0,0.0
2025-07,Епіцентр,DS0990h,9.0,4.028355
2025-08,Епіцентр,DS0990h,5.0,5.82224
2025-09,Епіцентр,DS0990h,3.0,6.894989
2025-10,Епіцентр,DS0990h,4.0,7.610703
2025-11,Епіцентр,DS0990h,13.0,7.249122
2025-12,Епіцентр,DS0990h,30.0,27.66614
2026-01,Епіцентр,DS0990h,15.0,13.696626
2026-02,Епіцентр,DS0990h,12.0,5.3819437
2025-07,МайПлей,DS0990h,1.0,0.9125474
2025-08,МайПлей,DS0990h,0.0,1.0591018
2025-09,МайПлей,DS0990h,2.0,0.750197
2025-10,МайПлей,DS0990h,2.0,2.3792975
2025-11,МайПлей,DS0990h,3.0,3.2174191
2025-12,МайПлей,DS0990h,7.0,9.78876
2026-01,МайПлей,DS0990h,2.0,2.6991842
2026-02,МайПлей,DS0990h,0.0,0.0
2025-07,Мегамаркет,DS0990h,0.0,0.32354274
2025-08,Мегамаркет,DS0990h,2.0,0.2467963
2025-09,Мегамаркет,DS0990h,0.0,0.49356028
2025-10,Мегамаркет,DS0990h,0.0,0.39240214
2025-11,Мегамаркет,DS0990h,1.0,0.47336417
2025-12,Мегамаркет,DS0990h,4.0,1.6279695
2026-01,Мегамаркет,DS0990h,0.0,0.04916486
2026-02,Мегамаркет,DS0990h,0.0,0.0
2025-07,Монако,DS0990h,0.0,0.0
2025-08,Монако,DS0990h,0.0,0.0
2025-09,Монако,DS0990h,0.0,0.0
2025-10,Монако,DS0990h,2.0,1.7281036
2025-11,Монако,DS0990h,1.0,1.7030802
2025-12,Монако,DS0990h,0.0,0.0
2026-01,Монако,DS0990h,0.0,0.0
2026-02,Монако,DS0990h,0.0,0.0
2025-07,Росицька ФОП,DS0990h,0.0,0.2602877
2025-08,Росицька ФОП,DS0990h,0.0,0.24956785
2025-09,Росицька ФОП,DS0990h,0.0,0.2548206
2025-10,Росицька ФОП,DS0990h,1.0,0.43067038
2025-11,Росицька ФОП,DS0990h,1.0,0.2836743
2025-12,Росицька ФОП,DS0990h,1.0,1.204831
2026-01,Росицька ФОП,DS0990h,0.0,1.2578717
2026-02,Росицька ФОП,DS0990h,0.0,0.42453572
2025-07,Смайл,DS0990h,0.0,0.0
2025-08,Смайл,DS0990h,0.0,0.0
2025-09,Смайл,DS0990h,0.0,0.0
2025-10,Смайл,DS0990h,2.0,1.2390908
2025-11,Смайл,DS0990h,2.0,1.7801433
2025-12,Смайл,DS0990h,0.0,0.0
2026-01,Смайл,DS0990h,0.0,0.0
2026-02,Смайл,DS0990h,0.0,0.0
2025-07,Смік,DS0990h,1.0,0.46385545
2025-08,Смік,DS0990h,0.0,0.6066428
2025-09,Смік,DS0990h,0.0,0.4222033
2025-10,Смік,DS0990h,1.0,0.8832222
2025-11,Смік,DS0990h,1.0,0.76151055
2025-12,Смік,DS0990h,3.0,3.5871196
2026-01,Смік,DS0990h,2.0,2.3160388
2026-02,Смік,DS0990h,2.0,1.0183676
2025-07,Акварель,DS0991h,2.0,2.7000759
2025-08,Акварель,DS0991h,4.0,3.824628
2025-09,Акварель,DS0991h,5.0,2.8948243
2025-10,Акварель,DS0991h,0.0,0.0
2025-11,Акварель,DS0991h,0.0,0.0
2025-12,Акварель,DS0991h,1.0,4.0372434
2026-01,Акварель,DS0991h,0.0,0.0
2026-02,Акварель,DS0991h,1.0,0.8619965
2025-07,Віват Канцелярія,DS0991h,2.0,1.1133648
2025-08,Віват Канцелярія,DS0991h,1.0,1.9072987
2025-09,Віват Канцелярія,DS0991h,1.0,1.7392774
2025-10,Віват Канцелярія,DS0991h,3.0,1.2299597
2025-11,Віват Канцелярія,DS0991h,4.0,1.6000262
2025-12,Віват Канцелярія,DS0991h,5.0,4.4454207
2026-01,Віват Канцелярія,DS0991h,6.0,2.058462
2026-02,Віват Канцелярія,DS0991h,0.0,0.0
2025-07,Епіцентр,DS0991h,3.0,0.39136365
2025-08,Епіцентр,DS0991h,0.0,0.0
2025-09,Епіцентр,DS0991h,1.0,1.4951785
2025-10,Епіцентр,DS0991h,0.0,0.0
2025-11,Епіцентр,DS0991h,1.0,0.97405046
2025-12,Епіцентр,DS0991h,0.0,0.0
2026-01,Епіцентр,DS0991h,0.0,0.0
2026-02,Епіцентр,DS0991h,0.0,0.0
2025-07,ІМ-Розетка,DS0992h,0.0,0.8299554
2025-08,ІМ-Розетка,DS0992h,0.0,1.1607912
2025-09,ІМ-Розетка,DS0992h,1.0,1.8246335
2025-10,ІМ-Розетка,DS0992h,9.0,2.7367184
2025-11,ІМ-Розетка,DS0992h,4.0,3.0052445
2025-12,ІМ-Розетка,DS0992h,3.0,10.797013
2026-01,ІМ-Розетка,DS0992h,0.0,0.0
2026-02,ІМ-Розетка,DS0992h,0.0,0.0
2025-07,Акварель,DS0992h,9.0,5.789862
2025-08,Акварель,DS0992h,7.0,6.4006968
2025-09,Акварель,DS0992h,13.0,6.512478
2025-10,Акварель,DS0992h,2.0,10.266915
2025-11,Акварель,DS0992h,7.0,6.3948674
2025-12,Акварель,DS0992h,28.0,15.311058
2026-01,Акварель,DS0992h,3.0,4.245153
2026-02,Акварель,DS0992h,4.0,2.2206938
2025-07,БІ,DS0992h,8.0,11.119774
2025-08,БІ,DS0992h,13.0,11.4559145
2025-09,БІ,DS0992h,19.0,14.0919895
2025-10,БІ,DS0992h,10.0,22.15896
2025-11,БІ,DS0992h,15.0,19.527609
2025-12,БІ,DS0992h,41.0,31.20828
2026-01,БІ,DS0992h,12.0,7.211174
2026-02,БІ,DS0992h,4.0,4.21156
2025-07,Віват Канцелярія,DS0992h,1.0,2.0878224
2025-08,Віват Канцелярія,DS0992h,2.0,2.1532612
2025-09,Віват Канцелярія,DS0992h,3.0,2.4301035
2025-10,Віват Канцелярія,DS0992h,3.0,2.6841621
2025-11,Віват Канцелярія,DS0992h,2.0,2.6919477
2025-12,Віват Канцелярія,DS0992h,16.0,7.1570206
2026-01,Віват Канцелярія,DS0992h,6.0,2.8298523
2026-02,Віват Канцелярія,DS0992h,0.0,0.0
2025-07,Епіцентр,DS0992h,5.0,3.2022998
2025-08,Епіцентр,DS0992h,7.0,4.5869045
2025-09,Епіцентр,DS0992h,5.0,6.5857716
2025-10,Епіцентр,DS0992h,7.0,4.85819
2025-11,Епіцентр,DS0992h,5.0,4.7682014
2025-12,Епіцентр,DS0992h,16.0,12.896286
2026-01,Епіцентр,DS0992h,9.0,4.1857357
2026-02,Епіцентр,DS0992h,3.0,2.403434
2025-07,Кубі,DS0992h,4.0,2.2077627
2025-08,Кубі,DS0992h,0.0,0.0
2025-09,Кубі,DS0992h,0.0,0.0
2025-10,Кубі,DS0992h,0.0,0.0
2025-11,Кубі,DS0992h,0.0,0.0
2025-12,Кубі,DS0992h,0.0,0.0
2026-01,Кубі,DS0992h,0.0,0.0
2026-02,Кубі,DS0992h,0.0,0.013902864
2025-07,МайПлей,DS0992h,1.0,0.64002866
2025-08,МайПлей,DS0992h,2.0,0.69369996
2025-09,МайПлей,DS0992h,0.0,0.75936294
2025-10,МайПлей,DS0992h,1.0,0.6719964
2025-11,МайПлей,DS0992h,1.0,1.5516547
2025-12,МайПлей,DS0992h,1.0,2.6297803
2026-01,МайПлей,DS0992h,4.0,0.967348
2026-02,МайПлей,DS0992h,0.0,0.0
2025-07,Мегамаркет,DS0992h,0.0,0.6709289
2025-08,Мегамаркет,DS0992h,0.0,0.44500658
2025-09,Мегамаркет,DS0992h,1.0,0.42957485
2025-10,Мегамаркет,DS0992h,0.0,0.5313822
2025-11,Мегамаркет,DS0992h,0.0,0.40388513
2025-12,Мегамаркет,DS0992h,3.0,0.8633961
2026-01,Мегамаркет,DS0992h,1.0,0.929839
2026-02,Мегамаркет,DS0992h,0.0,0.0
2025-07,Монако,DS0992h,0.0,0.0
2025-08,Монако,DS0992h,0.0,0.0
2025-09,Монако,DS0992h,0.0,0.0
2025-10,Монако,DS0992h,0.0,0.0
2025-11,Монако,DS0992h,1.0,1.116586
2025-12,Монако,DS0992h,0.0,0.0
2026-01,Монако,DS0992h,0.0,0.0
2026-02,Монако,DS0992h,0.0,0.0
2025-07,Смайл,DS0992h,0.0,0.0
2025-08,Смайл,DS0992h,0.0,0.0
2025-09,Смайл,DS0992h,0.0,0.0
2025-10,Смайл,DS0992h,1.0,1.209861
2025-11,Смайл,DS0992h,2.0,1.2703007
2025-12,Смайл,DS0992h,0.0,0.0
2026-01,Смайл,DS0992h,0.0,0.0
2026-02,Смайл,DS0992h,0.0,0.0
2025-07,Смік,DS0992h,1.0,0.4192153
2025-08,Смік,DS0992h,0.0,0.6162092
2025-09,Смік,DS0992h,0.0,0.4356096
2025-10,Смік,DS0992h,0.0,0.46534517
2025-11,Смік,DS0992h,0.0,0.3505204
2025-12,Смік,DS0992h,3.0,1.2910948
2026-01,Смік,DS0992h,0.0,0.0
2026-02,Смік,DS0992h,0.0,0.0
2025-07,Мегамаркет,DS1011h,1.0,0.41697177
2025-08,Мегамаркет,DS1011h,0.0,0.52948564
2025-09,Мегамаркет,DS1011h,1.0,0.41682816
2025-10,Мегамаркет,DS1011h,0.0,0.0
2025-11,Мегамаркет,DS1011h,0.0,0.0
2025-12,Мегамаркет,DS1011h,0.0,0.6162755
2026-01,Мегамаркет,DS1011h,0.0,0.883372
2026-02,Мегамаркет,DS1011h,0.0,0.017845877
2025-07,Акварель,DS1030h,10.0,5.533193
2025-08,Акварель,DS1030h,5.0,7.660563
2025-09,Акварель,DS1030h,8.0,5.90132
2025-10,Акварель,DS1030h,10.0,6.885841
2025-11,Акварель,DS1030h,8.0,7.5826135
2025-12,Акварель,DS1030h,19.0,18.409063
2026-01,Акварель,DS1030h,6.0,3.0869548
2026-02,Акварель,DS1030h,3.0,3.0258243
2025-07,Антошка,DS1030h,3.0,2.505104
2025-08,Антошка,DS1030h,2.0,4.090369
2025-09,Антошка,DS1030h,1.0,3.1656833
2025-10,Антошка,DS1030h,5.0,3.5535238
2025-11,Антошка,DS1030h,3.0,4.405913
2025-12,Антошка,DS1030h,8.0,7.1637883
2026-01,Антошка,DS1030h,2.0,1.7866352
2026-02,Антошка,DS1030h,3.0,1.6757319
2025-07,БІ,DS1030h,9.0,6.746048
2025-08,БІ,DS1030h,6.0,12.025331
2025-09,БІ,DS1030h,12.0,9.851801
2025-10,БІ,DS1030h,5.0,10.808937
2025-11,БІ,DS1030h,4.0,8.954315
2025-12,БІ,DS1030h,23.0,16.05697
2026-01,БІ,DS1030h,3.0,3.2539663
2026-02,БІ,DS1030h,0.0,0.0
2025-07,Віват Канцелярія,DS1030h,2.0,1.6078409
2025-08,Віват Канцелярія,DS1030h,1.0,1.9643686
2025-09,Віват Канцелярія,DS1030h,3.0,1.8608592
2025-10,Віват Канцелярія,DS1030h,0.0,2.261142
2025-11,Віват Канцелярія,DS1030h,1.0,2.407954
2025-12,Віват Канцелярія,DS1030h,6.0,5.3952255
2026-01,Віват Канцелярія,DS1030h,0.0,0.0
2026-02,Віват Канцелярія,DS1030h,0.0,0.0
2025-07,Епіцентр,DS1030h,11.0,3.6958807
2025-08,Епіцентр,DS1030h,3.0,7.1717424
2025-09,Епіцентр,DS1030h,5.0,4.1990676
2025-10,Епіцентр,DS1030h,2.0,5.0071597
2025-11,Епіцентр,DS1030h,3.0,5.0541425
2025-12,Епіцентр,DS1030h,25.0,11.380484
2026-01,Епіцентр,DS1030h,8.0,3.6345985
2026-02,Епіцентр,DS1030h,2.0,2.813722
2025-07,Монако,DS1030h,1.0,1.1209544
2025-08,Монако,DS1030h,0.0,0.0
2025-09,Монако,DS1030h,0.0,0.0
2025-10,Монако,DS1030h,0.0,0.0
2025-11,Монако,DS1030h,2.0,1.1917285
2025-12,Монако,DS1030h,0.0,0.020087672
2026-01,Монако,DS1030h,0.0,0.0
2026-02,Монако,DS1030h,0.0,0.0
2025-07,Чудо Острів,DS1030h,3.0,1.3898491
2025-08,Чудо Острів,DS1030h,1.0,1.8599343
2025-09,Чудо Острів,DS1030h,0.0,2.1393447
2025-10,Чудо Острів,DS1030h,0.0,2.247337
2025-11,Чудо Острів,DS1030h,1.0,3.2683537
2025-12,Чудо Острів,DS1030h,1.0,3.4842615
2026-01,Чудо Острів,DS1030h,1.0,1.2188532
2026-02,Чудо Острів,DS1030h,0.0,0.0
2025-07,Акварель,DS1051h,3.0,3.173132
2025-08,Акварель,DS1051h,2.0,3.3924015
2025-09,Акварель,DS1051h,3.0,3.1016948
2025-10,Акварель,DS1051h,3.0,4.0888524
2025-11,Акварель,DS1051h,8.0,3.3419585
2025-12,Акварель,DS1051h,14.0,11.099259
2026-01,Акварель,DS1051h,7.0,3.17461
2026-02,Акварель,DS1051h,2.0,2.2993636
2025-07,Антошка,DS1051h,4.0,2.7298493
2025-08,Антошка,DS1051h,1.0,3.0871072
2025-09,Антошка,DS1051h,4.0,3.1438746
2025-10,Антошка,DS1051h,5.0,4.214238
2025-11,Антошка,DS1051h,6.0,4.5300856
2025-12,Антошка,DS1051h,16.0,12.007828
2026-01,Антошка,DS1051h,9.0,2.4267187
2026-02,Антошка,DS1051h,0.0,0.0
2025-07,БІ,DS1051h,6.0,8.058341
2025-08,БІ,DS1051h,9.0,7.990007
2025-09,БІ,DS1051h,8.0,9.038596
2025-10,БІ,DS1051h,10.0,10.967804
2025-11,БІ,DS1051h,7.0,12.183614
2025-12,БІ,DS1051h,28.0,29.157839
2026-01,БІ,DS1051h,3.0,7.2744727
2026-02,БІ,DS1051h,10.0,1.6331593
2025-07,Віват Канцелярія,DS1051h,2.0,0.50932974
2025-08,Віват Канцелярія,DS1051h,1.0,0.8959131
2025-09,Віват Канцелярія,DS1051h,2.0,0.92425084
2025-10,Віват Канцелярія,DS1051h,1.0,1.3935608
2025-11,Віват Канцелярія,DS1051h,2.0,1.7746673
2025-12,Віват Канцелярія,DS1051h,5.0,3.2342482
2026-01,Віват Канцелярія,DS1051h,0.0,0.0
2026-02,Віват Канцелярія,DS1051h,0.0,0.0
2025-07,Епіцентр,DS1051h,6.0,2.3279767
2025-08,Епіцентр,DS1051h,1.0,3.072353
2025-09,Епіцентр,DS1051h,3.0,2.674684
2025-10,Епіцентр,DS1051h,1.0,3.6213932
2025-11,Епіцентр,DS1051h,4.0,2.9869752
2025-12,Епіцентр,DS1051h,16.0,9.001512
2026-01,Епіцентр,DS1051h,2.0,2.312089
2026-02,Епіцентр,DS1051h,4.0,1.714718
2025-07,Клас,DS1051h,0.0,0.34185287
2025-08,Клас,DS1051h,0.0,0.3771014
2025-09,Клас,DS1051h,0.0,0.3889177
2025-10,Клас,DS1051h,0.0,0.46969166
2025-11,Клас,DS1051h,1.0,0.48320895
2025-12,Клас,DS1051h,2.0,0.55882823
2026-01,Клас,DS1051h,0.0,0.267709
2026-02,Клас,DS1051h,0.0,0.14301191
2025-07,МайПлей,DS1051h,0.0,0.0
2025-08,МайПлей,DS1051h,0.0,0.0
2025-09,МайПлей,DS1051h,1.0,1.3550488
2025-10,МайПлей,DS1051h,1.0,1.5704108
2025-11,МайПлей,DS1051h,1.0,1.4424652
2025-12,МайПлей,DS1051h,3.0,2.8821661
2026-01,МайПлей,DS1051h,1.0,1.1671265
2026-02,МайПлей,DS1051h,1.0,0.9631164
2025-07,Мегамаркет,DS1051h,0.0,0.0
2025-08,Мегамаркет,DS1051h,0.0,0.7947038
2025-09,Мегамаркет,DS1051h,0.0,0.5950686
2025-10,Мегамаркет,DS1051h,0.0,0.4836342
2025-11,Мегамаркет,DS1051h,0.0,0.51304215
2025-12,Мегамаркет,DS1051h,0.0,0.8107664
2026-01,Мегамаркет,DS1051h,0.0,0.016194684
2026-02,Мегамаркет,DS1051h,0.0,0.09689499
2025-07,ІМ-Розетка,DS1052h,1.0,1.3103129
2025-08,ІМ-Розетка,DS1052h,0.0,0.1763364
2025-09,ІМ-Розетка,DS1052h,0.0,0.36913347
2025-10,ІМ-Розетка,DS1052h,0.0,0.32727116
2025-11,ІМ-Розетка,DS1052h,0.0,0.29090825
2025-12,ІМ-Розетка,DS1052h,1.0,2.6301255
2026-01,ІМ-Розетка,DS1052h,0.0,0.38660145
2026-02,ІМ-Розетка,DS1052h,0.0,0.25543147
2025-07,Акварель,DS1052h,8.0,4.4854403
2025-08,Акварель,DS1052h,4.0,4.6545568
2025-09,Акварель,DS1052h,5.0,4.9199524
2025-10,Акварель,DS1052h,2.0,4.802956
2025-11,Акварель,DS1052h,5.0,5.6317377
2025-12,Акварель,DS1052h,25.0,15.579389
2026-01,Акварель,DS1052h,7.0,6.6921787
2026-02,Акварель,DS1052h,5.0,3.53473
2025-07,Антошка,DS1052h,3.0,3.3768601
2025-08,Антошка,DS1052h,5.0,3.350051
2025-09,Антошка,DS1052h,6.0,3.9814808
2025-10,Антошка,DS1052h,5.0,4.7504277
2025-11,Антошка,DS1052h,6.0,4.1292496
2025-12,Антошка,DS1052h,12.0,11.474357
2026-01,Антошка,DS1052h,7.0,2.4066482
2026-02,Антошка,DS1052h,4.0,1.4207201
2025-07,БІ,DS1052h,2.0,3.4126658
2025-08,БІ,DS1052h,3.0,3.7264905
2025-09,БІ,DS1052h,0.0,4.3212266
2025-10,БІ,DS1052h,4.0,2.8416162
2025-11,БІ,DS1052h,1.0,3.3905203
2025-12,БІ,DS1052h,28.0,7.3312287
2026-01,БІ,DS1052h,12.0,15.29096
2026-02,БІ,DS1052h,4.0,3.0167775
2025-07,Віват Канцелярія,DS1052h,0.0,0.46922526
2025-08,Віват Канцелярія,DS1052h,1.0,0.46986386
2025-09,Віват Канцелярія,DS1052h,1.0,0.7970246
2025-10,Віват Канцелярія,DS1052h,2.0,0.642067
2025-11,Віват Канцелярія,DS1052h,1.0,0.80897015
2025-12,Віват Канцелярія,DS1052h,3.0,1.9780316
2026-01,Віват Канцелярія,DS1052h,0.0,1.2986081
2026-02,Віват Канцелярія,DS1052h,0.0,0.99392015
2025-07,Епіцентр,DS1052h,9.0,2.1687222
2025-08,Епіцентр,DS1052h,3.0,3.9563675
2025-09,Епіцентр,DS1052h,2.0,3.2242506
2025-10,Епіцентр,DS1052h,0.0,3.955529
2025-11,Епіцентр,DS1052h,1.0,1.9599426
2025-12,Епіцентр,DS1052h,9.0,7.210564
2026-01,Епіцентр,DS1052h,3.0,2.6506433
2026-02,Епіцентр,DS1052h,2.0,3.4865
2025-07,Клас,DS1052h,0.0,0.46956354
2025-08,Клас,DS1052h,0.0,0.38182265
2025-09,Клас,DS1052h,0.0,0.41602945
2025-10,Клас,DS1052h,2.0,0.44056323
2025-11,Клас,DS1052h,1.0,0.51586396
2025-12,Клас,DS1052h,1.0,1.9502541
2026-01,Клас,DS1052h,0.0,0.33499914
2026-02,Клас,DS1052h,0.0,0.1557293
2025-07,МайПлей,DS1052h,1.0,0.79830474
2025-08,МайПлей,DS1052h,1.0,0.94397706
2025-09,МайПлей,DS1052h,1.0,0.7631707
2025-10,МайПлей,DS1052h,3.0,0.8315597
2025-11,МайПлей,DS1052h,0.0,1.327731
2025-12,МайПлей,DS1052h,2.0,2.2077587
2026-01,МайПлей,DS1052h,0.0,0.0
2026-02,МайПлей,DS1052h,1.0,0.76704663
2025-07,Мегамаркет,DS1052h,0.0,0.6647429
2025-08,Мегамаркет,DS1052h,0.0,0.5361171
2025-09,Мегамаркет,DS1052h,1.0,0.5214434
2025-10,Мегамаркет,DS1052h,0.0,0.5256526
2025-11,Мегамаркет,DS1052h,0.0,0.6347325
2025-12,Мегамаркет,DS1052h,0.0,0.8284849
2026-01,Мегамаркет,DS1052h,0.0,1.0933567
2026-02,Мегамаркет,DS1052h,2.0,0.103013545
2025-07,Монако,DS1052h,1.0,1.2222768
2025-08,Монако,DS1052h,0.0,0.0
2025-09,Монако,DS1052h,1.0,1.3507533
2025-10,Монако,DS1052h,0.0,0.0
2025-11,Монако,DS1052h,2.0,1.5193785
2025-12,Монако,DS1052h,1.0,2.1150644
2026-01,Монако,DS1052h,0.0,0.0
2026-02,Монако,DS1052h,0.0,0.0
2025-07,РОСТ,DS1052h,0.0,0.4575544
2025-08,РОСТ,DS1052h,0.0,0.45497856
2025-09,РОСТ,DS1052h,1.0,0.4796689
2025-10,РОСТ,DS1052h,0.0,0.5406685
2025-11,РОСТ,DS1052h,1.0,0.6149307
2025-12,РОСТ,DS1052h,1.0,2.1089306
2026-01,РОСТ,DS1052h,2.0,1.0191113
2026-02,РОСТ,DS1052h,0.0,1.51298
2025-07,ІМ-Розетка,DS1053h,0.0,0.5575051
2025-08,ІМ-Розетка,DS1053h,1.0,0.5017087
2025-09,ІМ-Розетка,DS1053h,2.0,1.3101358
2025-10,ІМ-Розетка,DS1053h,0.0,0.41955933
2025-11,ІМ-Розетка,DS1053h,0.0,0.2553898
2025-12,ІМ-Розетка,DS1053h,1.0,1.974679
2026-01,ІМ-Розетка,DS1053h,0.0,0.34835777
2026-02,ІМ-Розетка,DS1053h,0.0,0.1567726
2025-07,Акварель,DS1053h,3.0,4.196601
2025-08,Акварель,DS1053h,9.0,3.9520276
2025-09,Акварель,DS1053h,5.0,3.3245375
2025-10,Акварель,DS1053h,4.0,5.798858
2025-11,Акварель,DS1053h,4.0,5.27466
2025-12,Акварель,DS1053h,17.0,9.4206505
2026-01,Акварель,DS1053h,6.0,3.5987802
2026-02,Акварель,DS1053h,5.0,2.089876
2025-07,Антошка,DS1053h,1.0,2.4567342
2025-08,Антошка,DS1053h,6.0,2.2062404
2025-09,Антошка,DS1053h,1.0,2.9410324
2025-10,Антошка,DS1053h,2.0,3.4012296
2025-11,Антошка,DS1053h,5.0,2.800744
2025-12,Антошка,DS1053h,11.0,6.7137914
2026-01,Антошка,DS1053h,2.0,2.1602056
2026-02,Антошка,DS1053h,2.0,1.8305353
2025-07,БІ,DS1053h,10.0,4.4218755
2025-08,БІ,DS1053h,9.0,7.1267476
2025-09,БІ,DS1053h,14.0,11.318364
2025-10,БІ,DS1053h,18.0,16.03492
2025-11,БІ,DS1053h,24.0,17.095522
2025-12,БІ,DS1053h,37.0,29.418133
2026-01,БІ,DS1053h,11.0,5.737758
2026-02,БІ,DS1053h,8.0,2.8901818
2025-07,Віват Канцелярія,DS1053h,0.0,0.44603637
2025-08,Віват Канцелярія,DS1053h,0.0,0.59889174
2025-09,Віват Канцелярія,DS1053h,0.0,0.6084446
2025-10,Віват Канцелярія,DS1053h,1.0,0.59286994
2025-11,Віват Канцелярія,DS1053h,0.0,0.6732764
2025-12,Віват Канцелярія,DS1053h,2.0,1.3485396
2026-01,Віват Канцелярія,DS1053h,2.0,1.1844536
2026-02,Віват Канцелярія,DS1053h,0.0,0.353485
2025-07,Епіцентр,DS1053h,1.0,1.2129109
2025-08,Епіцентр,DS1053h,1.0,1.0337243
2025-09,Епіцентр,DS1053h,5.0,0.85149914
2025-10,Епіцентр,DS1053h,1.0,2.3492274
2025-11,Епіцентр,DS1053h,1.0,1.916572
2025-12,Епіцентр,DS1053h,7.0,4.8622475
2026-01,Епіцентр,DS1053h,0.0,0.0
2026-02,Епіцентр,DS1053h,1.0,1.164499
2025-07,Клас,DS1053h,0.0,0.29206508
2025-08,Клас,DS1053h,0.0,0.41065243
2025-09,Клас,DS1053h,0.0,0.40391937
2025-10,Клас,DS1053h,0.0,0.4263974
2025-11,Клас,DS1053h,0.0,0.4345958
2025-12,Клас,DS1053h,2.0,0.57294315
2026-01,Клас,DS1053h,0.0,0.35853955
2026-02,Клас,DS1053h,0.0,0.14823918
2025-07,Кубі,DS1053h,0.0,0.0
2025-08,Кубі,DS1053h,1.0,1.6228889
2025-09,Кубі,DS1053h,2.0,1.4702451
2025-10,Кубі,DS1053h,3.0,1.8985186
2025-11,Кубі,DS1053h,0.0,0.0
2025-12,Кубі,DS1053h,0.0,0.0
2026-01,Кубі,DS1053h,5.0,1.4106405
2026-02,Кубі,DS1053h,0.0,0.0
2025-07,МайПлей,DS1053h,3.0,0.6110713
2025-08,МайПлей,DS1053h,2.0,0.97984076
2025-09,МайПлей,DS1053h,1.0,0.8547917
2025-10,МайПлей,DS1053h,3.0,1.2023554
2025-11,МайПлей,DS1053h,0.0,1.286231
2025-12,МайПлей,DS1053h,1.0,2.8140838
2026-01,МайПлей,DS1053h,0.0,0.0
2026-02,МайПлей,DS1053h,0.0,0.0
2025-07,Мегамаркет,DS1053h,1.0,0.5545917
2025-08,Мегамаркет,DS1053h,0.0,0.4620386
2025-09,Мегамаркет,DS1053h,1.0,0.51426303
2025-10,Мегамаркет,DS1053h,2.0,0.7576876
2025-11,Мегамаркет,DS1053h,0.0,0.73871356
2025-12,Мегамаркет,DS1053h,0.0,0.96676534
2026-01,Мегамаркет,DS1053h,1.0,0.136628
2026-02,Мегамаркет,DS1053h,0.0,0.2629082
2025-07,Монако,DS1053h,0.0,0.0
2025-08,Монако,DS1053h,0.0,0.0
2025-09,Монако,DS1053h,1.0,1.1073234
2025-10,Монако,DS1053h,1.0,1.4221979
2025-11,Монако,DS1053h,1.0,1.6342338
2025-12,Монако,DS1053h,0.0,0.0
2026-01,Монако,DS1053h,0.0,0.0
2026-02,Монако,DS1053h,0.0,0.0
2025-07,РОСТ,DS1053h,0.0,0.26159626
2025-08,РОСТ,DS1053h,0.0,0.25771463
2025-09,РОСТ,DS1053h,1.0,0.44480708
2025-10,РОСТ,DS1053h,0.0,0.49703398
2025-11,РОСТ,DS1053h,0.0,0.5597464
2025-12,РОСТ,DS1053h,1.0,0.59122103
2026-01,РОСТ,DS1053h,2.0,0.31005263
2026-02,РОСТ,DS1053h,0.0,0.22515106
2025-07,Чудо Острів,DS1053h,1.0,0.47125986
2025-08,Чудо Острів,DS1053h,2.0,0.64121586
2025-09,Чудо Острів,DS1053h,0.0,0.6729153
2025-10,Чудо Острів,DS1053h,1.0,0.80888253
2025-11,Чудо Острів,DS1053h,2.0,0.8766173
2025-12,Чудо Острів,DS1053h,1.0,2.0401857
2026-01,Чудо Острів,DS1053h,0.0,0.0
2026-02,Чудо Острів,DS1053h,1.0,0.66392314
2025-07,ІМ-Розетка,DS1054h,1.0,1.2179302
2025-08,ІМ-Розетка,DS1054h,0.0,0.2886911
2025-09,ІМ-Розетка,DS1054h,1.0,1.2705654
2025-10,ІМ-Розетка,DS1054h,0.0,0.17376296
2025-11,ІМ-Розетка,DS1054h,0.0,0.2720613
2025-12,ІМ-Розетка,DS1054h,0.0,0.5532231
2026-01,ІМ-Розетка,DS1054h,0.0,0.10098105
2026-02,ІМ-Розетка,DS1054h,0.0,0.04887273
2025-07,Акварель,DS1054h,2.0,2.291431
2025-08,Акварель,DS1054h,2.0,3.2937913
2025-09,Акварель,DS1054h,1.0,2.739357
2025-10,Акварель,DS1054h,1.0,2.1357005
2025-11,Акварель,DS1054h,2.0,1.9246653
2025-12,Акварель,DS1054h,9.0,3.6192777
2026-01,Акварель,DS1054h,3.0,1.8746281
2026-02,Акварель,DS1054h,1.0,1.8274096
2025-07,Антошка,DS1054h,4.0,2.0153222
2025-08,Антошка,DS1054h,2.0,2.54417
2025-09,Антошка,DS1054h,6.0,2.977041
2025-10,Антошка,DS1054h,0.0,3.3498893
2025-11,Антошка,DS1054h,2.0,2.1519542
2025-12,Антошка,DS1054h,5.0,5.140443
2026-01,Антошка,DS1054h,3.0,1.8287326
2026-02,Антошка,DS1054h,0.0,0.0
2025-07,БІ,DS1054h,3.0,2.918471
2025-08,БІ,DS1054h,6.0,3.823868
2025-09,БІ,DS1054h,3.0,4.4402514
2025-10,БІ,DS1054h,3.0,4.1302633
2025-11,БІ,DS1054h,5.0,4.1787105
2025-12,БІ,DS1054h,7.0,9.717439
2026-01,БІ,DS1054h,3.0,2.1251152
2026-02,БІ,DS1054h,2.0,1.429694
2025-07,Епіцентр,DS1054h,4.0,0.6472656
2025-08,Епіцентр,DS1054h,0.0,2.1607633
2025-09,Епіцентр,DS1054h,1.0,1.4651406
2025-10,Епіцентр,DS1054h,2.0,1.4729257
2025-11,Епіцентр,DS1054h,1.0,1.8079048
2025-12,Епіцентр,DS1054h,4.0,3.2367926
2026-01,Епіцентр,DS1054h,1.0,1.0444114
2026-02,Епіцентр,DS1054h,1.0,0.9904089
2025-07,МайПлей,DS1054h,0.0,0.61881864
2025-08,МайПлей,DS1054h,1.0,0.6040198
2025-09,МайПлей,DS1054h,1.0,0.6649665
2025-10,МайПлей,DS1054h,0.0,0.74077123
2025-11,МайПлей,DS1054h,0.0,0.6403011
2025-12,МайПлей,DS1054h,4.0,1.5896715
2026-01,МайПлей,DS1054h,2.0,1.0632846
2026-02,МайПлей,DS1054h,1.0,0.9862286
2025-07,Мегамаркет,DS1054h,0.0,0.5293734
2025-08,Мегамаркет,DS1054h,0.0,0.4672013
2025-09,Мегамаркет,DS1054h,0.0,0.49603692
2025-10,Мегамаркет,DS1054h,2.0,0.6023266
2025-11,Мегамаркет,DS1054h,0.0,0.78711736
2025-12,Мегамаркет,DS1054h,0.0,0.94290805
2026-01,Мегамаркет,DS1054h,0.0,0.9382869
2026-02,Мегамаркет,DS1054h,1.0,0.11165806
2025-07,Монако,DS1054h,1.0,1.5750785
2025-08,Монако,DS1054h,0.0,0.0
2025-09,Монако,DS1054h,1.0,1.4217768
2025-10,Монако,DS1054h,1.0,1.5411257
2025-11,Монако,DS1054h,2.0,1.7410862
2025-12,Монако,DS1054h,0.0,0.0
2026-01,Монако,DS1054h,0.0,0.0
2026-02,Монако,DS1054h,0.0,0.0
2025-07,Смік,DS1054h,0.0,0.4834966
2025-08,Смік,DS1054h,1.0,0.5082978
2025-09,Смік,DS1054h,0.0,0.44784254
2025-10,Смік,DS1054h,1.0,0.46826926
2025-11,Смік,DS1054h,1.0,0.4460823
2025-12,Смік,DS1054h,1.0,0.8365535
2026-01,Смік,DS1054h,0.0,0.5053623
2026-02,Смік,DS1054h,0.0,0.13679981
2025-07,Чудо Острів,DS1054h,0.0,0.5596749
2025-08,Чудо Острів,DS1054h,0.0,0.65458524
2025-09,Чудо Острів,DS1054h,0.0,0.62962496
2025-10,Чудо Острів,DS1054h,0.0,0.6486802
2025-11,Чудо Острів,DS1054h,0.0,0.6312642
2025-12,Чудо Острів,DS1054h,0.0,1.5179663
2026-01,Чудо Острів,DS1054h,1.0,0.0139512755
2026-02,Чудо Острів,DS1054h,0.0,0.28902185
2025-07,ІМ-Розетка,DS1057h,0.0,0.67672855
2025-08,ІМ-Розетка,DS1057h,1.0,1.8362428
2025-09,ІМ-Розетка,DS1057h,1.0,2.378571
2025-10,ІМ-Розетка,DS1057h,1.0,3.1507938
2025-11,ІМ-Розетка,DS1057h,0.0,1.2617222
2025-12,ІМ-Розетка,DS1057h,3.0,3.9529777
2026-01,ІМ-Розетка,DS1057h,0.0,0.0
2026-02,ІМ-Розетка,DS1057h,0.0,0.0
2025-07,Акварель,DS1057h,4.0,5.200088
2025-08,Акварель,DS1057h,7.0,4.9733624
2025-09,Акварель,DS1057h,5.0,4.7800016
2025-10,Акварель,DS1057h,9.0,8.750023
2025-11,Акварель,DS1057h,17.0,10.796565
2025-12,Акварель,DS1057h,32.0,32.98641
2026-01,Акварель,DS1057h,12.0,12.251737
2026-02,Акварель,DS1057h,9.0,5.790921
2025-07,Антошка,DS1057h,2.0,1.7100093
2025-08,Антошка,DS1057h,1.0,2.7700858
2025-09,Антошка,DS1057h,3.0,3.439638
2025-10,Антошка,DS1057h,2.0,4.0424914
2025-11,Антошка,DS1057h,3.0,4.2822866
2025-12,Антошка,DS1057h,11.0,9.342178
2026-01,Антошка,DS1057h,4.0,2.6298313
2026-02,Антошка,DS1057h,2.0,2.1036153
2025-07,БІ,DS1057h,11.0,18.56537
2025-08,БІ,DS1057h,15.0,11.765169
2025-09,БІ,DS1057h,10.0,13.791282
2025-10,БІ,DS1057h,19.0,18.08628
2025-11,БІ,DS1057h,32.0,25.392347
2025-12,БІ,DS1057h,80.0,68.54817
2026-01,БІ,DS1057h,36.0,26.202284
2026-02,БІ,DS1057h,17.0,18.495737
2025-07,Віват Канцелярія,DS1057h,0.0,1.176614
2025-08,Віват Канцелярія,DS1057h,0.0,1.3580221
2025-09,Віват Канцелярія,DS1057h,0.0,1.203885
2025-10,Віват Канцелярія,DS1057h,3.0,0.8699874
2025-11,Віват Канцелярія,DS1057h,4.0,2.3830628
2025-12,Віват Канцелярія,DS1057h,9.0,7.921648
2026-01,Віват Канцелярія,DS1057h,3.0,4.01917
2026-02,Віват Канцелярія,DS1057h,0.0,0.0
2025-07,Епіцентр,DS1057h,8.0,4.1459312
2025-08,Епіцентр,DS1057h,4.0,5.7652264
2025-09,Епіцентр,DS1057h,4.0,6.644485
2025-10,Епіцентр,DS1057h,4.0,8.13067
2025-11,Епіцентр,DS1057h,19.0,7.6046095
2025-12,Епіцентр,DS1057h,34.0,30.986834
2026-01,Епіцентр,DS1057h,5.0,12.015171
2026-02,Епіцентр,DS1057h,4.0,4.815428
2025-07,Монако,DS1057h,0.0,0.0
2025-08,Монако,DS1057h,0.0,0.0
2025-09,Монако,DS1057h,0.0,0.0
2025-10,Монако,DS1057h,2.0,1.4382873
2025-11,Монако,DS1057h,2.0,1.8415424
2025-12,Монако,DS1057h,0.0,0.0
2026-01,Монако,DS1057h,0.0,0.0
2026-02,Монако,DS1057h,0.0,0.0
2025-07,СмартБі Луцьк,DS1057h,0.0,0.0
2025-08,СмартБі Луцьк,DS1057h,0.0,1.3489562
2025-09,СмартБі Луцьк,DS1057h,0.0,0.0
2025-10,СмартБі Луцьк,DS1057h,0.0,0.0
2025-11,СмартБі Луцьк,DS1057h,0.0,0.0
2025-12,СмартБі Луцьк,DS1057h,0.0,0.0
2026-01,СмартБі Луцьк,DS1057h,1.0,1.1741561
2026-02,СмартБі Луцьк,DS1057h,0.0,0.0
2025-07,Смік,DS1057h,0.0,0.58827984
2025-08,Смік,DS1057h,0.0,1.0982912
2025-09,Смік,DS1057h,1.0,0.75613487
2025-10,Смік,DS1057h,0.0,0.9350714
2025-11,Смік,DS1057h,0.0,0.7275657
2025-12,Смік,DS1057h,2.0,1.6557385
2026-01,Смік,DS1057h,0.0,0.42838475
2026-02,Смік,DS1057h,1.0,0.12738708
2025-07,Чудо Острів,DS1057h,1.0,1.482098
2025-08,Чудо Острів,DS1057h,0.0,2.154685
2025-09,Чудо Острів,DS1057h,2.0,1.5326712
2025-10,Чудо Острів,DS1057h,0.0,2.5532022
2025-11,Чудо Острів,DS1057h,1.0,2.7878716
2025-12,Чудо Острів,DS1057h,1.0,5.3811483
2026-01,Чудо Острів,DS1057h,0.0,0.0
2026-02,Чудо Острів,DS1057h,0.0,0.0
2025-07,ІМ-Розетка,DS1058h,3.0,2.6460643
2025-08,ІМ-Розетка,DS1058h,0.0,2.904752
2025-09,ІМ-Розетка,DS1058h,2.0,2.5045815
2025-10,ІМ-Розетка,DS1058h,0.0,0.97893506
2025-11,ІМ-Розетка,DS1058h,0.0,0.2833485
2025-12,ІМ-Розетка,DS1058h,1.0,5.1162257
2026-01,ІМ-Розетка,DS1058h,0.0,0.458495
2026-02,ІМ-Розетка,DS1058h,0.0,0.22172125
2025-07,Акварель,DS1058h,7.0,4.1549125
2025-08,Акварель,DS1058h,7.0,4.1027756
2025-09,Акварель,DS1058h,6.0,4.439132
2025-10,Акварель,DS1058h,1.0,5.9143944
2025-11,Акварель,DS1058h,4.0,4.5994773
2025-12,Акварель,DS1058h,20.0,10.1160965
2026-01,Акварель,DS1058h,4.0,3.1328626
2026-02,Акварель,DS1058h,1.0,2.4370697
2025-07,Антошка,DS1058h,5.0,1.93827
2025-08,Антошка,DS1058h,5.0,3.130173
2025-09,Антошка,DS1058h,0.0,4.358513
2025-10,Антошка,DS1058h,4.0,3.6341228
2025-11,Антошка,DS1058h,3.0,4.39769
2025-12,Антошка,DS1058h,11.0,7.5040774
2026-01,Антошка,DS1058h,2.0,1.7185585
2026-02,Антошка,DS1058h,2.0,1.7857081
2025-07,БІ,DS1058h,15.0,8.912321
2025-08,БІ,DS1058h,15.0,12.665015
2025-09,БІ,DS1058h,5.0,13.55407
2025-10,БІ,DS1058h,13.0,13.121007
2025-11,БІ,DS1058h,12.0,14.146657
2025-12,БІ,DS1058h,26.0,25.29868
2026-01,БІ,DS1058h,11.0,5.8395963
2026-02,БІ,DS1058h,4.0,3.7340512
2025-07,Віват Канцелярія,DS1058h,0.0,1.0786256
2025-08,Віват Канцелярія,DS1058h,1.0,0.9989996
2025-09,Віват Канцелярія,DS1058h,1.0,1.1208699
2025-10,Віват Канцелярія,DS1058h,0.0,1.1085407
2025-11,Віват Канцелярія,DS1058h,0.0,1.002685
2025-12,Віват Канцелярія,DS1058h,1.0,1.7453752
2026-01,Віват Канцелярія,DS1058h,4.0,1.1747445
2026-02,Віват Канцелярія,DS1058h,0.0,0.62611634
2025-07,Епіцентр,DS1058h,6.0,1.965435
2025-08,Епіцентр,DS1058h,3.0,3.5699186
2025-09,Епіцентр,DS1058h,0.0,3.1230373
2025-10,Епіцентр,DS1058h,3.0,2.5813053
2025-11,Епіцентр,DS1058h,2.0,3.9884274
2025-12,Епіцентр,DS1058h,11.0,6.974456
2026-01,Епіцентр,DS1058h,6.0,1.6077065
2026-02,Епіцентр,DS1058h,2.0,2.1070955
2025-07,Монако,DS1058h,1.0,1.4575609
2025-08,Монако,DS1058h,1.0,1.864032
2025-09,Монако,DS1058h,0.0,0.0
2025-10,Монако,DS1058h,2.0,1.883357
2025-11,Монако,DS1058h,1.0,2.1512182
2025-12,Монако,DS1058h,0.0,0.024361476
2026-01,Монако,DS1058h,0.0,0.0
2026-02,Монако,DS1058h,0.0,0.0
2025-07,Смік,DS1058h,2.0,0.6223126
2025-08,Смік,DS1058h,1.0,0.9496884
2025-09,Смік,DS1058h,2.0,0.85372996
2025-10,Смік,DS1058h,2.0,1.1020453
2025-11,Смік,DS1058h,0.0,1.7708261
2025-12,Смік,DS1058h,1.0,2.9865465
2026-01,Смік,DS1058h,0.0,0.34934962
2026-02,Смік,DS1058h,0.0,0.123423524
2025-07,Чудо Острів,DS1058h,4.0,1.4274083
2025-08,Чудо Острів,DS1058h,0.0,2.0453403
2025-09,Чудо Острів,DS1058h,1.0,1.8323662
2025-10,Чудо Острів,DS1058h,0.0,2.6979165
2025-11,Чудо Острів,DS1058h,0.0,2.7456682
2025-12,Чудо Острів,DS1058h,0.0,4.209595
2026-01,Чудо Острів,DS1058h,0.0,0.0
2026-02,Чудо Острів,DS1058h,0.0,0.0
2025-07,ІМ-Кідіс,DS1059h,0.0,1.0283557
2025-08,ІМ-Кідіс,DS1059h,0.0,0.3955449
2025-09,ІМ-Кідіс,DS1059h,0.0,0.44147405
2025-10,ІМ-Кідіс,DS1059h,0.0,0.4957458
2025-11,ІМ-Кідіс,DS1059h,0.0,0.59512794
2025-12,ІМ-Кідіс,DS1059h,0.0,0.79183733
2026-01,ІМ-Кідіс,DS1059h,0.0,0.0076269777
2026-02,ІМ-Кідіс,DS1059h,0.0,0.014048145
2025-07,ІМ-Розетка,DS1059h,2.0,3.0421522
2025-08,ІМ-Розетка,DS1059h,2.0,2.416574
2025-09,ІМ-Розетка,DS1059h,1.0,1.3095108
2025-10,ІМ-Розетка,DS1059h,0.0,0.0
2025-11,ІМ-Розетка,DS1059h,0.0,0.0
2025-12,ІМ-Розетка,DS1059h,0.0,2.906576
2026-01,ІМ-Розетка,DS1059h,0.0,0.10904467
2026-02,ІМ-Розетка,DS1059h,0.0,0.13277388
2025-07,Акварель,DS1059h,3.0,4.5453773
2025-08,Акварель,DS1059h,5.0,5.268002
2025-09,Акварель,DS1059h,6.0,5.0954413
2025-10,Акварель,DS1059h,6.0,5.8217735
2025-11,Акварель,DS1059h,4.0,6.848775
2025-12,Акварель,DS1059h,14.0,12.723284
2026-01,Акварель,DS1059h,10.0,2.817806
2026-02,Акварель,DS1059h,6.0,2.6509755
2025-07,Антошка,DS1059h,2.0,2.2544565
2025-08,Антошка,DS1059h,1.0,2.5605748
2025-09,Антошка,DS1059h,8.0,3.2792814
2025-10,Антошка,DS1059h,5.0,6.737394
2025-11,Антошка,DS1059h,2.0,5.9780846
2025-12,Антошка,DS1059h,14.0,10.937177
2026-01,Антошка,DS1059h,6.0,2.1749907
2026-02,Антошка,DS1059h,1.0,2.043076
2025-07,БІ,DS1059h,12.0,9.461478
2025-08,БІ,DS1059h,6.0,12.422958
2025-09,БІ,DS1059h,12.0,11.345657
2025-10,БІ,DS1059h,15.0,18.222168
2025-11,БІ,DS1059h,26.0,12.825582
2025-12,БІ,DS1059h,27.0,42.24462
2026-01,БІ,DS1059h,15.0,5.8185186
2026-02,БІ,DS1059h,4.0,5.6878786
2025-07,Віват Канцелярія,DS1059h,0.0,1.352764
2025-08,Віват Канцелярія,DS1059h,1.0,1.445329
2025-09,Віват Канцелярія,DS1059h,2.0,2.0975707
2025-10,Віват Канцелярія,DS1059h,2.0,2.9133823
2025-11,Віват Канцелярія,DS1059h,2.0,2.9587004
2025-12,Віват Канцелярія,DS1059h,6.0,5.57807
2026-01,Віват Канцелярія,DS1059h,4.0,1.6776667
2026-02,Віват Канцелярія,DS1059h,0.0,0.0
2025-07,Епіцентр,DS1059h,7.0,2.8671615
2025-08,Епіцентр,DS1059h,8.0,4.654072
2025-09,Епіцентр,DS1059h,5.0,5.421925
2025-10,Епіцентр,DS1059h,1.0,5.6708465
2025-11,Епіцентр,DS1059h,10.0,4.556625
2025-12,Епіцентр,DS1059h,15.0,14.801311
2026-01,Епіцентр,DS1059h,7.0,3.1319938
2026-02,Епіцентр,DS1059h,4.0,1.985455
2025-07,Смік,DS1059h,0.0,0.55983275
2025-08,Смік,DS1059h,0.0,0.52281356
2025-09,Смік,DS1059h,2.0,0.5784778
2025-10,Смік,DS1059h,1.0,1.433954
2025-11,Смік,DS1059h,0.0,1.2260568
2025-12,Смік,DS1059h,7.0,1.5188946
2026-01,Смік,DS1059h,1.0,0.7066236
2026-02,Смік,DS1059h,0.0,0.41499177
2025-07,Чудо Острів,DS1059h,1.0,1.2226305
2025-08,Чудо Острів,DS1059h,0.0,2.0580773
2025-09,Чудо Острів,DS1059h,0.0,1.3160868
2025-10,Чудо Острів,DS1059h,0.0,0.0
2025-11,Чудо Острів,DS1059h,0.0,0.0
2025-12,Чудо Острів,DS1059h,4.0,2.9217415
2026-01,Чудо Острів,DS1059h,1.0,1.4679931
2026-02,Чудо Острів,DS1059h,0.0,0.0
2025-07,ІМ-Розетка,DS1079h,0.0,0.024405358
2025-08,ІМ-Розетка,DS1079h,0.0,0.022955462
2025-09,ІМ-Розетка,DS1079h,1.0,1.5185122
2025-10,ІМ-Розетка,DS1079h,12.0,2.3206198
2025-11,ІМ-Розетка,DS1079h,0.0,1.8664522
2025-12,ІМ-Розетка,DS1079h,1.0,12.841685
2026-01,ІМ-Розетка,DS1079h,0.0,0.29559353
2026-02,ІМ-Розетка,DS1079h,0.0,0.12008563
2025-07,Акварель,DS1079h,2.0,5.6631246
2025-08,Акварель,DS1079h,6.0,5.469771
2025-09,Акварель,DS1079h,8.0,4.7275414
2025-10,Акварель,DS1079h,4.0,9.894382
2025-11,Акварель,DS1079h,8.0,8.154162
2025-12,Акварель,DS1079h,34.0,24.549067
2026-01,Акварель,DS1079h,9.0,10.491738
2026-02,Акварель,DS1079h,3.0,5.9833446
2025-07,Антошка,DS1079h,2.0,3.9027188
2025-08,Антошка,DS1079h,3.0,3.218964
2025-09,Антошка,DS1079h,5.0,5.4328055
2025-10,Антошка,DS1079h,6.0,5.6987433
2025-11,Антошка,DS1079h,7.0,6.4915457
2025-12,Антошка,DS1079h,35.0,20.315495
2026-01,Антошка,DS1079h,9.0,11.380511
2026-02,Антошка,DS1079h,6.0,2.5145054
2025-07,БІ,DS1079h,7.0,26.190622
2025-08,БІ,DS1079h,14.0,10.131608
2025-09,БІ,DS1079h,12.0,17.244959
2025-10,БІ,DS1079h,15.0,16.505331
2025-11,БІ,DS1079h,25.0,17.429405
2025-12,БІ,DS1079h,70.0,45.037876
2026-01,БІ,DS1079h,52.0,23.294802
2026-02,БІ,DS1079h,25.0,20.060604
2025-07,Віват Канцелярія,DS1079h,1.0,0.9101211
2025-08,Віват Канцелярія,DS1079h,1.0,1.6537927
2025-09,Віват Канцелярія,DS1079h,0.0,1.3152171
2025-10,Віват Канцелярія,DS1079h,5.0,1.2950476
2025-11,Віват Канцелярія,DS1079h,3.0,3.3087506
2025-12,Віват Канцелярія,DS1079h,8.0,7.978119
2026-01,Віват Канцелярія,DS1079h,8.0,3.05854
2026-02,Віват Канцелярія,DS1079h,0.0,0.0
2025-07,Епіцентр,DS1079h,8.0,4.203606
2025-08,Епіцентр,DS1079h,4.0,6.0655594
2025-09,Епіцентр,DS1079h,2.0,6.43755
2025-10,Епіцентр,DS1079h,5.0,6.838308
2025-11,Епіцентр,DS1079h,11.0,6.34389
2025-12,Епіцентр,DS1079h,24.0,21.122816
2026-01,Епіцентр,DS1079h,13.0,10.272827
2026-02,Епіцентр,DS1079h,5.0,7.479761
2025-07,Коза Дереза,DS1079h,0.0,0.01318002
2025-08,Коза Дереза,DS1079h,2.0,1.1065172
2025-09,Коза Дереза,DS1079h,0.0,0.0
2025-10,Коза Дереза,DS1079h,1.0,1.5696709
2025-11,Коза Дереза,DS1079h,1.0,1.4315588
2025-12,Коза Дереза,DS1079h,2.0,1.6390898
2026-01,Коза Дереза,DS1079h,0.0,0.0
2026-02,Коза Дереза,DS1079h,0.0,0.0
2025-07,Кубі,DS1079h,5.0,1.5849255
2025-08,Кубі,DS1079h,0.0,0.0
2025-09,Кубі,DS1079h,4.0,1.907217
2025-10,Кубі,DS1079h,0.0,0.0
2025-11,Кубі,DS1079h,0.0,0.0
2025-12,Кубі,DS1079h,7.0,4.59003
2026-01,Кубі,DS1079h,8.0,2.7714481
2026-02,Кубі,DS1079h,0.0,0.0
2025-07,МайПлей,DS1079h,0.0,1.0822885
2025-08,МайПлей,DS1079h,0.0,0.8933944
2025-09,МайПлей,DS1079h,1.0,0.80685294
2025-10,МайПлей,DS1079h,1.0,1.9768587
2025-11,МайПлей,DS1079h,3.0,2.7513158
2025-12,МайПлей,DS1079h,11.0,6.862238
2026-01,МайПлей,DS1079h,6.0,4.5401506
2026-02,МайПлей,DS1079h,3.0,2.964974
2025-07,Монако,DS1079h,0.0,0.012318416
2025-08,Монако,DS1079h,0.0,0.023887025
2025-09,Монако,DS1079h,1.0,1.5336612
2025-10,Монако,DS1079h,4.0,1.319684
2025-11,Монако,DS1079h,1.0,3.4281278
2025-12,Монако,DS1079h,0.0,0.0
2026-01,Монако,DS1079h,2.0,1.1324546
2026-02,Монако,DS1079h,0.0,0.0
2025-07,Чудо Острів,DS1079h,2.0,1.3225492
2025-08,Чудо Острів,DS1079h,0.0,1.7725799
2025-09,Чудо Острів,DS1079h,0.0,1.1215527
2025-10,Чудо Острів,DS1079h,2.0,1.7551906
2025-11,Чудо Острів,DS1079h,2.0,2.920339
2025-12,Чудо Острів,DS1079h,3.0,4.021807
2026-01,Чудо Острів,DS1079h,4.0,1.7168051
2026-02,Чудо Острів,DS1079h,1.0,1.7557801
2025-07,ІМ-Розетка,DS1080h,1.0,0.71986514
2025-08,ІМ-Розетка,DS1080h,1.0,0.312434
2025-09,ІМ-Розетка,DS1080h,0.0,3.2535045
2025-10,ІМ-Розетка,DS1080h,1.0,0.60796285
2025-11,ІМ-Розетка,DS1080h,0.0,0.66075003
2025-12,ІМ-Розетка,DS1080h,0.0,0.98879945
2026-01,ІМ-Розетка,DS1080h,0.0,0.14542386
2026-02,ІМ-Розетка,DS1080h,0.0,0.09642039
2025-07,Акварель,DS1080h,4.0,3.4719803
2025-08,Акварель,DS1080h,0.0,3.161556
2025-09,Акварель,DS1080h,2.0,3.7081406
2025-10,Акварель,DS1080h,3.0,3.982377
2025-11,Акварель,DS1080h,2.0,4.498052
2025-12,Акварель,DS1080h,10.0,7.5924683
2026-01,Акварель,DS1080h,2.0,1.6511881
2026-02,Акварель,DS1080h,2.0,1.9013739
2025-07,Антошка,DS1080h,0.0,0.64422697
2025-08,Антошка,DS1080h,0.0,0.55978173
2025-09,Антошка,DS1080h,1.0,1.1079582
2025-10,Антошка,DS1080h,1.0,1.2236803
2025-11,Антошка,DS1080h,1.0,1.2438457
2025-12,Антошка,DS1080h,1.0,2.4387643
2026-01,Антошка,DS1080h,1.0,0.51994663
2026-02,Антошка,DS1080h,0.0,0.0
2025-07,БІ,DS1080h,1.0,2.110848
2025-08,БІ,DS1080h,2.0,2.6541035
2025-09,БІ,DS1080h,0.0,0.0
2025-10,БІ,DS1080h,1.0,3.7610276
2025-11,БІ,DS1080h,0.0,0.0
2025-12,БІ,DS1080h,3.0,4.9937263
2026-01,БІ,DS1080h,1.0,1.5556371
2026-02,БІ,DS1080h,0.0,0.0
2025-07,Віват Канцелярія,DS1080h,0.0,0.5320319
2025-08,Віват Канцелярія,DS1080h,0.0,0.49857762
2025-09,Віват Канцелярія,DS1080h,0.0,0.58248144
2025-10,Віват Канцелярія,DS1080h,0.0,0.46060845
2025-11,Віват Канцелярія,DS1080h,0.0,0.53167206
2025-12,Віват Канцелярія,DS1080h,3.0,1.3467444
2026-01,Віват Канцелярія,DS1080h,1.0,1.2467957
2026-02,Віват Канцелярія,DS1080h,0.0,0.31159076
2025-07,Епіцентр,DS1080h,7.0,1.4314388
2025-08,Епіцентр,DS1080h,3.0,3.689341
2025-09,Епіцентр,DS1080h,2.0,3.999068
2025-10,Епіцентр,DS1080h,1.0,3.1839244
2025-11,Епіцентр,DS1080h,2.0,3.5558302
2025-12,Епіцентр,DS1080h,9.0,7.4406486
2026-01,Епіцентр,DS1080h,4.0,1.5504668
2026-02,Епіцентр,DS1080h,2.0,1.7594959
2025-07,Клас,DS1080h,0.0,0.2442148
2025-08,Клас,DS1080h,0.0,0.25618634
2025-09,Клас,DS1080h,0.0,0.40466326
2025-10,Клас,DS1080h,0.0,0.44760528
2025-11,Клас,DS1080h,0.0,0.40386125
2025-12,Клас,DS1080h,2.0,0.6056244
2026-01,Клас,DS1080h,0.0,0.27037463
2026-02,Клас,DS1080h,1.0,0.11148922
2025-07,МайПлей,DS1080h,0.0,0.7583201
2025-08,МайПлей,DS1080h,1.0,0.6632243
2025-09,МайПлей,DS1080h,2.0,1.359479
2025-10,МайПлей,DS1080h,0.0,1.4305698
2025-11,МайПлей,DS1080h,3.0,0.8525948
2025-12,МайПлей,DS1080h,4.0,3.8388116
2026-01,МайПлей,DS1080h,0.0,0.95985895
2026-02,МайПлей,DS1080h,0.0,0.25217506
2025-07,Смік,DS1080h,2.0,0.35345706
2025-08,Смік,DS1080h,1.0,0.7277637
2025-09,Смік,DS1080h,1.0,1.7399856
2025-10,Смік,DS1080h,0.0,1.3343631
2025-11,Смік,DS1080h,0.0,0.59000945
2025-12,Смік,DS1080h,3.0,1.3349082
2026-01,Смік,DS1080h,1.0,0.49163458
2026-02,Смік,DS1080h,1.0,0.27826068
2025-07,Чудо Острів,DS1080h,2.0,1.1137506
2025-08,Чудо Острів,DS1080h,2.0,1.9934235
2025-09,Чудо Острів,DS1080h,1.0,3.8275928
2025-10,Чудо Острів,DS1080h,2.0,3.2291188
2025-11,Чудо Острів,DS1080h,2.0,3.730141
2025-12,Чудо Острів,DS1080h,1.0,6.000712
2026-01,Чудо Острів,DS1080h,3.0,1.3250408
2026-02,Чудо Острів,DS1080h,0.0,0.0
2025-07,ІМ-Розетка,DS1082h,9.0,0.97948873
2025-08,ІМ-Розетка,DS1082h,0.0,3.758722
2025-09,ІМ-Розетка,DS1082h,4.0,1.3643146
2025-10,ІМ-Розетка,DS1082h,3.0,4.158292
2025-11,ІМ-Розетка,DS1082h,2.0,1.2081239
2025-12,ІМ-Розетка,DS1082h,0.0,2.7491121
2026-01,ІМ-Розетка,DS1082h,0.0,0.055607725
2026-02,ІМ-Розетка,DS1082h,0.0,0.13937823
2025-07,Акварель,DS1082h,5.0,3.3481967
2025-08,Акварель,DS1082h,6.0,3.9923956
2025-09,Акварель,DS1082h,6.0,4.485017
2025-10,Акварель,DS1082h,11.0,6.2962003
2025-11,Акварель,DS1082h,10.0,6.435267
2025-12,Акварель,DS1082h,17.0,17.273335
2026-01,Акварель,DS1082h,6.0,3.300317
2026-02,Акварель,DS1082h,2.0,2.552339
2025-07,Антошка,DS1082h,8.0,3.6717777
2025-08,Антошка,DS1082h,9.0,4.515221
2025-09,Антошка,DS1082h,12.0,7.0369797
2025-10,Антошка,DS1082h,15.0,12.578886
2025-11,Антошка,DS1082h,11.0,10.505185
2025-12,Антошка,DS1082h,24.0,20.55957
2026-01,Антошка,DS1082h,8.0,4.824082
2026-02,Антошка,DS1082h,3.0,2.524045
2025-07,БІ,DS1082h,11.0,15.992723
2025-08,БІ,DS1082h,16.0,12.868497
2025-09,БІ,DS1082h,16.0,14.141423
2025-10,БІ,DS1082h,23.0,20.887968
2025-11,БІ,DS1082h,31.0,23.707207
2025-12,БІ,DS1082h,40.0,47.354458
2026-01,БІ,DS1082h,11.0,7.050225
2026-02,БІ,DS1082h,4.0,4.3771377
2025-07,Віват Канцелярія,DS1082h,1.0,0.9597625
2025-08,Віват Канцелярія,DS1082h,2.0,1.5343822
2025-09,Віват Канцелярія,DS1082h,0.0,1.3981723
2025-10,Віват Канцелярія,DS1082h,0.0,1.4561315
2025-11,Віват Канцелярія,DS1082h,3.0,1.0332444
2025-12,Віват Канцелярія,DS1082h,3.0,4.64904
2026-01,Віват Канцелярія,DS1082h,0.0,0.0
2026-02,Віват Канцелярія,DS1082h,0.0,0.0
2025-07,Епіцентр,DS1082h,8.0,3.262285
2025-08,Епіцентр,DS1082h,2.0,3.655385
2025-09,Епіцентр,DS1082h,5.0,4.8938007
2025-10,Епіцентр,DS1082h,3.0,5.112756
2025-11,Епіцентр,DS1082h,12.0,5.5116205
2025-12,Епіцентр,DS1082h,11.0,16.142298
2026-01,Епіцентр,DS1082h,7.0,2.5086663
2026-02,Епіцентр,DS1082h,1.0,2.0672486
2025-07,МайПлей,DS1082h,0.0,1.1046553
2025-08,МайПлей,DS1082h,1.0,0.7596631
2025-09,МайПлей,DS1082h,1.0,0.90769565
2025-10,МайПлей,DS1082h,2.0,1.9768561
2025-11,МайПлей,DS1082h,2.0,2.3483632
2025-12,МайПлей,DS1082h,12.0,4.5865974
2026-01,МайПлей,DS1082h,2.0,1.8970573
2026-02,МайПлей,DS1082h,3.0,1.7367439
2025-07,Монако,DS1082h,1.0,1.6410646
2025-08,Монако,DS1082h,4.0,1.7619535
2025-09,Монако,DS1082h,1.0,2.1917727
2025-10,Монако,DS1082h,1.0,2.9069667
2025-11,Монако,DS1082h,1.0,3.3038971
2025-12,Монако,DS1082h,0.0,0.0
2026-01,Монако,DS1082h,0.0,0.0
2026-02,Монако,DS1082h,0.0,0.0
2025-07,СмартБі Луцьк,DS1082h,0.0,0.0
2025-08,СмартБі Луцьк,DS1082h,0.0,1.2903167
2025-09,СмартБі Луцьк,DS1082h,1.0,1.1420045
2025-10,СмартБі Луцьк,DS1082h,0.0,0.0
2025-11,СмартБі Луцьк,DS1082h,0.0,0.0
2025-12,СмартБі Луцьк,DS1082h,0.0,0.0
2026-01,СмартБі Луцьк,DS1082h,0.0,0.0
2026-02,СмартБі Луцьк,DS1082h,0.0,0.0
2025-07,Смік,DS1082h,0.0,0.45560172
2025-08,Смік,DS1082h,0.0,0.46281648
2025-09,Смік,DS1082h,0.0,0.55274683
2025-10,Смік,DS1082h,0.0,0.45574185
2025-11,Смік,DS1082h,1.0,0.5450601
2025-12,Смік,DS1082h,3.0,1.4098154
2026-01,Смік,DS1082h,1.0,0.4930992
2026-02,Смік,DS1082h,1.0,0.30253038
2025-07,ІМ-Розетка,DS1083h,3.0,1.3715131
2025-08,ІМ-Розетка,DS1083h,0.0,0.31171465
2025-09,ІМ-Розетка,DS1083h,0.0,0.1665645
2025-10,ІМ-Розетка,DS1083h,0.0,0.07359761
2025-11,ІМ-Розетка,DS1083h,0.0,0.0
2025-12,ІМ-Розетка,DS1083h,2.0,1.6561196
2026-01,ІМ-Розетка,DS1083h,0.0,0.14437681
2026-02,ІМ-Розетка,DS1083h,0.0,0.10600583
2025-07,Акварель,DS1083h,11.0,6.6602125
2025-08,Акварель,DS1083h,10.0,9.802581
2025-09,Акварель,DS1083h,3.0,8.099279
2025-10,Акварель,DS1083h,7.0,5.7525983
2025-11,Акварель,DS1083h,4.0,6.468262
2025-12,Акварель,DS1083h,11.0,11.237204
2026-01,Акварель,DS1083h,3.0,2.7149618
2026-02,Акварель,DS1083h,5.0,1.7723088
2025-07,Антошка,DS1083h,2.0,4.2761025
2025-08,Антошка,DS1083h,0.0,3.9735281
2025-09,Антошка,DS1083h,1.0,2.3631942
2025-10,Антошка,DS1083h,2.0,2.7580001
2025-11,Антошка,DS1083h,2.0,3.0259047
2025-12,Антошка,DS1083h,1.0,5.452079
2026-01,Антошка,DS1083h,2.0,1.6854013
2026-02,Антошка,DS1083h,1.0,1.3634235
2025-07,БІ,DS1083h,0.0,1.2232242
2025-08,БІ,DS1083h,6.0,3.9022317
2025-09,БІ,DS1083h,8.0,9.482032
2025-10,БІ,DS1083h,5.0,10.808935
2025-11,БІ,DS1083h,16.0,8.485353
2025-12,БІ,DS1083h,36.0,27.072258
2026-01,БІ,DS1083h,12.0,6.0227213
2026-02,БІ,DS1083h,8.0,2.8587935
2025-07,Віват Канцелярія,DS1083h,1.0,1.5270875
2025-08,Віват Канцелярія,DS1083h,1.0,1.8584101
2025-09,Віват Канцелярія,DS1083h,3.0,1.347545
2025-10,Віват Канцелярія,DS1083h,1.0,2.2970965
2025-11,Віват Канцелярія,DS1083h,0.0,2.0665686
2025-12,Віват Канцелярія,DS1083h,3.0,3.274348
2026-01,Віват Канцелярія,DS1083h,0.0,0.018235397
2026-02,Віват Канцелярія,DS1083h,0.0,0.0
2025-07,Епіцентр,DS1083h,3.0,5.08155
2025-08,Епіцентр,DS1083h,2.0,4.416412
2025-09,Епіцентр,DS1083h,2.0,3.8748443
2025-10,Епіцентр,DS1083h,1.0,4.531186
2025-11,Епіцентр,DS1083h,4.0,2.8507156
2025-12,Епіцентр,DS1083h,17.0,8.635791
2026-01,Епіцентр,DS1083h,2.0,2.956639
2026-02,Епіцентр,DS1083h,5.0,1.7951238
2025-07,Монако,DS1083h,1.0,1.5684055
2025-08,Монако,DS1083h,2.0,1.9619814
2025-09,Монако,DS1083h,0.0,0.0
2025-10,Монако,DS1083h,0.0,0.0
2025-11,Монако,DS1083h,2.0,1.5978336
2025-12,Монако,DS1083h,0.0,0.0
2026-01,Монако,DS1083h,0.0,0.0
2026-02,Монако,DS1083h,0.0,0.0
2025-07,Смік,DS1083h,0.0,1.1672662
2025-08,Смік,DS1083h,0.0,1.5026932
2025-09,Смік,DS1083h,0.0,0.79644233
2025-10,Смік,DS1083h,2.0,0.5785955
2025-11,Смік,DS1083h,4.0,0.91641146
2025-12,Смік,DS1083h,3.0,3.813766
2026-01,Смік,DS1083h,6.0,0.8559137
2026-02,Смік,DS1083h,0.0,1.3663158
2025-07,Сільпо,DS1083h,1.0,1.970545
2025-08,Сільпо,DS1083h,3.0,2.1265929
2025-09,Сільпо,DS1083h,1.0,2.4322393
2025-10,Сільпо,DS1083h,2.0,1.9765236
2025-11,Сільпо,DS1083h,4.0,2.084151
2025-12,Сільпо,DS1083h,4.0,5.243889
2026-01,Сільпо,DS1083h,1.0,1.9302212
2026-02,Сільпо,DS1083h,0.0,0.0
2025-07,Акварель,DS1086h,2.0,4.9887643
2025-08,Акварель,DS1086h,4.0,4.2179804
2025-09,Акварель,DS1086h,2.0,5.001228
2025-10,Акварель,DS1086h,8.0,4.4974537
2025-11,Акварель,DS1086h,4.0,5.1254897
2025-12,Акварель,DS1086h,10.0,10.777553
2026-01,Акварель,DS1086h,1.0,2.2136595
2026-02,Акварель,DS1086h,1.0,1.7127882
2025-07,Антошка,DS1086h,1.0,0.9404247
2025-08,Антошка,DS1086h,0.0,1.2875232
2025-09,Антошка,DS1086h,1.0,1.3870009
2025-10,Антошка,DS1086h,1.0,1.5223219
2025-11,Антошка,DS1086h,2.0,1.3951838
2025-12,Антошка,DS1086h,9.0,2.8300796
2026-01,Антошка,DS1086h,2.0,2.0696738
2026-02,Антошка,DS1086h,3.0,1.8735123
2025-07,БІ,DS1086h,0.0,0.0
2025-08,БІ,DS1086h,1.0,2.8025186
2025-09,БІ,DS1086h,0.0,0.0
2025-10,БІ,DS1086h,0.0,0.0
2025-11,БІ,DS1086h,1.0,1.4677832
2025-12,БІ,DS1086h,0.0,0.0
2026-01,БІ,DS1086h,0.0,0.0
2026-02,БІ,DS1086h,0.0,0.0
2025-07,Віват Канцелярія,DS1086h,3.0,0.4772233
2025-08,Віват Канцелярія,DS1086h,6.0,1.1957389
2025-09,Віват Канцелярія,DS1086h,2.0,3.0057728
2025-10,Віват Канцелярія,DS1086h,1.0,2.9032304
2025-11,Віват Канцелярія,DS1086h,2.0,2.285914
2025-12,Віват Канцелярія,DS1086h,3.0,4.4465375
2026-01,Віват Канцелярія,DS1086h,0.0,0.76441973
2026-02,Віват Канцелярія,DS1086h,0.0,0.13660243
2025-07,Епіцентр,DS1086h,3.0,2.0278893
2025-08,Епіцентр,DS1086h,2.0,3.4003963
2025-09,Епіцентр,DS1086h,5.0,4.058465
2025-10,Епіцентр,DS1086h,2.0,4.2127447
2025-11,Епіцентр,DS1086h,3.0,3.9697006
2025-12,Епіцентр,DS1086h,9.0,10.2584715
2026-01,Епіцентр,DS1086h,4.0,2.1436255
2026-02,Епіцентр,DS1086h,1.0,1.938985
2025-07,МайПлей,DS1086h,0.0,0.7127671
2025-08,МайПлей,DS1086h,2.0,0.633348
2025-09,МайПлей,DS1086h,0.0,1.2543162
2025-10,МайПлей,DS1086h,2.0,0.8513974
2025-11,МайПлей,DS1086h,0.0,1.4102557
2025-12,МайПлей,DS1086h,0.0,2.2133715
2026-01,МайПлей,DS1086h,1.0,0.12266334
2026-02,МайПлей,DS1086h,0.0,0.28391916
2025-07,Сільпо,DS1086h,1.0,0.7395516
2025-08,Сільпо,DS1086h,1.0,0.7798321
2025-09,Сільпо,DS1086h,4.0,1.0795835
2025-10,Сільпо,DS1086h,1.0,2.7261505
2025-11,Сільпо,DS1086h,4.0,2.085705
2025-12,Сільпо,DS1086h,3.0,5.1586475
2026-01,Сільпо,DS1086h,5.0,0.71929884
2026-02,Сільпо,DS1086h,0.0,0.0
2025-07,Акварель,DS1087h,3.0,5.28411
2025-08,Акварель,DS1087h,10.0,5.6229496
2025-09,Акварель,DS1087h,9.0,7.6961365
2025-10,Акварель,DS1087h,10.0,9.069967
2025-11,Акварель,DS1087h,19.0,11.6798115
2025-12,Акварель,DS1087h,43.0,37.055283
2026-01,Акварель,DS1087h,15.0,7.9618115
2026-02,Акварель,DS1087h,7.0,2.6873894
2025-07,Антошка,DS1087h,10.0,9.018326
2025-08,Антошка,DS1087h,7.0,8.457012
2025-09,Антошка,DS1087h,2.0,9.1478
2025-10,Антошка,DS1087h,17.0,7.113126
2025-11,Антошка,DS1087h,21.0,13.569965
2025-12,Антошка,DS1087h,48.0,44.823254
2026-01,Антошка,DS1087h,18.0,11.0831995
2026-02,Антошка,DS1087h,9.0,3.0217938
2025-07,БІ,DS1087h,29.0,39.467472
2025-08,БІ,DS1087h,34.0,33.652416
2025-09,БІ,DS1087h,48.0,34.221626
2025-10,БІ,DS1087h,47.0,41.552967
2025-11,БІ,DS1087h,104.0,43.545834
2025-12,БІ,DS1087h,211.0,101.91995
2026-01,БІ,DS1087h,82.0,41.812794
2026-02,БІ,DS1087h,43.0,19.775536
2025-07,Віват Канцелярія,DS1087h,0.0,1.5058975
2025-08,Віват Канцелярія,DS1087h,3.0,1.5731976
2025-09,Віват Канцелярія,DS1087h,2.0,1.884725
2025-10,Віват Канцелярія,DS1087h,4.0,3.7053556
2025-11,Віват Канцелярія,DS1087h,4.0,3.103877
2025-12,Віват Канцелярія,DS1087h,6.0,9.00323
2026-01,Віват Канцелярія,DS1087h,0.0,0.0
2026-02,Віват Канцелярія,DS1087h,0.0,0.0
2025-07,Епіцентр,DS1087h,7.0,6.3201523
2025-08,Епіцентр,DS1087h,7.0,6.9450593
2025-09,Епіцентр,DS1087h,5.0,7.720828
2025-10,Епіцентр,DS1087h,8.0,7.2195535
2025-11,Епіцентр,DS1087h,23.0,8.265057
2025-12,Епіцентр,DS1087h,38.0,37.561886
2026-01,Епіцентр,DS1087h,13.0,6.8807735
2026-02,Епіцентр,DS1087h,9.0,2.9265425
2025-07,МайПлей,DS1087h,2.0,1.5349075
2025-08,МайПлей,DS1087h,1.0,2.4700005
2025-09,МайПлей,DS1087h,0.0,1.5792845
2025-10,МайПлей,DS1087h,3.0,2.0289934
2025-11,МайПлей,DS1087h,5.0,3.421259
2025-12,МайПлей,DS1087h,12.0,10.517416
2026-01,МайПлей,DS1087h,6.0,2.6974485
2026-02,МайПлей,DS1087h,1.0,2.1021357
2025-07,Монако,DS1087h,1.0,1.9318168
2025-08,Монако,DS1087h,5.0,1.8643931
2025-09,Монако,DS1087h,0.0,0.0
2025-10,Монако,DS1087h,4.0,2.803658
2025-11,Монако,DS1087h,1.0,4.4508247
2025-12,Монако,DS1087h,0.0,0.0
2026-01,Монако,DS1087h,1.0,1.8027844
2026-02,Монако,DS1087h,0.0,0.0
2025-07,Росицька ФОП,DS1087h,1.0,0.55995786
2025-08,Росицька ФОП,DS1087h,1.0,0.5627388
2025-09,Росицька ФОП,DS1087h,1.0,1.0644014
2025-10,Росицька ФОП,DS1087h,0.0,0.9095423
2025-11,Росицька ФОП,DS1087h,2.0,0.5562434
2025-12,Росицька ФОП,DS1087h,1.0,1.9794121
2026-01,Росицька ФОП,DS1087h,1.0,1.2375954
2026-02,Росицька ФОП,DS1087h,1.0,0.2346131
2025-07,ІМ-Розетка,L523h,0.0,0.171475
2025-08,ІМ-Розетка,L523h,0.0,0.17712711
2025-09,ІМ-Розетка,L523h,6.0,2.846471
2025-10,ІМ-Розетка,L523h,6.0,5.2023325
2025-11,ІМ-Розетка,L523h,3.0,8.798369
2025-12,ІМ-Розетка,L523h,3.0,20.91434
2026-01,ІМ-Розетка,L523h,2.0,1.1232345
2026-02,ІМ-Розетка,L523h,0.0,0.48756754
2025-07,Акварель,L523h,0.0,3.4768858
2025-08,Акварель,L523h,2.0,3.9681942
2025-09,Акварель,L523h,1.0,3.3658848
2025-10,Акварель,L523h,4.0,7.2882924
2025-11,Акварель,L523h,10.0,13.458105
2025-12,Акварель,L523h,40.0,34.911083
2026-01,Акварель,L523h,14.0,12.211795
2026-02,Акварель,L523h,13.0,4.397925
2025-07,БІ,L523h,1.0,7.9475613
2025-08,БІ,L523h,8.0,15.732635
2025-09,БІ,L523h,20.0,28.626915
2025-10,БІ,L523h,34.0,36.732437
2025-11,БІ,L523h,62.0,40.122948
2025-12,БІ,L523h,188.0,111.08275
2026-01,БІ,L523h,105.0,70.3324
2026-02,БІ,L523h,61.0,39.567596
2025-07,Віват Канцелярія,L523h,2.0,1.6588392
2025-08,Віват Канцелярія,L523h,1.0,2.2204711
2025-09,Віват Канцелярія,L523h,4.0,2.163043
2025-10,Віват Канцелярія,L523h,6.0,3.8528318
2025-11,Віват Канцелярія,L523h,10.0,4.9785113
2025-12,Віват Канцелярія,L523h,19.0,17.016714
2026-01,Віват Канцелярія,L523h,14.0,7.905809
2026-02,Віват Канцелярія,L523h,0.0,0.0
2025-07,Епіцентр,L523h,8.0,6.444948
2025-08,Епіцентр,L523h,8.0,8.094828
2025-09,Епіцентр,L523h,2.0,8.15807
2025-10,Епіцентр,L523h,4.0,7.4349217
2025-11,Епіцентр,L523h,28.0,28.293566
2025-12,Епіцентр,L523h,70.0,49.557823
2026-01,Епіцентр,L523h,24.0,21.16149
2026-02,Епіцентр,L523h,20.0,9.071396
2025-07,Країна Казок,L523h,0.0,0.5749785
2025-08,Країна Казок,L523h,0.0,0.22780627
2025-09,Країна Казок,L523h,1.0,0.266064
2025-10,Країна Казок,L523h,0.0,0.8280306
2025-11,Країна Казок,L523h,0.0,0.25480852
2025-12,Країна Казок,L523h,0.0,1.0116014
2026-01,Країна Казок,L523h,0.0,0.102077514
2026-02,Країна Казок,L523h,0.0,0.1133002
2025-07,МайПлей,L523h,1.0,0.6629843
2025-08,МайПлей,L523h,0.0,2.2849529
2025-09,МайПлей,L523h,2.0,1.7119741
2025-10,МайПлей,L523h,3.0,2.7770908
2025-11,МайПлей,L523h,2.0,6.7567406
2025-12,МайПлей,L523h,16.0,11.665804
2026-01,МайПлей,L523h,8.0,5.7696953
2026-02,МайПлей,L523h,7.0,4.172629
2025-07,Мегамаркет,L523h,0.0,0.41711375
2025-08,Мегамаркет,L523h,2.0,0.43128854
2025-09,Мегамаркет,L523h,0.0,0.50923216
2025-10,Мегамаркет,L523h,0.0,1.0007039
2025-11,Мегамаркет,L523h,0.0,0.6748505
2025-12,Мегамаркет,L523h,2.0,1.2624649
2026-01,Мегамаркет,L523h,0.0,0.022484288
2026-02,Мегамаркет,L523h,1.0,1.476803
2025-07,Монако,L523h,0.0,0.020215524
2025-08,Монако,L523h,1.0,1.462047
2025-09,Монако,L523h,1.0,1.2758337
2025-10,Монако,L523h,5.0,1.729987
2025-11,Монако,L523h,1.0,3.7854228
2025-12,Монако,L523h,2.0,4.9370666
2026-01,Монако,L523h,1.0,1.9110061
2026-02,Монако,L523h,0.0,0.0
2025-07,РОСТ,L523h,0.0,0.10250298
2025-08,РОСТ,L523h,0.0,0.12856181
2025-09,РОСТ,L523h,0.0,0.25256777
2025-10,РОСТ,L523h,1.0,0.7220948
2025-11,РОСТ,L523h,3.0,1.698767
2025-12,РОСТ,L523h,1.0,3.695137
2026-01,РОСТ,L523h,3.0,2.4920008
2026-02,РОСТ,L523h,0.0,0.0
2025-07,Чудо Острів,L523h,7.0,2.281999
2025-08,Чудо Острів,L523h,6.0,7.208838
2025-09,Чудо Острів,L523h,10.0,8.116162
2025-10,Чудо Острів,L523h,18.0,12.096228
2025-11,Чудо Острів,L523h,23.0,14.988365
2025-12,Чудо Острів,L523h,69.0,56.51282
2026-01,Чудо Острів,L523h,36.0,21.30316
2026-02,Чудо Острів,L523h,13.0,19.730076
2025-07,Акварель,L525h,1.0,3.1957917
2025-08,Акварель,L525h,3.0,3.7902625
2025-09,Акварель,L525h,4.0,4.565204
2025-10,Акварель,L525h,4.0,6.7528443
2025-11,Акварель,L525h,11.0,12.392125
2025-12,Акварель,L525h,47.0,30.660576
2026-01,Акварель,L525h,21.0,14.6626835
2026-02,Акварель,L525h,10.0,4.0297728
2025-07,Антошка,L525h,1.0,1.8099744
2025-08,Антошка,L525h,2.0,2.4946864
2025-09,Антошка,L525h,3.0,2.341573
2025-10,Антошка,L525h,4.0,3.3680325
2025-11,Антошка,L525h,12.0,3.5700061
2025-12,Антошка,L525h,18.0,12.2228365
2026-01,Антошка,L525h,2.0,3.2368462
2026-02,Антошка,L525h,0.0,0.0
2025-07,БІ,L525h,19.0,35.80871
2025-08,БІ,L525h,19.0,21.30046
2025-09,БІ,L525h,19.0,22.120207
2025-10,БІ,L525h,32.0,24.749828
2025-11,БІ,L525h,56.0,37.339344
2025-12,БІ,L525h,189.0,97.959145
2026-01,БІ,L525h,104.0,59.62467
2026-02,БІ,L525h,47.0,44.226093
2025-07,Віват Канцелярія,L525h,2.0,1.4631933
2025-08,Віват Канцелярія,L525h,2.0,2.1851077
2025-09,Віват Канцелярія,L525h,2.0,2.6410906
2025-10,Віват Канцелярія,L525h,0.0,3.7841535
2025-11,Віват Канцелярія,L525h,4.0,1.6622418
2025-12,Віват Канцелярія,L525h,17.0,7.6815634
2026-01,Віват Канцелярія,L525h,10.0,4.04958
2026-02,Віват Канцелярія,L525h,0.0,0.0
2025-07,Еліпс,L525h,1.0,1.0124524
2025-08,Еліпс,L525h,1.0,1.0486743
2025-09,Еліпс,L525h,0.0,0.0
2025-10,Еліпс,L525h,0.0,0.0
2025-11,Еліпс,L525h,1.0,1.4060357
2025-12,Еліпс,L525h,2.0,1.7712022
2026-01,Еліпс,L525h,1.0,1.3513266
2026-02,Еліпс,L525h,0.0,0.0
2025-07,Епіцентр,L525h,11.0,5.0104747
2025-08,Епіцентр,L525h,5.0,7.367209
2025-09,Епіцентр,L525h,3.0,6.7938766
2025-10,Епіцентр,L525h,8.0,7.3560977
2025-11,Епіцентр,L525h,24.0,29.08489
2025-12,Епіцентр,L525h,74.0,38.87861
2026-01,Епіцентр,L525h,23.0,21.987938
2026-02,Епіцентр,L525h,10.0,10.495137
2025-07,Казка Львів,L525h,0.0,0.011842088
2025-08,Казка Львів,L525h,1.0,1.0373861
2025-09,Казка Львів,L525h,0.0,0.0
2025-10,Казка Львів,L525h,1.0,1.3132653
2025-11,Казка Львів,L525h,0.0,0.0
2025-12,Казка Львів,L525h,1.0,1.875478
2026-01,Казка Львів,L525h,0.0,0.0
2026-02,Казка Львів,L525h,0.0,0.0
2025-07,Країна Казок,L525h,0.0,0.5200231
2025-08,Країна Казок,L525h,0.0,0.24233529
2025-09,Країна Казок,L525h,0.0,0.25973144
2025-10,Країна Казок,L525h,0.0,0.26578158
2025-11,Країна Казок,L525h,0.0,0.26114997
2025-12,Країна Казок,L525h,0.0,1.0086071
2026-01,Країна Казок,L525h,0.0,0.10469432
2026-02,Країна Казок,L525h,0.0,0.12645574
2025-07,МайПлей,L525h,0.0,0.79380804
2025-08,МайПлей,L525h,0.0,2.0367978
2025-09,МайПлей,L525h,1.0,0.9859955
2025-10,МайПлей,L525h,1.0,2.3715465
2025-11,МайПлей,L525h,3.0,4.2589736
2025-12,МайПлей,L525h,14.0,6.5614867
2026-01,МайПлей,L525h,7.0,5.7940617
2026-02,МайПлей,L525h,5.0,3.8609345
2025-07,Мегамаркет,L525h,0.0,0.34444138
2025-08,Мегамаркет,L525h,0.0,0.37874934
2025-09,Мегамаркет,L525h,1.0,0.38136
2025-10,Мегамаркет,L525h,1.0,0.7171851
2025-11,Мегамаркет,L525h,1.0,0.6896645
2025-12,Мегамаркет,L525h,0.0,1.4177423
2026-01,Мегамаркет,L525h,0.0,0.02253453
2026-02,Мегамаркет,L525h,0.0,0.0
2025-07,Монако,L525h,1.0,1.1620241
2025-08,Монако,L525h,3.0,1.4934436
2025-09,Монако,L525h,2.0,2.530699
2025-10,Монако,L525h,2.0,2.819921
2025-11,Монако,L525h,1.0,3.3356342
2025-12,Монако,L525h,2.0,6.374815
2026-01,Монако,L525h,2.0,1.9802774
2026-02,Монако,L525h,0.0,0.0
2025-07,РОСТ,L525h,0.0,0.11209796
2025-08,РОСТ,L525h,0.0,0.10087357
2025-09,РОСТ,L525h,0.0,0.15270326
2025-10,РОСТ,L525h,0.0,0.66641194
2025-11,РОСТ,L525h,2.0,0.73624456
2025-12,РОСТ,L525h,2.0,2.2986543
2026-01,РОСТ,L525h,1.0,2.4178197
2026-02,РОСТ,L525h,0.0,0.4866969
2025-07,Чудо Острів,L525h,5.0,2.9611447
2025-08,Чудо Острів,L525h,2.0,4.352227
2025-09,Чудо Острів,L525h,2.0,3.2743344
2025-10,Чудо Острів,L525h,2.0,5.1960015
2025-11,Чудо Острів,L525h,3.0,4.5855603
2025-12,Чудо Острів,L525h,7.0,27.051165
2026-01,Чудо Острів,L525h,2.0,2.9821296
2026-02,Чудо Острів,L525h,1.0,1.6603724
2025-07,ІМ-Розетка,L532h,0.0,0.13610597
2025-08,ІМ-Розетка,L532h,2.0,2.0930307
2025-09,ІМ-Розетка,L532h,5.0,2.8147206
2025-10,ІМ-Розетка,L532h,4.0,5.981962
2025-11,ІМ-Розетка,L532h,0.0,1.5822957
2025-12,ІМ-Розетка,L532h,1.0,7.2477164
2026-01,ІМ-Розетка,L532h,0.0,0.34732252
2026-02,ІМ-Розетка,L532h,0.0,0.2555241
2025-07,Акварель,L532h,1.0,2.505927
2025-08,Акварель,L532h,8.0,4.980777
2025-09,Акварель,L532h,3.0,4.024979
2025-10,Акварель,L532h,7.0,6.740781
2025-11,Акварель,L532h,16.0,17.925535
2025-12,Акварель,L532h,95.0,38.436367
2026-01,Акварель,L532h,38.0,26.420837
2026-02,Акварель,L532h,12.0,9.419905
2025-07,Антошка,L532h,3.0,4.016213
2025-08,Антошка,L532h,4.0,4.2369413
2025-09,Антошка,L532h,4.0,6.772952
2025-10,Антошка,L532h,8.0,8.471472
2025-11,Антошка,L532h,12.0,9.860835
2025-12,Антошка,L532h,55.0,39.537334
2026-01,Антошка,L532h,23.0,19.288233
2026-02,Антошка,L532h,6.0,5.5319023
2025-07,БІ,L532h,0.0,5.0685716
2025-08,БІ,L532h,5.0,5.5851407
2025-09,БІ,L532h,15.0,21.845102
2025-10,БІ,L532h,60.0,36.889355
2025-11,БІ,L532h,117.0,64.51914
2025-12,БІ,L532h,359.0,120.51053
2026-01,БІ,L532h,166.0,68.80215
2026-02,БІ,L532h,57.0,53.06761
2025-07,Віват Канцелярія,L532h,1.0,0.8987925
2025-08,Віват Канцелярія,L532h,5.0,2.3766122
2025-09,Віват Канцелярія,L532h,4.0,2.2094283
2025-10,Віват Канцелярія,L532h,7.0,5.0776157
2025-11,Віват Канцелярія,L532h,8.0,5.6575646
2025-12,Віват Канцелярія,L532h,25.0,16.762987
2026-01,Віват Канцелярія,L532h,10.0,8.433976
2026-02,Віват Канцелярія,L532h,0.0,4.875862
2025-07,Еліпс,L532h,1.0,0.92731124
2025-08,Еліпс,L532h,1.0,1.0140258
2025-09,Еліпс,L532h,0.0,0.0
2025-10,Еліпс,L532h,0.0,0.0
2025-11,Еліпс,L532h,1.0,1.3903198
2025-12,Еліпс,L532h,0.0,0.0
2026-01,Еліпс,L532h,0.0,0.0
2026-02,Еліпс,L532h,0.0,0.0
2025-07,Епіцентр,L532h,5.0,6.2901273
2025-08,Епіцентр,L532h,3.0,6.026993
2025-09,Епіцентр,L532h,5.0,6.329629
2025-10,Епіцентр,L532h,11.0,6.184355
2025-11,Епіцентр,L532h,39.0,35.709763
2025-12,Епіцентр,L532h,109.0,52.546947
2026-01,Епіцентр,L532h,38.0,20.078625
2026-02,Епіцентр,L532h,17.0,9.517724
2025-07,Казка Львів,L532h,0.0,0.012122111
2025-08,Казка Львів,L532h,1.0,1.1150563
2025-09,Казка Львів,L532h,0.0,0.0
2025-10,Казка Львів,L532h,1.0,1.4925635
2025-11,Казка Львів,L532h,0.0,0.0
2025-12,Казка Львів,L532h,1.0,1.8899591
2026-01,Казка Львів,L532h,0.0,0.0
2026-02,Казка Львів,L532h,0.0,0.0
2025-07,Країна Казок,L532h,0.0,0.45479712
2025-08,Країна Казок,L532h,0.0,0.22819999
2025-09,Країна Казок,L532h,0.0,0.24539673
2025-10,Країна Казок,L532h,1.0,0.40765834
2025-11,Країна Казок,L532h,0.0,0.48810136
2025-12,Країна Казок,L532h,1.0,0.9790984
2026-01,Країна Казок,L532h,0.0,0.35009456
2026-02,Країна Казок,L532h,1.0,0.27946836
2025-07,МайПлей,L532h,1.0,0.88215744
2025-08,МайПлей,L532h,3.0,2.8559294
2025-09,МайПлей,L532h,0.0,1.3078018
2025-10,МайПлей,L532h,6.0,1.8465124
2025-11,МайПлей,L532h,1.0,5.263451
2025-12,МайПлей,L532h,12.0,8.757236
2026-01,МайПлей,L532h,8.0,4.561342
2026-02,МайПлей,L532h,3.0,1.4111463
2025-07,Мегамаркет,L532h,1.0,0.45970532
2025-08,Мегамаркет,L532h,1.0,0.34579042
2025-09,Мегамаркет,L532h,0.0,0.69117785
2025-10,Мегамаркет,L532h,0.0,0.6806982
2025-11,Мегамаркет,L532h,0.0,0.5880359
2025-12,Мегамаркет,L532h,2.0,1.8336583
2026-01,Мегамаркет,L532h,0.0,1.6187379
2026-02,Мегамаркет,L532h,0.0,0.28638244
2025-07,Смік,L532h,1.0,0.6840032
2025-08,Смік,L532h,1.0,0.66274256
2025-09,Смік,L532h,1.0,0.7318549
2025-10,Смік,L532h,0.0,1.0341578
2025-11,Смік,L532h,0.0,0.7580245
2025-12,Смік,L532h,1.0,2.790562
2026-01,Смік,L532h,0.0,0.44740215
2026-02,Смік,L532h,0.0,0.29932326
2025-07,Чудо Острів,L532h,0.0,0.04916181
2025-08,Чудо Острів,L532h,0.0,0.0635956
2025-09,Чудо Острів,L532h,3.0,3.8703587
2025-10,Чудо Острів,L532h,6.0,6.911423
2025-11,Чудо Острів,L532h,7.0,9.063347
2025-12,Чудо Острів,L532h,47.0,33.404293
2026-01,Чудо Острів,L532h,18.0,15.056165
2026-02,Чудо Острів,L532h,4.0,9.935753
2025-07,Акварель,L538h,5.0,5.5348377
2025-08,Акварель,L538h,6.0,5.8993797
2025-09,Акварель,L538h,2.0,6.377877
2025-10,Акварель,L538h,9.0,8.162628
2025-11,Акварель,L538h,11.0,10.678912
2025-12,Акварель,L538h,37.0,26.348097
2026-01,Акварель,L538h,12.0,6.319805
2026-02,Акварель,L538h,4.0,4.772287
2025-07,Антошка,L538h,5.0,1.7682352
2025-08,Антошка,L538h,2.0,3.168057
2025-09,Антошка,L538h,2.0,3.3279045
2025-10,Антошка,L538h,3.0,3.4941783
2025-11,Антошка,L538h,8.0,3.6720226
2025-12,Антошка,L538h,18.0,10.636089
2026-01,Антошка,L538h,5.0,2.8287845
2026-02,Антошка,L538h,2.0,1.8694372
2025-07,БІ,L538h,8.0,9.188473
2025-08,БІ,L538h,14.0,15.135072
2025-09,БІ,L538h,12.0,9.332318
2025-10,БІ,L538h,18.0,17.963663
2025-11,БІ,L538h,39.0,22.451653
2025-12,БІ,L538h,101.0,62.59418
2026-01,БІ,L538h,41.0,27.602076
2026-02,БІ,L538h,20.0,12.054525
2025-07,Віват Канцелярія,L538h,1.0,0.9096162
2025-08,Віват Канцелярія,L538h,1.0,1.2077779
2025-09,Віват Канцелярія,L538h,2.0,1.896365
2025-10,Віват Канцелярія,L538h,2.0,2.4498105
2025-11,Віват Канцелярія,L538h,4.0,3.4340565
2025-12,Віват Канцелярія,L538h,17.0,8.759264
2026-01,Віват Канцелярія,L538h,5.0,2.210186
2026-02,Віват Канцелярія,L538h,0.0,1.9014034
2025-07,Епіцентр,L538h,4.0,2.2091095
2025-08,Епіцентр,L538h,3.0,2.51528
2025-09,Епіцентр,L538h,3.0,3.0442908
2025-10,Епіцентр,L538h,6.0,4.199585
2025-11,Епіцентр,L538h,10.0,5.530236
2025-12,Епіцентр,L538h,18.0,19.634577
2026-01,Епіцентр,L538h,13.0,4.3727765
2026-02,Епіцентр,L538h,4.0,3.1093495
2025-07,МайПлей,L538h,2.0,0.6279048
2025-08,МайПлей,L538h,0.0,1.3501925
2025-09,МайПлей,L538h,0.0,0.9018057
2025-10,МайПлей,L538h,1.0,1.4784435
2025-11,МайПлей,L538h,2.0,2.5924616
2025-12,МайПлей,L538h,7.0,4.7887955
2026-01,МайПлей,L538h,2.0,1.4554057
2026-02,МайПлей,L538h,2.0,0.642179
2025-07,Монако,L538h,1.0,1.6517859
2025-08,Монако,L538h,2.0,1.6500279
2025-09,Монако,L538h,2.0,1.7998391
2025-10,Монако,L538h,3.0,2.3018224
2025-11,Монако,L538h,3.0,3.37435
2025-12,Монако,L538h,0.0,0.20237981
2026-01,Монако,L538h,0.0,0.0
2026-02,Монако,L538h,0.0,0.0
2025-07,Росицька ФОП,L538h,0.0,0.31360164
2025-08,Росицька ФОП,L538h,0.0,0.24266465
2025-09,Росицька ФОП,L538h,0.0,0.31577015
2025-10,Росицька ФОП,L538h,0.0,0.40404353
2025-11,Росицька ФОП,L538h,0.0,0.4037797
2025-12,Росицька ФОП,L538h,1.0,1.0556827
2026-01,Росицька ФОП,L538h,1.0,0.35151702
2026-02,Росицька ФОП,L538h,0.0,0.38437238
2025-07,Смік,L538h,1.0,0.46131063
2025-08,Смік,L538h,0.0,0.7527511
2025-09,Смік,L538h,0.0,0.56152916
2025-10,Смік,L538h,1.0,0.45515177
2025-11,Смік,L538h,2.0,0.6351344
2025-12,Смік,L538h,2.0,2.7391882
2026-01,Смік,L538h,1.0,1.3042886
2026-02,Смік,L538h,0.0,0.44459358
2025-07,Співробітники,L538h,0.0,0.0
2025-08,Співробітники,L538h,0.0,0.0
2025-09,Співробітники,L538h,1.0,1.1786462
2025-10,Співробітники,L538h,1.0,1.1320258
2025-11,Співробітники,L538h,0.0,0.0
2025-12,Співробітники,L538h,0.0,0.0
2026-01,Співробітники,L538h,0.0,0.0
2026-02,Співробітники,L538h,0.0,0.0
2025-07,Чудо Острів,L538h,4.0,2.2638795
2025-08,Чудо Острів,L538h,5.0,2.7628615
2025-09,Чудо Острів,L538h,4.0,3.5830564
2025-10,Чудо Острів,L538h,6.0,6.46682
2025-11,Чудо Острів,L538h,15.0,6.2991114
2025-12,Чудо Острів,L538h,28.0,25.715616
2026-01,Чудо Острів,L538h,11.0,7.2022915
2026-02,Чудо Острів,L538h,7.0,9.131708
2025-07,Віват Канцелярія,MC087h,0.0,0.0
2025-08,Віват Канцелярія,MC087h,0.0,0.0
2025-09,Віват Канцелярія,MC087h,0.0,0.0
2025-10,Віват Канцелярія,MC087h,1.0,0.81834084
2025-11,Віват Канцелярія,MC087h,1.0,0.96108764
2025-12,Віват Канцелярія,MC087h,0.0,0.0
2026-01,Віват Канцелярія,MC087h,0.0,0.0
2026-02,Віват Канцелярія,MC087h,0.0,0.0
2025-07,ІМ-Розетка,MC253h,0.0,0.04444902
2025-08,ІМ-Розетка,MC253h,0.0,0.035511307
2025-09,ІМ-Розетка,MC253h,2.0,2.3450704
2025-10,ІМ-Розетка,MC253h,0.0,0.723292
2025-11,ІМ-Розетка,MC253h,0.0,0.28574327
2025-12,ІМ-Розетка,MC253h,10.0,7.550111
2026-01,ІМ-Розетка,MC253h,3.0,6.434089
2026-02,ІМ-Розетка,MC253h,1.0,1.7905401
2025-07,Акварель,MC253h,4.0,4.302596
2025-08,Акварель,MC253h,2.0,4.916132
2025-09,Акварель,MC253h,2.0,4.1494646
2025-10,Акварель,MC253h,5.0,5.735741
2025-11,Акварель,MC253h,21.0,6.049258
2025-12,Акварель,MC253h,13.0,30.34042
2026-01,Акварель,MC253h,7.0,9.52137
2026-02,Акварель,MC253h,5.0,4.639229
2025-07,Антошка,MC253h,0.0,1.1848583
2025-08,Антошка,MC253h,2.0,2.3291318
2025-09,Антошка,MC253h,2.0,1.9720055
2025-10,Антошка,MC253h,3.0,1.9645488
2025-11,Антошка,MC253h,6.0,2.5996325
2025-12,Антошка,MC253h,9.0,6.7169003
2026-01,Антошка,MC253h,0.0,0.0
2026-02,Антошка,MC253h,6.0,1.0040609
2025-07,БІ,MC253h,7.0,36.345177
2025-08,БІ,MC253h,19.0,9.799902
2025-09,БІ,MC253h,11.0,16.917757
2025-10,БІ,MC253h,17.0,21.062532
2025-11,БІ,MC253h,27.0,22.981668
2025-12,БІ,MC253h,64.0,85.91327
2026-01,БІ,MC253h,16.0,35.69766
2026-02,БІ,MC253h,15.0,9.706904
2025-07,Віват Канцелярія,MC253h,1.0,1.4268272
2025-08,Віват Канцелярія,MC253h,2.0,1.9715761
2025-09,Віват Канцелярія,MC253h,2.0,2.2776096
2025-10,Віват Канцелярія,MC253h,7.0,3.8689992
2025-11,Віват Канцелярія,MC253h,7.0,3.767837
2025-12,Віват Канцелярія,MC253h,8.0,9.938437
2026-01,Віват Канцелярія,MC253h,4.0,5.628514
2026-02,Віват Канцелярія,MC253h,0.0,0.0
2025-07,Еліпс,MC253h,1.0,1.2399172
2025-08,Еліпс,MC253h,3.0,1.1209903
2025-09,Еліпс,MC253h,0.0,0.0
2025-10,Еліпс,MC253h,0.0,0.0
2025-11,Еліпс,MC253h,0.0,0.0
2025-12,Еліпс,MC253h,1.0,1.6811068
2026-01,Еліпс,MC253h,0.0,0.0
2026-02,Еліпс,MC253h,0.0,0.0
2025-07,Епіцентр,MC253h,7.0,4.077112
2025-08,Епіцентр,MC253h,7.0,5.4303036
2025-09,Епіцентр,MC253h,3.0,6.53681
2025-10,Епіцентр,MC253h,3.0,6.645845
2025-11,Епіцентр,MC253h,14.0,5.810162
2025-12,Епіцентр,MC253h,17.0,18.574526
2026-01,Епіцентр,MC253h,6.0,12.527894
2026-02,Епіцентр,MC253h,4.0,7.785605
2025-07,Клас,MC253h,0.0,0.23712264
2025-08,Клас,MC253h,0.0,0.14480923
2025-09,Клас,MC253h,0.0,0.4510011
2025-10,Клас,MC253h,0.0,0.42096743
2025-11,Клас,MC253h,1.0,0.40906945
2025-12,Клас,MC253h,0.0,1.4801121
2026-01,Клас,MC253h,0.0,0.0
2026-02,Клас,MC253h,0.0,0.0
2025-07,МайПлей,MC253h,0.0,1.2283593
2025-08,МайПлей,MC253h,1.0,0.9729189
2025-09,МайПлей,MC253h,1.0,0.6996777
2025-10,МайПлей,MC253h,0.0,1.6643075
2025-11,МайПлей,MC253h,3.0,2.6425974
2025-12,МайПлей,MC253h,8.0,6.2193985
2026-01,МайПлей,MC253h,1.0,3.5917785
2026-02,МайПлей,MC253h,2.0,2.5504777
2025-07,Монако,MC253h,1.0,1.5465223
2025-08,Монако,MC253h,0.0,0.0
2025-09,Монако,MC253h,1.0,1.3331871
2025-10,Монако,MC253h,3.0,1.5612162
2025-11,Монако,MC253h,1.0,2.062459
2025-12,Монако,MC253h,1.0,2.1116471
2026-01,Монако,MC253h,2.0,1.7675825
2026-02,Монако,MC253h,0.0,0.0
2025-07,Новая Лінія,MC253h,1.0,0.13956963
2025-08,Новая Лінія,MC253h,1.0,0.24058074
2025-09,Новая Лінія,MC253h,0.0,0.40059057
2025-10,Новая Лінія,MC253h,0.0,0.35779315
2025-11,Новая Лінія,MC253h,0.0,0.24790926
2025-12,Новая Лінія,MC253h,1.0,0.66811925
2026-01,Новая Лінія,MC253h,0.0,1.0931369
2026-02,Новая Лінія,MC253h,0.0,0.45618472
2025-07,Росицька ФОП,MC253h,0.0,0.2918529
2025-08,Росицька ФОП,MC253h,0.0,0.32872722
2025-09,Росицька ФОП,MC253h,0.0,0.41315624
2025-10,Росицька ФОП,MC253h,0.0,0.52702975
2025-11,Росицька ФОП,MC253h,1.0,0.24075048
2025-12,Росицька ФОП,MC253h,1.0,1.4567294
2026-01,Росицька ФОП,MC253h,0.0,0.019950125
2026-02,Росицька ФОП,MC253h,1.0,0.896193
2025-07,Смік,MC253h,1.0,0.44906136
2025-08,Смік,MC253h,2.0,0.9724053
2025-09,Смік,MC253h,0.0,1.2840824
2025-10,Смік,MC253h,1.0,1.273586
2025-11,Смік,MC253h,0.0,0.96424806
2025-12,Смік,MC253h,5.0,2.2060163
2026-01,Смік,MC253h,2.0,1.7905886
2026-02,Смік,MC253h,2.0,1.1344031
2025-07,ІМ-Розетка,MC254h,0.0,0.033923153
2025-08,ІМ-Розетка,MC254h,0.0,0.03164182
2025-09,ІМ-Розетка,MC254h,0.0,2.186743
2025-10,ІМ-Розетка,MC254h,10.0,4.097353
2025-11,ІМ-Розетка,MC254h,4.0,5.599244
2025-12,ІМ-Розетка,MC254h,12.0,13.821093
2026-01,ІМ-Розетка,MC254h,5.0,5.3983207
2026-02,ІМ-Розетка,MC254h,2.0,2.6658037
2025-07,Акварель,MC254h,2.0,4.3195057
2025-08,Акварель,MC254h,0.0,4.7931476
2025-09,Акварель,MC254h,3.0,2.6260285
2025-10,Акварель,MC254h,6.0,6.081371
2025-11,Акварель,MC254h,21.0,6.6682377
2025-12,Акварель,MC254h,12.0,26.891197
2026-01,Акварель,MC254h,6.0,8.964227
2026-02,Акварель,MC254h,3.0,3.0188613
2025-07,Антошка,MC254h,3.0,9.445939
2025-08,Антошка,MC254h,6.0,5.195552
2025-09,Антошка,MC254h,5.0,7.5125732
2025-10,Антошка,MC254h,7.0,6.219012
2025-11,Антошка,MC254h,6.0,8.477237
2025-12,Антошка,MC254h,19.0,18.169893
2026-01,Антошка,MC254h,12.0,6.2086797
2026-02,Антошка,MC254h,7.0,3.5229104
2025-07,БІ,MC254h,8.0,22.688166
2025-08,БІ,MC254h,8.0,8.050257
2025-09,БІ,MC254h,12.0,8.639096
2025-10,БІ,MC254h,17.0,17.646423
2025-11,БІ,MC254h,24.0,19.197691
2025-12,БІ,MC254h,39.0,45.584305
2026-01,БІ,MC254h,9.0,21.647863
2026-02,БІ,MC254h,7.0,7.138875
2025-07,Віват Канцелярія,MC254h,1.0,1.3251829
2025-08,Віват Канцелярія,MC254h,2.0,1.5104167
2025-09,Віват Канцелярія,MC254h,0.0,1.1939195
2025-10,Віват Канцелярія,MC254h,1.0,2.1436315
2025-11,Віват Канцелярія,MC254h,3.0,1.9486512
2025-12,Віват Канцелярія,MC254h,8.0,5.498063
2026-01,Віват Канцелярія,MC254h,2.0,4.0334063
2026-02,Віват Канцелярія,MC254h,0.0,0.0
2025-07,Еліпс,MC254h,1.0,1.4133914
2025-08,Еліпс,MC254h,3.0,1.057014
2025-09,Еліпс,MC254h,1.0,1.1665088
2025-10,Еліпс,MC254h,0.0,0.0
2025-11,Еліпс,MC254h,0.0,0.0
2025-12,Еліпс,MC254h,2.0,1.3878852
2026-01,Еліпс,MC254h,1.0,1.4319456
2026-02,Еліпс,MC254h,0.0,0.0
2025-07,Епіцентр,MC254h,8.0,3.7171352
2025-08,Епіцентр,MC254h,1.0,4.108158
2025-09,Епіцентр,MC254h,4.0,4.843012
2025-10,Епіцентр,MC254h,0.0,5.003666
2025-11,Епіцентр,MC254h,7.0,4.3315268
2025-12,Епіцентр,MC254h,16.0,16.39802
2026-01,Епіцентр,MC254h,6.0,7.430037
2026-02,Епіцентр,MC254h,4.0,6.5578375
2025-07,Кубі,MC254h,2.0,1.28881
2025-08,Кубі,MC254h,0.0,0.0
2025-09,Кубі,MC254h,3.0,1.4437337
2025-10,Кубі,MC254h,2.0,2.1437304
2025-11,Кубі,MC254h,3.0,2.6907141
2025-12,Кубі,MC254h,3.0,2.9801965
2026-01,Кубі,MC254h,1.0,1.5618117
2026-02,Кубі,MC254h,0.0,0.0
2025-07,МайПлей,MC254h,0.0,0.6831355
2025-08,МайПлей,MC254h,0.0,0.7465307
2025-09,МайПлей,MC254h,1.0,0.49520674
2025-10,МайПлей,MC254h,5.0,1.065291
2025-11,МайПлей,MC254h,5.0,4.565671
2025-12,МайПлей,MC254h,7.0,10.032693
2026-01,МайПлей,MC254h,1.0,3.8449838
2026-02,МайПлей,MC254h,5.0,1.6578699
2025-07,Монако,MC254h,0.0,0.019270154
2025-08,Монако,MC254h,0.0,0.023312492
2025-09,Монако,MC254h,1.0,1.427992
2025-10,Монако,MC254h,2.0,1.376334
2025-11,Монако,MC254h,1.0,2.3701596
2025-12,Монако,MC254h,1.0,1.5409265
2026-01,Монако,MC254h,1.0,1.1871744
2026-02,Монако,MC254h,0.0,0.0
2025-07,Росицька ФОП,MC254h,0.0,0.1439248
2025-08,Росицька ФОП,MC254h,0.0,0.23864804
2025-09,Росицька ФОП,MC254h,0.0,0.23579243
2025-10,Росицька ФОП,MC254h,0.0,0.4144614
2025-11,Росицька ФОП,MC254h,0.0,0.40227723
2025-12,Росицька ФОП,MC254h,1.0,1.3145742
2026-01,Росицька ФОП,MC254h,1.0,0.41485173
2026-02,Росицька ФОП,MC254h,0.0,0.31829906
2025-07,Смік,MC254h,1.0,0.6081394
2025-08,Смік,MC254h,0.0,1.3105237
2025-09,Смік,MC254h,2.0,1.387016
2025-10,Смік,MC254h,1.0,1.8579354
2025-11,Смік,MC254h,1.0,2.5041478
2025-12,Смік,MC254h,4.0,4.6609893
2026-01,Смік,MC254h,1.0,1.9735671
2026-02,Смік,MC254h,1.0,0.97658914
2025-07,ІМ-Розетка,MC255h,0.0,0.019844007
2025-08,ІМ-Розетка,MC255h,0.0,0.16365312
2025-09,ІМ-Розетка,MC255h,1.0,2.7567887
2025-10,ІМ-Розетка,MC255h,0.0,0.4547079
2025-11,ІМ-Розетка,MC255h,1.0,2.269666
2025-12,ІМ-Розетка,MC255h,6.0,4.4617085
2026-01,ІМ-Розетка,MC255h,2.0,3.5347867
2026-02,ІМ-Розетка,MC255h,5.0,1.1025912
2025-07,Акварель,MC255h,3.0,3.699077
2025-08,Акварель,MC255h,6.0,4.4654355
2025-09,Акварель,MC255h,2.0,3.4576907
2025-10,Акварель,MC255h,4.0,5.410103
2025-11,Акварель,MC255h,11.0,7.0267467
2025-12,Акварель,MC255h,10.0,15.086336
2026-01,Акварель,MC255h,11.0,7.7672625
2026-02,Акварель,MC255h,4.0,4.634203
2025-07,БІ,MC255h,1.0,10.590247
2025-08,БІ,MC255h,5.0,7.9473305
2025-09,БІ,MC255h,8.0,6.4562826
2025-10,БІ,MC255h,9.0,11.364457
2025-11,БІ,MC255h,15.0,12.613355
2025-12,БІ,MC255h,30.0,34.483032
2026-01,БІ,MC255h,15.0,19.2632
2026-02,БІ,MC255h,8.0,9.32361
2025-07,Віват Канцелярія,MC255h,0.0,1.21887
2025-08,Віват Канцелярія,MC255h,1.0,1.5348631
2025-09,Віват Канцелярія,MC255h,1.0,0.8038407
2025-10,Віват Канцелярія,MC255h,1.0,1.644513
2025-11,Віват Канцелярія,MC255h,3.0,1.583613
2025-12,Віват Канцелярія,MC255h,4.0,5.032366
2026-01,Віват Канцелярія,MC255h,2.0,3.3541703
2026-02,Віват Канцелярія,MC255h,0.0,0.0
2025-07,Епіцентр,MC255h,4.0,3.2713604
2025-08,Епіцентр,MC255h,2.0,3.6721177
2025-09,Епіцентр,MC255h,3.0,4.1025004
2025-10,Епіцентр,MC255h,2.0,4.443144
2025-11,Епіцентр,MC255h,9.0,4.1932025
2025-12,Епіцентр,MC255h,18.0,11.234085
2026-01,Епіцентр,MC255h,4.0,7.012156
2026-02,Епіцентр,MC255h,6.0,7.263616
2025-07,Клас,MC255h,0.0,0.25779694
2025-08,Клас,MC255h,0.0,0.24143024
2025-09,Клас,MC255h,1.0,0.43025264
2025-10,Клас,MC255h,0.0,0.41776577
2025-11,Клас,MC255h,0.0,0.39723647
2025-12,Клас,MC255h,1.0,0.9319326
2026-01,Клас,MC255h,0.0,0.052306794
2026-02,Клас,MC255h,0.0,0.0
2025-07,МайПлей,MC255h,0.0,0.64442724
2025-08,МайПлей,MC255h,2.0,0.6416082
2025-09,МайПлей,MC255h,0.0,0.7032927
2025-10,МайПлей,MC255h,2.0,1.2315536
2025-11,МайПлей,MC255h,3.0,3.2793126
2025-12,МайПлей,MC255h,2.0,6.9731026
2026-01,МайПлей,MC255h,2.0,2.9262743
2026-02,МайПлей,MC255h,0.0,0.0
2025-07,Мегамаркет,MC255h,0.0,0.5172268
2025-08,Мегамаркет,MC255h,1.0,0.46095926
2025-09,Мегамаркет,MC255h,0.0,0.5946771
2025-10,Мегамаркет,MC255h,0.0,0.4257451
2025-11,Мегамаркет,MC255h,2.0,0.5756471
2025-12,Мегамаркет,MC255h,0.0,1.2566887
2026-01,Мегамаркет,MC255h,1.0,0.9288286
2026-02,Мегамаркет,MC255h,2.0,0.87316895
2025-07,Монако,MC255h,1.0,1.4135607
2025-08,Монако,MC255h,1.0,1.6057501
2025-09,Монако,MC255h,0.0,0.0
2025-10,Монако,MC255h,3.0,1.2621152
2025-11,Монако,MC255h,1.0,2.0268302
2025-12,Монако,MC255h,0.0,0.0
2026-01,Монако,MC255h,3.0,1.170006
2026-02,Монако,MC255h,0.0,0.0
2025-07,Новая Лінія,MC255h,2.0,0.30066648
2025-08,Новая Лінія,MC255h,0.0,0.24773425
2025-09,Новая Лінія,MC255h,0.0,0.394873
2025-10,Новая Лінія,MC255h,0.0,0.27765968
2025-11,Новая Лінія,MC255h,0.0,0.33277604
2025-12,Новая Лінія,MC255h,0.0,0.81155324
2026-01,Новая Лінія,MC255h,0.0,0.11940281
2026-02,Новая Лінія,MC255h,0.0,0.098125845
2025-07,РОСТ,MC255h,0.0,0.53012466
2025-08,РОСТ,MC255h,0.0,0.5000229
2025-09,РОСТ,MC255h,0.0,0.4778964
2025-10,РОСТ,MC255h,1.0,0.62363255
2025-11,РОСТ,MC255h,0.0,0.63839304
2025-12,РОСТ,MC255h,2.0,1.7551649
2026-01,РОСТ,MC255h,3.0,2.0515876
2026-02,РОСТ,MC255h,0.0,0.0
2025-07,Росицька ФОП,MC255h,0.0,0.2560839
2025-08,Росицька ФОП,MC255h,0.0,0.24434116
2025-09,Росицька ФОП,MC255h,0.0,0.39153287
2025-10,Росицька ФОП,MC255h,0.0,0.48622134
2025-11,Росицька ФОП,MC255h,1.0,0.24253026
2025-12,Росицька ФОП,MC255h,0.0,1.2821279
2026-01,Росицька ФОП,MC255h,1.0,1.0458864
2026-02,Росицька ФОП,MC255h,0.0,0.22825925
2025-07,Смік,MC255h,1.0,0.5728957
2025-08,Смік,MC255h,2.0,0.64916307
2025-09,Смік,MC255h,0.0,0.9045811
2025-10,Смік,MC255h,1.0,0.69790083
2025-11,Смік,MC255h,6.0,1.6601181
2025-12,Смік,MC255h,6.0,8.31541
2026-01,Смік,MC255h,2.0,2.1851308
2026-02,Смік,MC255h,3.0,1.0978765
2025-07,ІМ-Розетка,MC256h,3.0,4.3159566
2025-08,ІМ-Розетка,MC256h,3.0,3.2270257
2025-09,ІМ-Розетка,MC256h,2.0,3.6563344
2025-10,ІМ-Розетка,MC256h,9.0,6.265463
2025-11,ІМ-Розетка,MC256h,1.0,6.494615
2025-12,ІМ-Розетка,MC256h,12.0,13.013985
2026-01,ІМ-Розетка,MC256h,1.0,5.31335
2026-02,ІМ-Розетка,MC256h,5.0,1.9033115
2025-07,Акварель,MC256h,3.0,5.611029
2025-08,Акварель,MC256h,5.0,4.2860003
2025-09,Акварель,MC256h,2.0,4.269126
2025-10,Акварель,MC256h,6.0,7.10426
2025-11,Акварель,MC256h,9.0,7.414127
2025-12,Акварель,MC256h,12.0,19.895678
2026-01,Акварель,MC256h,9.0,6.8186603
2026-02,Акварель,MC256h,8.0,3.4437292
2025-07,БІ,MC256h,14.0,12.457245
2025-08,БІ,MC256h,12.0,11.156875
2025-09,БІ,MC256h,1.0,13.333206
2025-10,БІ,MC256h,10.0,13.160734
2025-11,БІ,MC256h,18.0,14.329483
2025-12,БІ,MC256h,37.0,36.001812
2026-01,БІ,MC256h,19.0,17.886782
2026-02,БІ,MC256h,13.0,9.60548
2025-07,Віват Канцелярія,MC256h,1.0,1.1326077
2025-08,Віват Канцелярія,MC256h,1.0,1.1179122
2025-09,Віват Канцелярія,MC256h,0.0,1.5348433
2025-10,Віват Канцелярія,MC256h,2.0,2.0289814
2025-11,Віват Канцелярія,MC256h,5.0,1.6249855
2025-12,Віват Канцелярія,MC256h,3.0,6.6994104
2026-01,Віват Канцелярія,MC256h,2.0,2.5123312
2026-02,Віват Канцелярія,MC256h,0.0,0.0
2025-07,Еліпс,MC256h,1.0,1.13082
2025-08,Еліпс,MC256h,1.0,1.0973564
2025-09,Еліпс,MC256h,0.0,0.0
2025-10,Еліпс,MC256h,0.0,0.0
2025-11,Еліпс,MC256h,1.0,1.227681
2025-12,Еліпс,MC256h,1.0,1.5245333
2026-01,Еліпс,MC256h,0.0,0.0
2026-02,Еліпс,MC256h,0.0,0.0
2025-07,Епіцентр,MC256h,4.0,1.8605759
2025-08,Епіцентр,MC256h,1.0,3.011591
2025-09,Епіцентр,MC256h,2.0,3.4710538
2025-10,Епіцентр,MC256h,4.0,4.4039216
2025-11,Епіцентр,MC256h,8.0,4.823171
2025-12,Епіцентр,MC256h,8.0,15.152991
2026-01,Епіцентр,MC256h,5.0,5.714911
2026-02,Епіцентр,MC256h,4.0,2.4338334
2025-07,Клас,MC256h,1.0,0.24596062
2025-08,Клас,MC256h,0.0,0.22907671
2025-09,Клас,MC256h,0.0,0.43378696
2025-10,Клас,MC256h,0.0,0.43949986
2025-11,Клас,MC256h,0.0,0.5000639
2025-12,Клас,MC256h,3.0,1.8109566
2026-01,Клас,MC256h,1.0,1.296458
2026-02,Клас,MC256h,0.0,0.0
2025-07,Кубі,MC256h,0.0,0.0
2025-08,Кубі,MC256h,0.0,0.0
2025-09,Кубі,MC256h,0.0,0.0
2025-10,Кубі,MC256h,0.0,0.0
2025-11,Кубі,MC256h,0.0,0.0
2025-12,Кубі,MC256h,4.0,1.5930998
2026-01,Кубі,MC256h,2.0,1.7656147
2026-02,Кубі,MC256h,0.0,0.0
2025-07,МайПлей,MC256h,1.0,0.6623152
2025-08,МайПлей,MC256h,0.0,0.8687529
2025-09,МайПлей,MC256h,0.0,0.6971442
2025-10,МайПлей,MC256h,17.0,1.4010327
2025-11,МайПлей,MC256h,2.0,10.103113
2025-12,МайПлей,MC256h,4.0,14.046938
2026-01,МайПлей,MC256h,0.0,0.0
2026-02,МайПлей,MC256h,2.0,1.3783445
2025-07,Мегамаркет,MC256h,1.0,0.5164781
2025-08,Мегамаркет,MC256h,0.0,0.45491272
2025-09,Мегамаркет,MC256h,1.0,0.5536611
2025-10,Мегамаркет,MC256h,0.0,0.6541915
2025-11,Мегамаркет,MC256h,1.0,0.5932846
2025-12,Мегамаркет,MC256h,1.0,1.5997405
2026-01,Мегамаркет,MC256h,1.0,1.2005385
2026-02,Мегамаркет,MC256h,1.0,1.2329375
2025-07,Монако,MC256h,1.0,1.4698963
2025-08,Монако,MC256h,0.0,0.0
2025-09,Монако,MC256h,2.0,1.2830633
2025-10,Монако,MC256h,2.0,1.7344474
2025-11,Монако,MC256h,1.0,2.6284442
2025-12,Монако,MC256h,1.0,1.9775298
2026-01,Монако,MC256h,1.0,1.4120888
2026-02,Монако,MC256h,0.0,0.0
2025-07,РОСТ,MC256h,0.0,0.53998417
2025-08,РОСТ,MC256h,1.0,0.44969115
2025-09,РОСТ,MC256h,2.0,0.62553406
2025-10,РОСТ,MC256h,1.0,1.1792095
2025-11,РОСТ,MC256h,0.0,1.0797167
2025-12,РОСТ,MC256h,1.0,1.7843378
2026-01,РОСТ,MC256h,4.0,1.676607
2026-02,РОСТ,MC256h,1.0,1.612821
2025-07,Смік,MC256h,0.0,0.47699475
2025-08,Смік,MC256h,0.0,0.49121052
2025-09,Смік,MC256h,1.0,0.46045935
2025-10,Смік,MC256h,0.0,0.8181072
2025-11,Смік,MC256h,2.0,1.209776
2025-12,Смік,MC256h,6.0,2.1059341
2026-01,Смік,MC256h,0.0,0.0
2026-02,Смік,MC256h,1.0,0.9107443
2025-07,Акварель,MC260h,1.0,1.1299739
2025-08,Акварель,MC260h,2.0,1.3973147
2025-09,Акварель,MC260h,0.0,0.0
2025-10,Акварель,MC260h,0.0,0.0
2025-11,Акварель,MC260h,0.0,0.0
2025-12,Акварель,MC260h,1.0,0.8598449
2026-01,Акварель,MC260h,0.0,0.0
2026-02,Акварель,MC260h,0.0,0.0
2025-07,Віват Канцелярія,MC260h,1.0,0.8636595
2025-08,Віват Канцелярія,MC260h,0.0,0.0
2025-09,Віват Канцелярія,MC260h,0.0,0.0
2025-10,Віват Канцелярія,MC260h,1.0,0.9534732
2025-11,Віват Канцелярія,MC260h,1.0,1.0437449
2025-12,Віват Канцелярія,MC260h,2.0,2.0294914
2026-01,Віват Канцелярія,MC260h,1.0,0.8497637
2026-02,Віват Канцелярія,MC260h,0.0,0.0
2025-07,ІМ-Кідіс,MC267h,0.0,0.87648684
2025-08,ІМ-Кідіс,MC267h,0.0,0.49788448
2025-09,ІМ-Кідіс,MC267h,0.0,0.29918313
2025-10,ІМ-Кідіс,MC267h,0.0,0.9167023
2025-11,ІМ-Кідіс,MC267h,1.0,0.63876975
2025-12,ІМ-Кідіс,MC267h,0.0,1.0418414
2026-01,ІМ-Кідіс,MC267h,0.0,0.26006454
2026-02,ІМ-Кідіс,MC267h,0.0,0.13821992
2025-07,ІМ-МауДау,MC267h,0.0,0.09826831
2025-08,ІМ-МауДау,MC267h,0.0,0.0995433
2025-09,ІМ-МауДау,MC267h,1.0,1.4514424
2025-10,ІМ-МауДау,MC267h,0.0,0.8233589
2025-11,ІМ-МауДау,MC267h,1.0,0.72895056
2025-12,ІМ-МауДау,MC267h,4.0,1.6542565
2026-01,ІМ-МауДау,MC267h,2.0,2.259851
2026-02,ІМ-МауДау,MC267h,0.0,0.0
2025-07,ІМ-Розетка,MC267h,6.0,5.6043367
2025-08,ІМ-Розетка,MC267h,2.0,2.881118
2025-09,ІМ-Розетка,MC267h,4.0,4.4230404
2025-10,ІМ-Розетка,MC267h,7.0,4.8044186
2025-11,ІМ-Розетка,MC267h,0.0,3.2094831
2025-12,ІМ-Розетка,MC267h,0.0,2.7097151
2026-01,ІМ-Розетка,MC267h,0.0,0.0
2026-02,ІМ-Розетка,MC267h,0.0,0.0
2025-07,Акварель,MC267h,3.0,5.5754023
2025-08,Акварель,MC267h,5.0,4.281493
2025-09,Акварель,MC267h,2.0,4.140498
2025-10,Акварель,MC267h,4.0,6.398848
2025-11,Акварель,MC267h,18.0,6.903893
2025-12,Акварель,MC267h,13.0,24.6618
2026-01,Акварель,MC267h,8.0,9.084864
2026-02,Акварель,MC267h,7.0,2.8434446
2025-07,БІ,MC267h,10.0,8.632119
2025-08,БІ,MC267h,8.0,10.695836
2025-09,БІ,MC267h,9.0,10.196149
2025-10,БІ,MC267h,13.0,14.528574
2025-11,БІ,MC267h,15.0,16.197403
2025-12,БІ,MC267h,27.0,35.516872
2026-01,БІ,MC267h,21.0,22.502884
2026-02,БІ,MC267h,8.0,7.3250895
2025-07,Віват Канцелярія,MC267h,1.0,0.5827575
2025-08,Віват Канцелярія,MC267h,2.0,0.5403173
2025-09,Віват Канцелярія,MC267h,1.0,1.1874057
2025-10,Віват Канцелярія,MC267h,1.0,2.3051975
2025-11,Віват Канцелярія,MC267h,5.0,2.4993312
2025-12,Віват Канцелярія,MC267h,3.0,5.714489
2026-01,Віват Канцелярія,MC267h,4.0,3.696432
2026-02,Віват Канцелярія,MC267h,0.0,0.0
2025-07,Епіцентр,MC267h,9.0,2.8613095
2025-08,Епіцентр,MC267h,5.0,5.7120976
2025-09,Епіцентр,MC267h,2.0,5.5819244
2025-10,Епіцентр,MC267h,2.0,6.0576715
2025-11,Епіцентр,MC267h,5.0,5.4685884
2025-12,Епіцентр,MC267h,15.0,14.572202
2026-01,Епіцентр,MC267h,8.0,7.404186
2026-02,Епіцентр,MC267h,8.0,3.9259694
2025-07,Клас,MC267h,0.0,0.2325601
2025-08,Клас,MC267h,1.0,0.24704625
2025-09,Клас,MC267h,0.0,0.41298446
2025-10,Клас,MC267h,0.0,0.4532111
2025-11,Клас,MC267h,0.0,0.39794028
2025-12,Клас,MC267h,3.0,0.94467354
2026-01,Клас,MC267h,0.0,0.020647492
2026-02,Клас,MC267h,3.0,0.92106164
2025-07,МайПлей,MC267h,2.0,1.0064981
2025-08,МайПлей,MC267h,2.0,1.1403531
2025-09,МайПлей,MC267h,2.0,0.97472006
2025-10,МайПлей,MC267h,5.0,2.6537
2025-11,МайПлей,MC267h,0.0,4.369047
2025-12,МайПлей,MC267h,5.0,8.261056
2026-01,МайПлей,MC267h,1.0,3.868451
2026-02,МайПлей,MC267h,2.0,0.907868
2025-07,Монако,MC267h,0.0,0.0
2025-08,Монако,MC267h,0.0,0.0
2025-09,Монако,MC267h,1.0,1.6962239
2025-10,Монако,MC267h,2.0,1.5215387
2025-11,Монако,MC267h,1.0,1.8159676
2025-12,Монако,MC267h,0.0,0.0
2026-01,Монако,MC267h,1.0,1.0697653
2026-02,Монако,MC267h,0.0,0.0
2025-07,РОСТ,MC267h,1.0,0.12349607
2025-08,РОСТ,MC267h,0.0,0.36716512
2025-09,РОСТ,MC267h,0.0,0.24482463
2025-10,РОСТ,MC267h,0.0,0.5260784
2025-11,РОСТ,MC267h,0.0,0.6187508
2025-12,РОСТ,MC267h,1.0,1.3839364
2026-01,РОСТ,MC267h,2.0,1.7638586
2026-02,РОСТ,MC267h,0.0,0.0
2025-07,Росицька ФОП,MC267h,0.0,0.25154886
2025-08,Росицька ФОП,MC267h,0.0,0.2479083
2025-09,Росицька ФОП,MC267h,1.0,0.36495996
2025-10,Росицька ФОП,MC267h,0.0,0.2923128
2025-11,Росицька ФОП,MC267h,0.0,0.41305894
2025-12,Росицька ФОП,MC267h,1.0,0.48653656
2026-01,Росицька ФОП,MC267h,0.0,0.017393732
2026-02,Росицька ФОП,MC267h,0.0,0.0
2025-07,Смайл,MC267h,0.0,0.0
2025-08,Смайл,MC267h,0.0,0.0
2025-09,Смайл,MC267h,0.0,0.0
2025-10,Смайл,MC267h,1.0,0.98894125
2025-11,Смайл,MC267h,2.0,1.0307016
2025-12,Смайл,MC267h,0.0,0.0
2026-01,Смайл,MC267h,0.0,0.0
2026-02,Смайл,MC267h,0.0,0.0
2025-07,Смік,MC267h,1.0,0.7212572
2025-08,Смік,MC267h,1.0,0.75802076
2025-09,Смік,MC267h,0.0,0.5962487
2025-10,Смік,MC267h,1.0,0.6379791
2025-11,Смік,MC267h,3.0,1.6441191
2025-12,Смік,MC267h,2.0,6.9087443
2026-01,Смік,MC267h,2.0,1.7257876
2026-02,Смік,MC267h,1.0,0.97531116
2025-07,Чудо Острів,MC267h,2.0,4.446282
2025-08,Чудо Острів,MC267h,1.0,4.969118
2025-09,Чудо Острів,MC267h,4.0,4.6873565
2025-10,Чудо Острів,MC267h,8.0,4.92341
2025-11,Чудо Острів,MC267h,10.0,6.5441675
2025-12,Чудо Острів,MC267h,10.0,16.672653
2026-01,Чудо Острів,MC267h,2.0,3.043513
2026-02,Чудо Острів,MC267h,3.0,1.5848479
2025-07,ІМ-Розетка,MC269h,1.0,2.0804281
2025-08,ІМ-Розетка,MC269h,1.0,1.8402313
2025-09,ІМ-Розетка,MC269h,3.0,1.9446136
2025-10,ІМ-Розетка,MC269h,2.0,3.4210384
2025-11,ІМ-Розетка,MC269h,0.0,0.0
2025-12,ІМ-Розетка,MC269h,0.0,0.0
2026-01,ІМ-Розетка,MC269h,0.0,0.0
2026-02,ІМ-Розетка,MC269h,0.0,0.0
2025-07,Акварель,MC269h,7.0,5.966524
2025-08,Акварель,MC269h,4.0,6.610716
2025-09,Акварель,MC269h,7.0,4.836593
2025-10,Акварель,MC269h,6.0,5.8583612
2025-11,Акварель,MC269h,14.0,5.9869237
2025-12,Акварель,MC269h,9.0,18.579298
2026-01,Акварель,MC269h,2.0,2.9604726
2026-02,Акварель,MC269h,4.0,2.2805767
2025-07,Антошка,MC269h,4.0,2.951723
2025-08,Антошка,MC269h,4.0,3.9817934
2025-09,Антошка,MC269h,3.0,4.716318
2025-10,Антошка,MC269h,3.0,4.3368554
2025-11,Антошка,MC269h,1.0,4.3010645
2025-12,Антошка,MC269h,13.0,7.5160875
2026-01,Антошка,MC269h,3.0,1.8746316
2026-02,Антошка,MC269h,1.0,1.3698953
2025-07,БІ,MC269h,25.0,14.245198
2025-08,БІ,MC269h,13.0,21.29991
2025-09,БІ,MC269h,5.0,12.449189
2025-10,БІ,MC269h,5.0,10.592171
2025-11,БІ,MC269h,14.0,9.325615
2025-12,БІ,MC269h,17.0,22.975008
2026-01,БІ,MC269h,6.0,3.7428024
2026-02,БІ,MC269h,3.0,3.1189258
2025-07,Віват Канцелярія,MC269h,2.0,1.2158103
2025-08,Віват Канцелярія,MC269h,3.0,1.814623
2025-09,Віват Канцелярія,MC269h,1.0,1.498351
2025-10,Віват Канцелярія,MC269h,3.0,2.2215686
2025-11,Віват Канцелярія,MC269h,3.0,2.898868
2025-12,Віват Канцелярія,MC269h,5.0,5.4499016
2026-01,Віват Канцелярія,MC269h,1.0,2.1401496
2026-02,Віват Канцелярія,MC269h,0.0,0.0
2025-07,Епіцентр,MC269h,13.0,3.347356
2025-08,Епіцентр,MC269h,5.0,7.579812
2025-09,Епіцентр,MC269h,4.0,5.2037706
2025-10,Епіцентр,MC269h,5.0,5.5045047
2025-11,Епіцентр,MC269h,6.0,4.3508067
2025-12,Епіцентр,MC269h,8.0,11.539621
2026-01,Епіцентр,MC269h,5.0,2.6612236
2026-02,Епіцентр,MC269h,0.0,0.0
2025-07,Клас,MC269h,1.0,0.40571016
2025-08,Клас,MC269h,0.0,0.26085642
2025-09,Клас,MC269h,0.0,0.3125144
2025-10,Клас,MC269h,0.0,0.41061017
2025-11,Клас,MC269h,1.0,0.9423538
2025-12,Клас,MC269h,4.0,1.1106491
2026-01,Клас,MC269h,0.0,0.0
2026-02,Клас,MC269h,0.0,0.0
2025-07,Кубі,MC269h,2.0,1.4588858
2025-08,Кубі,MC269h,0.0,0.0
2025-09,Кубі,MC269h,0.0,0.0
2025-10,Кубі,MC269h,0.0,0.0
2025-11,Кубі,MC269h,0.0,0.0
2025-12,Кубі,MC269h,0.0,0.0
2026-01,Кубі,MC269h,0.0,0.0
2026-02,Кубі,MC269h,0.0,0.020590562
2025-07,МайПлей,MC269h,1.0,1.4789392
2025-08,МайПлей,MC269h,0.0,1.105564
2025-09,МайПлей,MC269h,3.0,0.5998378
2025-10,МайПлей,MC269h,0.0,2.6300762
2025-11,МайПлей,MC269h,2.0,2.7273905
2025-12,МайПлей,MC269h,0.0,0.0
2026-01,МайПлей,MC269h,3.0,0.806078
2026-02,МайПлей,MC269h,0.0,0.0
2025-07,Мегамаркет,MC269h,3.0,0.5967458
2025-08,Мегамаркет,MC269h,0.0,0.8821294
2025-09,Мегамаркет,MC269h,0.0,0.9858072
2025-10,Мегамаркет,MC269h,1.0,0.95394266
2025-11,Мегамаркет,MC269h,0.0,0.0
2025-12,Мегамаркет,MC269h,2.0,1.82329
2026-01,Мегамаркет,MC269h,0.0,0.013683707
2026-02,Мегамаркет,MC269h,1.0,0.7591309
2025-07,Монако,MC269h,0.0,0.0
2025-08,Монако,MC269h,1.0,1.1788205
2025-09,Монако,MC269h,1.0,1.0670887
2025-10,Монако,MC269h,2.0,1.6483139
2025-11,Монако,MC269h,0.0,0.0
2025-12,Монако,MC269h,0.0,0.0
2026-01,Монако,MC269h,0.0,0.0
2026-02,Монако,MC269h,0.0,0.0
2025-07,Смайл,MC269h,0.0,0.0
2025-08,Смайл,MC269h,0.0,0.0
2025-09,Смайл,MC269h,0.0,0.0
2025-10,Смайл,MC269h,2.0,1.0859182
2025-11,Смайл,MC269h,0.0,0.0
2025-12,Смайл,MC269h,0.0,0.0
2026-01,Смайл,MC269h,0.0,0.0
2026-02,Смайл,MC269h,0.0,0.0
2025-07,Смік,MC269h,1.0,0.86157984
2025-08,Смік,MC269h,3.0,0.91782945
2025-09,Смік,MC269h,1.0,1.0828711
2025-10,Смік,MC269h,0.0,2.040606
2025-11,Смік,MC269h,1.0,2.0864866
2025-12,Смік,MC269h,4.0,4.092783
2026-01,Смік,MC269h,1.0,1.056781
2026-02,Смік,MC269h,0.0,0.0
2025-07,Чудо Острів,MC269h,9.0,5.648357
2025-08,Чудо Острів,MC269h,9.0,8.087359
2025-09,Чудо Острів,MC269h,3.0,6.870479
2025-10,Чудо Острів,MC269h,4.0,7.2153764
2025-11,Чудо Острів,MC269h,7.0,6.9056163
2025-12,Чудо Острів,MC269h,11.0,11.746975
2026-01,Чудо Острів,MC269h,3.0,2.8635778
2026-02,Чудо Острів,MC269h,1.0,1.8232538
2025-07,Акварель,MC270h,1.0,1.909101
2025-08,Акварель,MC270h,0.0,0.0
2025-09,Акварель,MC270h,1.0,1.1735384
2025-10,Акварель,MC270h,0.0,0.0
2025-11,Акварель,MC270h,0.0,0.0
2025-12,Акварель,MC270h,0.0,0.0
2026-01,Акварель,MC270h,0.0,0.0
2026-02,Акварель,MC270h,0.0,0.0
2025-07,Віват Канцелярія,MC270h,1.0,1.0366449
2025-08,Віват Канцелярія,MC270h,2.0,1.0804857
2025-09,Віват Канцелярія,MC270h,1.0,1.0067669
2025-10,Віват Канцелярія,MC270h,2.0,1.1185113
2025-11,Віват Канцелярія,MC270h,0.0,0.0
2025-12,Віват Канцелярія,MC270h,1.0,1.561042
2026-01,Віват Канцелярія,MC270h,0.0,0.0
2026-02,Віват Канцелярія,MC270h,0.0,0.0
2025-07,Акварель,S3003h,0.0,0.0
2025-08,Акварель,S3003h,1.0,3.0680945
2025-09,Акварель,S3003h,1.0,2.779007
2025-10,Акварель,S3003h,4.0,2.4567034
2025-11,Акварель,S3003h,3.0,2.9554532
2025-12,Акварель,S3003h,0.0,0.0
2026-01,Акварель,S3003h,0.0,0.0
2026-02,Акварель,S3003h,1.0,1.5324932
2025-07,БІ,S3003h,1.0,3.8519695
2025-08,БІ,S3003h,0.0,0.0
2025-09,БІ,S3003h,0.0,0.0
2025-10,БІ,S3003h,0.0,0.0
2025-11,БІ,S3003h,2.0,2.4278328
2025-12,БІ,S3003h,0.0,0.0
2026-01,БІ,S3003h,0.0,0.0
2026-02,БІ,S3003h,0.0,0.0
2025-07,Віват Канцелярія,S3003h,0.0,0.0
2025-08,Віват Канцелярія,S3003h,2.0,2.1065881
2025-09,Віват Канцелярія,S3003h,2.0,2.515367
2025-10,Віват Канцелярія,S3003h,0.0,0.0
2025-11,Віват Канцелярія,S3003h,2.0,1.3691475
2025-12,Віват Канцелярія,S3003h,1.0,2.4235206
2026-01,Віват Канцелярія,S3003h,2.0,1.3034066
2026-02,Віват Канцелярія,S3003h,0.0,0.0
2025-07,ІМ-МауДау,S3006h,0.0,0.21939112
2025-08,ІМ-МауДау,S3006h,1.0,1.1362507
2025-09,ІМ-МауДау,S3006h,0.0,0.9471173
2025-10,ІМ-МауДау,S3006h,2.0,0.94078404
2025-11,ІМ-МауДау,S3006h,2.0,1.6419357
2025-12,ІМ-МауДау,S3006h,2.0,2.448909
2026-01,ІМ-МауДау,S3006h,0.0,0.30206904
2026-02,ІМ-МауДау,S3006h,0.0,0.12668742
2025-07,ІМ-Розетка,S3006h,3.0,9.005423
2025-08,ІМ-Розетка,S3006h,3.0,7.94621
2025-09,ІМ-Розетка,S3006h,0.0,2.3898473
2025-10,ІМ-Розетка,S3006h,1.0,4.7976203
2025-11,ІМ-Розетка,S3006h,0.0,0.8060941
2025-12,ІМ-Розетка,S3006h,8.0,7.2207823
2026-01,ІМ-Розетка,S3006h,0.0,0.0
2026-02,ІМ-Розетка,S3006h,0.0,0.0
2025-07,Акварель,S3006h,17.0,20.65863
2025-08,Акварель,S3006h,18.0,20.262611
2025-09,Акварель,S3006h,17.0,19.34067
2025-10,Акварель,S3006h,21.0,19.666737
2025-11,Акварель,S3006h,16.0,23.308664
2025-12,Акварель,S3006h,25.0,37.957928
2026-01,Акварель,S3006h,14.0,11.53976
2026-02,Акварель,S3006h,6.0,6.474315
2025-07,Антошка,S3006h,0.0,1.3913
2025-08,Антошка,S3006h,2.0,2.0362904
2025-09,Антошка,S3006h,1.0,1.6285908
2025-10,Антошка,S3006h,3.0,1.6986443
2025-11,Антошка,S3006h,4.0,1.9280794
2025-12,Антошка,S3006h,1.0,3.9911506
2026-01,Антошка,S3006h,2.0,1.6169914
2026-02,Антошка,S3006h,1.0,1.6600142
2025-07,БІ,S3006h,36.0,29.73556
2025-08,БІ,S3006h,22.0,36.842518
2025-09,БІ,S3006h,26.0,31.848564
2025-10,БІ,S3006h,27.0,32.55785
2025-11,БІ,S3006h,32.0,35.770992
2025-12,БІ,S3006h,47.0,67.02632
2026-01,БІ,S3006h,32.0,28.969378
2026-02,БІ,S3006h,20.0,17.459078
2025-07,БРСМ,S3006h,8.0,6.065444
2025-08,БРСМ,S3006h,6.0,6.269044
2025-09,БРСМ,S3006h,2.0,8.379278
2025-10,БРСМ,S3006h,4.0,6.7379084
2025-11,БРСМ,S3006h,5.0,5.825992
2025-12,БРСМ,S3006h,2.0,6.082629
2026-01,БРСМ,S3006h,2.0,4.660611
2026-02,БРСМ,S3006h,0.0,0.0
2025-07,Белес,S3006h,8.0,6.5927963
2025-08,Белес,S3006h,12.0,9.035727
2025-09,Белес,S3006h,0.0,17.371151
2025-10,Белес,S3006h,0.0,7.493127
2025-11,Белес,S3006h,0.0,0.0
2025-12,Белес,S3006h,0.0,0.0
2026-01,Белес,S3006h,0.0,0.0
2026-02,Белес,S3006h,0.0,0.0
2025-07,Віват Канцелярія,S3006h,6.0,5.9256864
2025-08,Віват Канцелярія,S3006h,10.0,6.3485446
2025-09,Віват Канцелярія,S3006h,10.0,9.349879
2025-10,Віват Канцелярія,S3006h,5.0,6.463047
2025-11,Віват Канцелярія,S3006h,2.0,7.2118983
2025-12,Віват Канцелярія,S3006h,18.0,11.693783
2026-01,Віват Канцелярія,S3006h,7.0,5.3080053
2026-02,Віват Канцелярія,S3006h,0.0,0.0
2025-07,Еліпс,S3006h,0.0,0.0
2025-08,Еліпс,S3006h,4.0,1.3916148
2025-09,Еліпс,S3006h,0.0,0.0
2025-10,Еліпс,S3006h,2.0,1.9882289
2025-11,Еліпс,S3006h,2.0,2.7456574
2025-12,Еліпс,S3006h,1.0,2.5042894
2026-01,Еліпс,S3006h,1.0,1.6128025
2026-02,Еліпс,S3006h,0.0,0.0
2025-07,Епіцентр,S3006h,26.0,11.947359
2025-08,Епіцентр,S3006h,22.0,21.553125
2025-09,Епіцентр,S3006h,11.0,20.85831
2025-10,Епіцентр,S3006h,6.0,16.031233
2025-11,Епіцентр,S3006h,31.0,13.085711
2025-12,Епіцентр,S3006h,27.0,51.20875
2026-01,Епіцентр,S3006h,18.0,20.130322
2026-02,Епіцентр,S3006h,11.0,7.5347567
2025-07,Клас,S3006h,0.0,1.9021264
2025-08,Клас,S3006h,0.0,1.5602914
2025-09,Клас,S3006h,0.0,2.1212852
2025-10,Клас,S3006h,2.0,1.6065799
2025-11,Клас,S3006h,0.0,1.2502749
2025-12,Клас,S3006h,2.0,1.7296088
2026-01,Клас,S3006h,2.0,1.2049754
2026-02,Клас,S3006h,2.0,1.3183781
2025-07,МайПлей,S3006h,3.0,2.653277
2025-08,МайПлей,S3006h,5.0,2.7015092
2025-09,МайПлей,S3006h,1.0,2.9869034
2025-10,МайПлей,S3006h,1.0,2.8194962
2025-11,МайПлей,S3006h,0.0,2.5225763
2025-12,МайПлей,S3006h,3.0,4.0900307
2026-01,МайПлей,S3006h,0.0,0.0
2026-02,МайПлей,S3006h,0.0,0.0
2025-07,Мегамаркет,S3006h,3.0,2.0487287
2025-08,Мегамаркет,S3006h,0.0,2.3045168
2025-09,Мегамаркет,S3006h,0.0,2.3005717
2025-10,Мегамаркет,S3006h,2.0,1.7660236
2025-11,Мегамаркет,S3006h,1.0,2.1207793
2025-12,Мегамаркет,S3006h,1.0,3.137442
2026-01,Мегамаркет,S3006h,1.0,2.1604567
2026-02,Мегамаркет,S3006h,1.0,1.1803328
2025-07,Монако,S3006h,2.0,2.0261147
2025-08,Монако,S3006h,0.0,0.0
2025-09,Монако,S3006h,2.0,2.8596585
2025-10,Монако,S3006h,3.0,2.2281625
2025-11,Монако,S3006h,2.0,3.0246627
2025-12,Монако,S3006h,0.0,0.0
2026-01,Монако,S3006h,0.0,0.0
2026-02,Монако,S3006h,0.0,0.0
2025-07,Новая Лінія,S3006h,1.0,0.43949467
2025-08,Новая Лінія,S3006h,1.0,0.4397
2025-09,Новая Лінія,S3006h,1.0,0.6901037
2025-10,Новая Лінія,S3006h,1.0,0.8130065
2025-11,Новая Лінія,S3006h,1.0,0.77965415
2025-12,Новая Лінія,S3006h,1.0,1.3873537
2026-01,Новая Лінія,S3006h,2.0,1.0253587
2026-02,Новая Лінія,S3006h,0.0,0.0
2025-07,РОСТ,S3006h,2.0,1.6027716
2025-08,РОСТ,S3006h,4.0,2.2746398
2025-09,РОСТ,S3006h,1.0,4.050641
2025-10,РОСТ,S3006h,2.0,3.2908063
2025-11,РОСТ,S3006h,6.0,2.6336646
2025-12,РОСТ,S3006h,0.0,3.8723338
2026-01,РОСТ,S3006h,5.0,2.2896316
2026-02,РОСТ,S3006h,2.0,1.8049235
2025-07,Росицька ФОП,S3006h,0.0,0.42814738
2025-08,Росицька ФОП,S3006h,0.0,0.42153937
2025-09,Росицька ФОП,S3006h,1.0,0.62741035
2025-10,Росицька ФОП,S3006h,2.0,0.647112
2025-11,Росицька ФОП,S3006h,1.0,0.5662081
2025-12,Росицька ФОП,S3006h,2.0,1.5227963
2026-01,Росицька ФОП,S3006h,1.0,1.3987302
2026-02,Росицька ФОП,S3006h,0.0,0.0
2025-07,Смайл,S3006h,1.0,1.0777944
2025-08,Смайл,S3006h,0.0,0.0
2025-09,Смайл,S3006h,2.0,1.2829233
2025-10,Смайл,S3006h,2.0,1.5567504
2025-11,Смайл,S3006h,2.0,1.8365452
2025-12,Смайл,S3006h,0.0,0.0
2026-01,Смайл,S3006h,1.0,1.0958227
2026-02,Смайл,S3006h,0.0,0.0
2025-07,СмартТойс,S3006h,0.0,0.0
2025-08,СмартТойс,S3006h,0.0,0.0
2025-09,СмартТойс,S3006h,1.0,1.7036523
2025-10,СмартТойс,S3006h,3.0,1.5964837
2025-11,СмартТойс,S3006h,0.0,0.0
2025-12,СмартТойс,S3006h,0.0,0.0
2026-01,СмартТойс,S3006h,0.0,0.0
2026-02,СмартТойс,S3006h,0.0,0.0
2025-07,Таврія,S3006h,0.0,1.8793886
2025-08,Таврія,S3006h,4.0,0.6422228
2025-09,Таврія,S3006h,1.0,2.840394
2025-10,Таврія,S3006h,1.0,1.857962
2025-11,Таврія,S3006h,5.0,2.375773
2025-12,Таврія,S3006h,2.0,2.1279032
2026-01,Таврія,S3006h,1.0,1.3996242
2026-02,Таврія,S3006h,1.0,1.405976
2025-07,ІМ-Розетка,S3007h,5.0,5.062032
2025-08,ІМ-Розетка,S3007h,6.0,5.9216876
2025-09,ІМ-Розетка,S3007h,2.0,5.098011
2025-10,ІМ-Розетка,S3007h,2.0,4.460241
2025-11,ІМ-Розетка,S3007h,2.0,5.194453
2025-12,ІМ-Розетка,S3007h,5.0,5.8253326
2026-01,ІМ-Розетка,S3007h,1.0,2.9041839
2026-02,ІМ-Розетка,S3007h,1.0,1.522516
2025-07,Акварель,S3007h,9.0,10.104817
2025-08,Акварель,S3007h,6.0,10.364028
2025-09,Акварель,S3007h,7.0,9.752198
2025-10,Акварель,S3007h,14.0,8.982776
2025-11,Акварель,S3007h,4.0,11.918172
2025-12,Акварель,S3007h,11.0,15.620119
2026-01,Акварель,S3007h,7.0,8.667045
2026-02,Акварель,S3007h,8.0,4.528491
2025-07,БІ,S3007h,8.0,13.988801
2025-08,БІ,S3007h,6.0,12.787981
2025-09,БІ,S3007h,12.0,9.988859
2025-10,БІ,S3007h,9.0,13.64599
2025-11,БІ,S3007h,5.0,13.269333
2025-12,БІ,S3007h,8.0,17.236624
2026-01,БІ,S3007h,13.0,10.951325
2026-02,БІ,S3007h,9.0,4.2537675
2025-07,БРСМ,S3007h,2.0,2.1947365
2025-08,БРСМ,S3007h,3.0,2.4838085
2025-09,БРСМ,S3007h,1.0,2.6831574
2025-10,БРСМ,S3007h,1.0,2.1252906
2025-11,БРСМ,S3007h,2.0,2.0909696
2025-12,БРСМ,S3007h,1.0,1.7770913
2026-01,БРСМ,S3007h,1.0,1.6883054
2026-02,БРСМ,S3007h,1.0,1.2050241
2025-07,Белес,S3007h,6.0,5.656648
2025-08,Белес,S3007h,5.0,6.7010674
2025-09,Белес,S3007h,0.0,7.9472136
2025-10,Белес,S3007h,0.0,5.060669
2025-11,Белес,S3007h,0.0,0.0
2025-12,Белес,S3007h,0.0,0.045854434
2026-01,Белес,S3007h,0.0,0.0
2026-02,Белес,S3007h,0.0,0.02106933
2025-07,Віват Канцелярія,S3007h,0.0,2.5920017
2025-08,Віват Канцелярія,S3007h,4.0,2.12125
2025-09,Віват Канцелярія,S3007h,4.0,2.8313801
2025-10,Віват Канцелярія,S3007h,1.0,3.3703315
2025-11,Віват Канцелярія,S3007h,2.0,2.3466072
2025-12,Віват Канцелярія,S3007h,3.0,4.1736026
2026-01,Віват Канцелярія,S3007h,4.0,2.1774716
2026-02,Віват Канцелярія,S3007h,0.0,0.0
2025-07,Епіцентр,S3007h,8.0,5.4409246
2025-08,Епіцентр,S3007h,1.0,6.675428
2025-09,Епіцентр,S3007h,1.0,5.079137
2025-10,Епіцентр,S3007h,1.0,4.61151
2025-11,Епіцентр,S3007h,3.0,5.160918
2025-12,Епіцентр,S3007h,9.0,9.666595
2026-01,Епіцентр,S3007h,12.0,5.014886
2026-02,Епіцентр,S3007h,10.0,13.469367
2025-07,Клас,S3007h,0.0,1.0833197
2025-08,Клас,S3007h,0.0,0.7529508
2025-09,Клас,S3007h,0.0,0.9293112
2025-10,Клас,S3007h,0.0,1.2023586
2025-11,Клас,S3007h,0.0,0.62578374
2025-12,Клас,S3007h,3.0,1.1381279
2026-01,Клас,S3007h,1.0,2.5574005
2026-02,Клас,S3007h,0.0,0.0
2025-07,МайПлей,S3007h,3.0,1.691219
2025-08,МайПлей,S3007h,4.0,2.3850162
2025-09,МайПлей,S3007h,3.0,2.3580828
2025-10,МайПлей,S3007h,1.0,2.4253807
2025-11,МайПлей,S3007h,1.0,2.3364515
2025-12,МайПлей,S3007h,1.0,4.0853386
2026-01,МайПлей,S3007h,0.0,0.0
2026-02,МайПлей,S3007h,0.0,0.0
2025-07,Мегамаркет,S3007h,0.0,1.7962434
2025-08,Мегамаркет,S3007h,3.0,0.79368025
2025-09,Мегамаркет,S3007h,0.0,2.0588672
2025-10,Мегамаркет,S3007h,0.0,1.3890133
2025-11,Мегамаркет,S3007h,2.0,1.2146343
2025-12,Мегамаркет,S3007h,0.0,1.8840854
2026-01,Мегамаркет,S3007h,2.0,2.7941813
2026-02,Мегамаркет,S3007h,1.0,1.3605168
2025-07,Монако,S3007h,2.0,1.8456653
2025-08,Монако,S3007h,0.0,0.0
2025-09,Монако,S3007h,2.0,2.0872922
2025-10,Монако,S3007h,2.0,2.0944207
2025-11,Монако,S3007h,2.0,1.9354962
2025-12,Монако,S3007h,0.0,0.0
2026-01,Монако,S3007h,0.0,0.0
2026-02,Монако,S3007h,0.0,0.0
2025-07,РОСТ,S3007h,1.0,1.6877538
2025-08,РОСТ,S3007h,2.0,2.0512269
2025-09,РОСТ,S3007h,0.0,2.1564643
2025-10,РОСТ,S3007h,1.0,1.7604138
2025-11,РОСТ,S3007h,1.0,1.5712967
2025-12,РОСТ,S3007h,1.0,2.1822371
2026-01,РОСТ,S3007h,3.0,2.6706607
2026-02,РОСТ,S3007h,0.0,0.0
2025-07,Смайл,S3007h,0.0,0.0
2025-08,Смайл,S3007h,0.0,0.0
2025-09,Смайл,S3007h,0.0,0.0
2025-10,Смайл,S3007h,1.0,1.2764118
2025-11,Смайл,S3007h,2.0,1.158354
2025-12,Смайл,S3007h,0.0,0.0
2026-01,Смайл,S3007h,0.0,0.0
2026-02,Смайл,S3007h,0.0,0.0
2025-07,Смік,S3007h,1.0,1.5950066
2025-08,Смік,S3007h,1.0,1.8409641
2025-09,Смік,S3007h,1.0,1.493025
2025-10,Смік,S3007h,1.0,0.96536857
2025-11,Смік,S3007h,2.0,1.5393678
2025-12,Смік,S3007h,0.0,2.775306
2026-01,Смік,S3007h,0.0,0.0
2026-02,Смік,S3007h,0.0,0.0
2025-07,Супрун ФОП,S3007h,1.0,1.4633445
2025-08,Супрун ФОП,S3007h,0.0,0.0
2025-09,Супрун ФОП,S3007h,0.0,0.0
2025-10,Супрун ФОП,S3007h,0.0,0.0
2025-11,Супрун ФОП,S3007h,0.0,0.0
2025-12,Супрун ФОП,S3007h,0.0,0.0
2026-01,Супрун ФОП,S3007h,1.0,1.0927229
2026-02,Супрун ФОП,S3007h,0.0,0.0
2025-07,Таврія,S3007h,0.0,1.61377
2025-08,Таврія,S3007h,1.0,0.52406967
2025-09,Таврія,S3007h,2.0,1.207736
2025-10,Таврія,S3007h,1.0,1.2088243
2025-11,Таврія,S3007h,1.0,1.1269472
2025-12,Таврія,S3007h,1.0,1.4287591
2026-01,Таврія,S3007h,0.0,0.0
2026-02,Таврія,S3007h,1.0,0.7923008
2025-07,ІМ-Розетка,S3008h,8.0,4.112689
2025-08,ІМ-Розетка,S3008h,3.0,6.1516848
2025-09,ІМ-Розетка,S3008h,1.0,1.5746012
2025-10,ІМ-Розетка,S3008h,0.0,1.2555844
2025-11,ІМ-Розетка,S3008h,0.0,0.3055036
2025-12,ІМ-Розетка,S3008h,0.0,1.2059529
2026-01,ІМ-Розетка,S3008h,0.0,0.0
2026-02,ІМ-Розетка,S3008h,0.0,0.0
2025-07,Акварель,S3008h,10.0,11.019187
2025-08,Акварель,S3008h,20.0,9.901508
2025-09,Акварель,S3008h,11.0,13.523969
2025-10,Акварель,S3008h,10.0,12.190903
2025-11,Акварель,S3008h,11.0,11.204468
2025-12,Акварель,S3008h,16.0,20.547049
2026-01,Акварель,S3008h,7.0,8.814429
2026-02,Акварель,S3008h,7.0,3.910947
2025-07,БІ,S3008h,4.0,6.010041
2025-08,БІ,S3008h,8.0,10.100261
2025-09,БІ,S3008h,10.0,11.289336
2025-10,БІ,S3008h,23.0,15.455901
2025-11,БІ,S3008h,20.0,18.920763
2025-12,БІ,S3008h,20.0,36.674767
2026-01,БІ,S3008h,17.0,18.04621
2026-02,БІ,S3008h,15.0,5.8453293
2025-07,Белес,S3008h,10.0,5.2250557
2025-08,Белес,S3008h,2.0,9.707782
2025-09,Белес,S3008h,0.0,8.472198
2025-10,Белес,S3008h,0.0,5.2957377
2025-11,Белес,S3008h,0.0,0.0
2025-12,Белес,S3008h,0.0,0.0
2026-01,Белес,S3008h,0.0,0.0
2026-02,Белес,S3008h,0.0,0.018067675
2025-07,Віват Канцелярія,S3008h,5.0,2.4489872
2025-08,Віват Канцелярія,S3008h,3.0,3.4332569
2025-09,Віват Канцелярія,S3008h,6.0,3.8888783
2025-10,Віват Канцелярія,S3008h,4.0,3.7493067
2025-11,Віват Канцелярія,S3008h,3.0,3.6147838
2025-12,Віват Канцелярія,S3008h,7.0,8.255029
2026-01,Віват Канцелярія,S3008h,3.0,3.2759726
2026-02,Віват Канцелярія,S3008h,0.0,0.0
2025-07,Епіцентр,S3008h,7.0,8.179132
2025-08,Епіцентр,S3008h,5.0,8.287695
2025-09,Епіцентр,S3008h,2.0,7.5288205
2025-10,Епіцентр,S3008h,5.0,7.6995006
2025-11,Епіцентр,S3008h,7.0,5.9637322
2025-12,Епіцентр,S3008h,12.0,13.352796
2026-01,Епіцентр,S3008h,2.0,10.562462
2026-02,Епіцентр,S3008h,5.0,8.057515
2025-07,Клас,S3008h,0.0,0.59994954
2025-08,Клас,S3008h,0.0,0.63554204
2025-09,Клас,S3008h,0.0,0.48611432
2025-10,Клас,S3008h,0.0,0.43832648
2025-11,Клас,S3008h,1.0,0.5790047
2025-12,Клас,S3008h,0.0,1.5141943
2026-01,Клас,S3008h,0.0,0.0
2026-02,Клас,S3008h,0.0,0.0
2025-07,МайПлей,S3008h,3.0,2.1215947
2025-08,МайПлей,S3008h,4.0,2.3381073
2025-09,МайПлей,S3008h,5.0,2.4044323
2025-10,МайПлей,S3008h,2.0,2.9404297
2025-11,МайПлей,S3008h,0.0,2.5356162
2025-12,МайПлей,S3008h,1.0,4.689518
2026-01,МайПлей,S3008h,0.0,0.0
2026-02,МайПлей,S3008h,1.0,1.0904969
2025-07,Мегамаркет,S3008h,1.0,1.7743863
2025-08,Мегамаркет,S3008h,0.0,1.507017
2025-09,Мегамаркет,S3008h,1.0,1.0910273
2025-10,Мегамаркет,S3008h,3.0,1.6874212
2025-11,Мегамаркет,S3008h,0.0,1.9508508
2025-12,Мегамаркет,S3008h,1.0,2.3600497
2026-01,Мегамаркет,S3008h,0.0,0.031731557
2026-02,Мегамаркет,S3008h,1.0,1.6787425
2025-07,Монако,S3008h,2.0,1.2877357
2025-08,Монако,S3008h,0.0,0.0
2025-09,Монако,S3008h,2.0,1.7542815
2025-10,Монако,S3008h,3.0,1.80716
2025-11,Монако,S3008h,2.0,2.483725
2025-12,Монако,S3008h,0.0,0.0
2026-01,Монако,S3008h,0.0,0.0
2026-02,Монако,S3008h,0.0,0.0
2025-07,РОСТ,S3008h,1.0,1.4127939
2025-08,РОСТ,S3008h,2.0,1.5608468
2025-09,РОСТ,S3008h,0.0,2.497082
2025-10,РОСТ,S3008h,1.0,1.5295647
2025-11,РОСТ,S3008h,4.0,1.6811918
2025-12,РОСТ,S3008h,1.0,2.1254828
2026-01,РОСТ,S3008h,1.0,2.0313962
2026-02,РОСТ,S3008h,2.0,2.4925468
2025-07,Росицька ФОП,S3008h,0.0,0.43775946
2025-08,Росицька ФОП,S3008h,0.0,0.45004445
2025-09,Росицька ФОП,S3008h,0.0,0.3944437
2025-10,Росицька ФОП,S3008h,0.0,0.48562336
2025-11,Росицька ФОП,S3008h,0.0,0.5241144
2025-12,Росицька ФОП,S3008h,0.0,1.0157446
2026-01,Росицька ФОП,S3008h,1.0,0.4290159
2026-02,Росицька ФОП,S3008h,1.0,1.1171663
2025-07,Смайл,S3008h,1.0,1.4111688
2025-08,Смайл,S3008h,0.0,0.0
2025-09,Смайл,S3008h,0.0,0.0
2025-10,Смайл,S3008h,2.0,1.281769
2025-11,Смайл,S3008h,2.0,1.4630269
2025-12,Смайл,S3008h,0.0,0.0
2026-01,Смайл,S3008h,0.0,0.0
2026-02,Смайл,S3008h,0.0,0.0
2025-07,Смік,S3008h,1.0,2.0601966
2025-08,Смік,S3008h,1.0,1.7149284
2025-09,Смік,S3008h,1.0,2.5383582
2025-10,Смік,S3008h,2.0,1.6432468
2025-11,Смік,S3008h,2.0,2.519348
2025-12,Смік,S3008h,3.0,3.8772757
2026-01,Смік,S3008h,2.0,1.5501904
2026-02,Смік,S3008h,3.0,1.4644765
2025-07,Супрун ФОП,S3008h,1.0,1.4319508
2025-08,Супрун ФОП,S3008h,1.0,1.8551387
2025-09,Супрун ФОП,S3008h,1.0,1.5972166
2025-10,Супрун ФОП,S3008h,0.0,0.0
2025-11,Супрун ФОП,S3008h,0.0,0.0
2025-12,Супрун ФОП,S3008h,0.0,0.0
2026-01,Супрун ФОП,S3008h,1.0,1.2385949
2026-02,Супрун ФОП,S3008h,0.0,0.0
2025-07,Таврія,S3008h,1.0,1.9307977
2025-08,Таврія,S3008h,2.0,1.9619021
2025-09,Таврія,S3008h,2.0,2.5723226
2025-10,Таврія,S3008h,0.0,1.9361627
2025-11,Таврія,S3008h,2.0,1.4140383
2025-12,Таврія,S3008h,1.0,1.7056539
2026-01,Таврія,S3008h,1.0,1.1415969
2026-02,Таврія,S3008h,1.0,1.3725553
2025-07,Юпіджи,S3008h,6.0,2.926188
2025-08,Юпіджи,S3008h,8.0,3.880909
2025-09,Юпіджи,S3008h,3.0,4.626595
2025-10,Юпіджи,S3008h,1.0,4.125177
2025-11,Юпіджи,S3008h,3.0,2.9106586
2025-12,Юпіджи,S3008h,3.0,3.5421636
2026-01,Юпіджи,S3008h,3.0,1.6338574
2026-02,Юпіджи,S3008h,3.0,1.9280769
2025-07,ІМ-МауДау,S3009h,0.0,0.3610144
2025-08,ІМ-МауДау,S3009h,0.0,0.36629537
2025-09,ІМ-МауДау,S3009h,1.0,0.6444394
2025-10,ІМ-МауДау,S3009h,1.0,0.9391251
2025-11,ІМ-МауДау,S3009h,2.0,0.8623805
2025-12,ІМ-МауДау,S3009h,4.0,1.9891963
2026-01,ІМ-МауДау,S3009h,0.0,1.0651369
2026-02,ІМ-МауДау,S3009h,0.0,0.15422232
2025-07,ІМ-Розетка,S3009h,2.0,4.444415
2025-08,ІМ-Розетка,S3009h,8.0,6.2902427
2025-09,ІМ-Розетка,S3009h,4.0,7.228043
2025-10,ІМ-Розетка,S3009h,4.0,6.093404
2025-11,ІМ-Розетка,S3009h,5.0,5.750035
2025-12,ІМ-Розетка,S3009h,12.0,13.760921
2026-01,ІМ-Розетка,S3009h,1.0,3.4269638
2026-02,ІМ-Розетка,S3009h,0.0,0.0
2025-07,Акварель,S3009h,9.0,9.64394
2025-08,Акварель,S3009h,11.0,10.380133
2025-09,Акварель,S3009h,7.0,9.466248
2025-10,Акварель,S3009h,16.0,9.99496
2025-11,Акварель,S3009h,14.0,12.84045
2025-12,Акварель,S3009h,13.0,22.595726
2026-01,Акварель,S3009h,7.0,5.073942
2026-02,Акварель,S3009h,9.0,3.351665
2025-07,БІ,S3009h,1.0,4.9836435
2025-08,БІ,S3009h,0.0,4.608131
2025-09,БІ,S3009h,6.0,3.7545323
2025-10,БІ,S3009h,2.0,4.262021
2025-11,БІ,S3009h,4.0,3.2460785
2025-12,БІ,S3009h,5.0,10.44262
2026-01,БІ,S3009h,8.0,10.2838545
2026-02,БІ,S3009h,5.0,1.6440578
2025-07,Белес,S3009h,6.0,5.2431216
2025-08,Белес,S3009h,5.0,7.2868986
2025-09,Белес,S3009h,0.0,8.575164
2025-10,Белес,S3009h,0.0,5.0184855
2025-11,Белес,S3009h,0.0,0.0
2025-12,Белес,S3009h,0.0,0.0
2026-01,Белес,S3009h,0.0,0.0
2026-02,Белес,S3009h,0.0,0.01994111
2025-07,Віват Канцелярія,S3009h,2.0,1.5814931
2025-08,Віват Канцелярія,S3009h,4.0,2.2580397
2025-09,Віват Канцелярія,S3009h,4.0,3.3147926
2025-10,Віват Канцелярія,S3009h,0.0,3.5650682
2025-11,Віват Канцелярія,S3009h,2.0,2.3975801
2025-12,Віват Канцелярія,S3009h,6.0,5.4866195
2026-01,Віват Канцелярія,S3009h,4.0,2.784317
2026-02,Віват Канцелярія,S3009h,0.0,0.0
2025-07,Еліпс,S3009h,0.0,0.0
2025-08,Еліпс,S3009h,1.0,1.3219311
2025-09,Еліпс,S3009h,0.0,0.0
2025-10,Еліпс,S3009h,0.0,0.0
2025-11,Еліпс,S3009h,1.0,1.2878339
2025-12,Еліпс,S3009h,0.0,0.0
2026-01,Еліпс,S3009h,0.0,0.0
2026-02,Еліпс,S3009h,0.0,0.0
2025-07,Епіцентр,S3009h,16.0,8.419344
2025-08,Епіцентр,S3009h,12.0,12.249182
2025-09,Епіцентр,S3009h,8.0,12.019659
2025-10,Епіцентр,S3009h,5.0,8.483144
2025-11,Епіцентр,S3009h,8.0,8.2566
2025-12,Епіцентр,S3009h,16.0,16.62341
2026-01,Епіцентр,S3009h,4.0,5.5525036
2026-02,Епіцентр,S3009h,0.0,0.0
2025-07,Клас,S3009h,0.0,0.9149613
2025-08,Клас,S3009h,1.0,0.47990176
2025-09,Клас,S3009h,0.0,0.62238514
2025-10,Клас,S3009h,0.0,0.4437826
2025-11,Клас,S3009h,0.0,0.55233085
2025-12,Клас,S3009h,0.0,1.1365368
2026-01,Клас,S3009h,1.0,0.4574969
2026-02,Клас,S3009h,0.0,0.0
2025-07,МайПлей,S3009h,0.0,1.3983847
2025-08,МайПлей,S3009h,6.0,1.1198469
2025-09,МайПлей,S3009h,3.0,1.3363479
2025-10,МайПлей,S3009h,3.0,2.253267
2025-11,МайПлей,S3009h,1.0,2.1382608
2025-12,МайПлей,S3009h,0.0,4.742757
2026-01,МайПлей,S3009h,0.0,0.0
2026-02,МайПлей,S3009h,0.0,0.0
2025-07,Мегамаркет,S3009h,0.0,0.9980359
2025-08,Мегамаркет,S3009h,2.0,0.58875036
2025-09,Мегамаркет,S3009h,0.0,1.0075012
2025-10,Мегамаркет,S3009h,2.0,0.86619776
2025-11,Мегамаркет,S3009h,1.0,1.453971
2025-12,Мегамаркет,S3009h,0.0,2.5594943
2026-01,Мегамаркет,S3009h,1.0,1.482316
2026-02,Мегамаркет,S3009h,1.0,1.0226275
2025-07,Монако,S3009h,2.0,2.0064807
2025-08,Монако,S3009h,0.0,0.0
2025-09,Монако,S3009h,2.0,1.8668312
2025-10,Монако,S3009h,3.0,1.8207028
2025-11,Монако,S3009h,2.0,2.5450501
2025-12,Монако,S3009h,0.0,0.0
2026-01,Монако,S3009h,0.0,0.0
2026-02,Монако,S3009h,0.0,0.0
2025-07,Новая Лінія,S3009h,0.0,0.36993724
2025-08,Новая Лінія,S3009h,2.0,0.24510548
2025-09,Новая Лінія,S3009h,0.0,0.4968756
2025-10,Новая Лінія,S3009h,0.0,0.4242832
2025-11,Новая Лінія,S3009h,0.0,0.46216357
2025-12,Новая Лінія,S3009h,1.0,0.90934503
2026-01,Новая Лінія,S3009h,0.0,0.25628358
2026-02,Новая Лінія,S3009h,0.0,0.11132603
2025-07,РОСТ,S3009h,2.0,0.86941373
2025-08,РОСТ,S3009h,2.0,0.9928277
2025-09,РОСТ,S3009h,1.0,1.6193091
2025-10,РОСТ,S3009h,1.0,1.1300884
2025-11,РОСТ,S3009h,0.0,1.065013
2025-12,РОСТ,S3009h,0.0,2.3764997
2026-01,РОСТ,S3009h,3.0,2.3645065
2026-02,РОСТ,S3009h,2.0,1.4646702
2025-07,Смайл,S3009h,1.0,0.9812712
2025-08,Смайл,S3009h,0.0,0.0
2025-09,Смайл,S3009h,0.0,0.0
2025-10,Смайл,S3009h,2.0,1.1655605
2025-11,Смайл,S3009h,2.0,1.403132
2025-12,Смайл,S3009h,0.0,0.0
2026-01,Смайл,S3009h,0.0,0.0
2026-02,Смайл,S3009h,0.0,0.0
2025-07,Смік,S3009h,3.0,1.8180765
2025-08,Смік,S3009h,1.0,1.9888612
2025-09,Смік,S3009h,0.0,2.3479297
2025-10,Смік,S3009h,0.0,1.5372902
2025-11,Смік,S3009h,2.0,2.47371
2025-12,Смік,S3009h,1.0,2.3770745
2026-01,Смік,S3009h,1.0,1.124282
2026-02,Смік,S3009h,2.0,1.1096628
2025-07,Супрун ФОП,S3009h,1.0,1.7533518
2025-08,Супрун ФОП,S3009h,0.0,0.0
2025-09,Супрун ФОП,S3009h,1.0,1.6717612
2025-10,Супрун ФОП,S3009h,0.0,0.0
2025-11,Супрун ФОП,S3009h,0.0,0.0
2025-12,Супрун ФОП,S3009h,0.0,0.0
2026-01,Супрун ФОП,S3009h,1.0,1.014749
2026-02,Супрун ФОП,S3009h,0.0,0.0
2025-07,Таврія,S3009h,0.0,1.3832477
2025-08,Таврія,S3009h,1.0,0.6370478
2025-09,Таврія,S3009h,1.0,1.0722703
2025-10,Таврія,S3009h,1.0,1.1602249
2025-11,Таврія,S3009h,0.0,0.94580466
2025-12,Таврія,S3009h,0.0,0.9974598
2026-01,Таврія,S3009h,0.0,0.0
2026-02,Таврія,S3009h,2.0,0.5711466
2025-07,Юпіджи,S3009h,5.0,4.430691
2025-08,Юпіджи,S3009h,12.0,5.41615
2025-09,Юпіджи,S3009h,1.0,6.588406
2025-10,Юпіджи,S3009h,7.0,4.3616533
2025-11,Юпіджи,S3009h,3.0,5.245819
2025-12,Юпіджи,S3009h,7.0,5.1234417
2026-01,Юпіджи,S3009h,5.0,2.4506037
2026-02,Юпіджи,S3009h,3.0,2.0916297
2025-07,ІМ-Розетка,S3010h,0.0,6.3650427
2025-08,ІМ-Розетка,S3010h,6.0,5.943148
2025-09,ІМ-Розетка,S3010h,2.0,6.642733
2025-10,ІМ-Розетка,S3010h,0.0,6.6943827
2025-11,ІМ-Розетка,S3010h,1.0,2.409043
2025-12,ІМ-Розетка,S3010h,9.0,24.85721
2026-01,ІМ-Розетка,S3010h,1.0,3.028011
2026-02,ІМ-Розетка,S3010h,0.0,0.0
2025-07,Акварель,S3010h,11.0,15.243358
2025-08,Акварель,S3010h,15.0,15.979642
2025-09,Акварель,S3010h,17.0,13.881375
2025-10,Акварель,S3010h,15.0,18.445444
2025-11,Акварель,S3010h,23.0,19.095772
2025-12,Акварель,S3010h,31.0,45.91723
2026-01,Акварель,S3010h,19.0,14.551665
2026-02,Акварель,S3010h,13.0,6.112882
2025-07,БІ,S3010h,1.0,9.882056
2025-08,БІ,S3010h,10.0,13.337702
2025-09,БІ,S3010h,27.0,19.666264
2025-10,БІ,S3010h,41.0,27.333847
2025-11,БІ,S3010h,44.0,37.782104
2025-12,БІ,S3010h,63.0,76.22589
2026-01,БІ,S3010h,37.0,18.626442
2026-02,БІ,S3010h,14.0,10.738019
2025-07,БРСМ,S3010h,2.0,1.5563121
2025-08,БРСМ,S3010h,3.0,2.0181365
2025-09,БРСМ,S3010h,3.0,3.543626
2025-10,БРСМ,S3010h,1.0,2.9888601
2025-11,БРСМ,S3010h,0.0,2.5361013
2025-12,БРСМ,S3010h,2.0,2.7796533
2026-01,БРСМ,S3010h,2.0,1.6455079
2026-02,БРСМ,S3010h,1.0,1.2797968
2025-07,Белес,S3010h,3.0,5.7963862
2025-08,Белес,S3010h,7.0,5.6415834
2025-09,Белес,S3010h,0.0,8.669449
2025-10,Белес,S3010h,0.0,5.8228836
2025-11,Белес,S3010h,0.0,0.0
2025-12,Белес,S3010h,0.0,0.0
2026-01,Белес,S3010h,0.0,0.0
2026-02,Белес,S3010h,0.0,0.0
2025-07,Віват Канцелярія,S3010h,3.0,2.2699432
2025-08,Віват Канцелярія,S3010h,10.0,3.9989626
2025-09,Віват Канцелярія,S3010h,3.0,4.630977
2025-10,Віват Канцелярія,S3010h,6.0,5.8847713
2025-11,Віват Канцелярія,S3010h,4.0,5.847089
2025-12,Віват Канцелярія,S3010h,8.0,7.8572965
2026-01,Віват Канцелярія,S3010h,1.0,2.7947147
2026-02,Віват Канцелярія,S3010h,0.0,0.0
2025-07,Еліпс,S3010h,0.0,0.0
2025-08,Еліпс,S3010h,5.0,1.3984567
2025-09,Еліпс,S3010h,0.0,0.0
2025-10,Еліпс,S3010h,2.0,2.3668773
2025-11,Еліпс,S3010h,2.0,3.1405566
2025-12,Еліпс,S3010h,0.0,0.0
2026-01,Еліпс,S3010h,0.0,0.0
2026-02,Еліпс,S3010h,0.0,0.0
2025-07,Епіцентр,S3010h,43.0,13.066117
2025-08,Епіцентр,S3010h,20.0,26.721703
2025-09,Епіцентр,S3010h,27.0,21.825235
2025-10,Епіцентр,S3010h,13.0,27.708591
2025-11,Епіцентр,S3010h,38.0,20.499594
2025-12,Епіцентр,S3010h,51.0,71.25957
2026-01,Епіцентр,S3010h,22.0,22.236078
2026-02,Епіцентр,S3010h,11.0,6.562123
2025-07,Клас,S3010h,0.0,1.2270634
2025-08,Клас,S3010h,0.0,0.94395643
2025-09,Клас,S3010h,0.0,1.7988032
2025-10,Клас,S3010h,0.0,1.8651248
2025-11,Клас,S3010h,3.0,0.83617264
2025-12,Клас,S3010h,5.0,3.1044543
2026-01,Клас,S3010h,0.0,0.0
2026-02,Клас,S3010h,0.0,0.0
2025-07,МайПлей,S3010h,1.0,1.8013998
2025-08,МайПлей,S3010h,2.0,1.6318196
2025-09,МайПлей,S3010h,0.0,1.7424644
2025-10,МайПлей,S3010h,0.0,2.088377
2025-11,МайПлей,S3010h,2.0,1.0463341
2025-12,МайПлей,S3010h,1.0,4.1383295
2026-01,МайПлей,S3010h,1.0,1.5401433
2026-02,МайПлей,S3010h,1.0,1.0253623
2025-07,Мегамаркет,S3010h,2.0,0.67566293
2025-08,Мегамаркет,S3010h,1.0,1.1598392
2025-09,Мегамаркет,S3010h,0.0,1.2833903
2025-10,Мегамаркет,S3010h,1.0,1.0278356
2025-11,Мегамаркет,S3010h,1.0,1.137554
2025-12,Мегамаркет,S3010h,1.0,3.2227848
2026-01,Мегамаркет,S3010h,0.0,0.019791346
2026-02,Мегамаркет,S3010h,1.0,0.7320606
2025-07,Монако,S3010h,2.0,1.5696156
2025-08,Монако,S3010h,3.0,2.05756
2025-09,Монако,S3010h,2.0,2.667943
2025-10,Монако,S3010h,2.0,3.2793622
2025-11,Монако,S3010h,2.0,3.6466854
2025-12,Монако,S3010h,0.0,0.027746946
2026-01,Монако,S3010h,0.0,0.0
2026-02,Монако,S3010h,0.0,0.0
2025-07,РОСТ,S3010h,2.0,2.7194672
2025-08,РОСТ,S3010h,5.0,3.3438115
2025-09,РОСТ,S3010h,4.0,4.5790515
2025-10,РОСТ,S3010h,5.0,5.9206996
2025-11,РОСТ,S3010h,7.0,4.8123894
2025-12,РОСТ,S3010h,0.0,0.0
2026-01,РОСТ,S3010h,14.0,3.3073015
2026-02,РОСТ,S3010h,2.0,2.5391836
2025-07,Росицька ФОП,S3010h,1.0,0.14293374
2025-08,Росицька ФОП,S3010h,0.0,0.50514555
2025-09,Росицька ФОП,S3010h,0.0,0.41091102
2025-10,Росицька ФОП,S3010h,1.0,0.42639485
2025-11,Росицька ФОП,S3010h,2.0,1.0956504
2025-12,Росицька ФОП,S3010h,1.0,1.5981942
2026-01,Росицька ФОП,S3010h,1.0,1.072145
2026-02,Росицька ФОП,S3010h,0.0,0.0
2025-07,Смайл,S3010h,1.0,1.1869065
2025-08,Смайл,S3010h,0.0,0.0
2025-09,Смайл,S3010h,2.0,1.2310948
2025-10,Смайл,S3010h,0.0,0.0
2025-11,Смайл,S3010h,2.0,1.693132
2025-12,Смайл,S3010h,0.0,0.0
2026-01,Смайл,S3010h,0.0,0.0
2026-02,Смайл,S3010h,0.0,0.0
2025-07,СмартТойс,S3010h,0.0,0.0
2025-08,СмартТойс,S3010h,0.0,0.0
2025-09,СмартТойс,S3010h,1.0,1.6458834
2025-10,СмартТойс,S3010h,0.0,0.0
2025-11,СмартТойс,S3010h,0.0,0.0
2025-12,СмартТойс,S3010h,0.0,0.0
2026-01,СмартТойс,S3010h,0.0,0.0
2026-02,СмартТойс,S3010h,0.0,0.0
2025-07,Смік,S3010h,3.0,1.6487381
2025-08,Смік,S3010h,0.0,2.4081006
2025-09,Смік,S3010h,0.0,1.6137751
2025-10,Смік,S3010h,1.0,2.1035511
2025-11,Смік,S3010h,0.0,1.6206086
2025-12,Смік,S3010h,0.0,0.0
2026-01,Смік,S3010h,0.0,0.0
2026-02,Смік,S3010h,1.0,0.83414876
2025-07,Супрун ФОП,S3010h,3.0,1.4224981
2025-08,Супрун ФОП,S3010h,0.0,0.0
2025-09,Супрун ФОП,S3010h,3.0,2.019655
2025-10,Супрун ФОП,S3010h,0.0,0.0
2025-11,Супрун ФОП,S3010h,0.0,0.0
2025-12,Супрун ФОП,S3010h,0.0,0.0
2026-01,Супрун ФОП,S3010h,0.0,0.0
2026-02,Супрун ФОП,S3010h,0.0,0.0
2025-07,Юпіджи,S3010h,1.0,1.8061843
2025-08,Юпіджи,S3010h,9.0,1.8876687
2025-09,Юпіджи,S3010h,1.0,3.208901
2025-10,Юпіджи,S3010h,2.0,3.3262477
2025-11,Юпіджи,S3010h,2.0,3.0965645
2025-12,Юпіджи,S3010h,2.0,2.7853231
2026-01,Юпіджи,S3010h,3.0,1.5339862
2026-02,Юпіджи,S3010h,2.0,1.9084637
2025-07,ІМ-Розетка,S3012h,3.0,4.774215
2025-08,ІМ-Розетка,S3012h,6.0,5.172424
2025-09,ІМ-Розетка,S3012h,2.0,6.3936357
2025-10,ІМ-Розетка,S3012h,2.0,5.640883
2025-11,ІМ-Розетка,S3012h,6.0,5.650482
2025-12,ІМ-Розетка,S3012h,0.0,0.0
2026-01,ІМ-Розетка,S3012h,0.0,0.0
2026-02,ІМ-Розетка,S3012h,0.0,0.0
2025-07,Акварель,S3012h,7.0,11.422914
2025-08,Акварель,S3012h,11.0,11.377929
2025-09,Акварель,S3012h,8.0,11.2006235
2025-10,Акварель,S3012h,11.0,11.01765
2025-11,Акварель,S3012h,14.0,9.878683
2025-12,Акварель,S3012h,9.0,18.35374
2026-01,Акварель,S3012h,4.0,4.0884457
2026-02,Акварель,S3012h,7.0,2.8574865
2025-07,БІ,S3012h,12.0,18.895811
2025-08,БІ,S3012h,14.0,17.35842
2025-09,БІ,S3012h,17.0,18.47616
2025-10,БІ,S3012h,13.0,20.900774
2025-11,БІ,S3012h,21.0,20.227732
2025-12,БІ,S3012h,14.0,31.615532
2026-01,БІ,S3012h,7.0,7.2807693
2026-02,БІ,S3012h,5.0,2.8425999
2025-07,БРСМ,S3012h,8.0,3.365243
2025-08,БРСМ,S3012h,3.0,4.683598
2025-09,БРСМ,S3012h,2.0,5.1423693
2025-10,БРСМ,S3012h,0.0,3.618663
2025-11,БРСМ,S3012h,5.0,2.933474
2025-12,БРСМ,S3012h,4.0,3.7688935
2026-01,БРСМ,S3012h,1.0,1.8621194
2026-02,БРСМ,S3012h,1.0,1.558431
2025-07,Белес,S3012h,3.0,6.7837467
2025-08,Белес,S3012h,10.0,6.9280157
2025-09,Белес,S3012h,0.0,10.214116
2025-10,Белес,S3012h,0.0,6.1012177
2025-11,Белес,S3012h,0.0,0.0
2025-12,Белес,S3012h,0.0,0.0
2026-01,Белес,S3012h,0.0,0.0
2026-02,Белес,S3012h,0.0,0.0
2025-07,Віват Канцелярія,S3012h,2.0,2.3832366
2025-08,Віват Канцелярія,S3012h,5.0,3.0979717
2025-09,Віват Канцелярія,S3012h,2.0,4.2404857
2025-10,Віват Канцелярія,S3012h,3.0,3.1893961
2025-11,Віват Канцелярія,S3012h,3.0,3.2635121
2025-12,Віват Канцелярія,S3012h,11.0,4.6734915
2026-01,Віват Канцелярія,S3012h,6.0,2.2957928
2026-02,Віват Канцелярія,S3012h,0.0,0.0
2025-07,Еліпс,S3012h,0.0,0.0
2025-08,Еліпс,S3012h,3.0,1.3932948
2025-09,Еліпс,S3012h,0.0,0.0
2025-10,Еліпс,S3012h,2.0,1.7575771
2025-11,Еліпс,S3012h,1.0,1.7663832
2025-12,Еліпс,S3012h,0.0,0.0
2026-01,Еліпс,S3012h,0.0,0.0
2026-02,Еліпс,S3012h,0.0,0.0
2025-07,Епіцентр,S3012h,20.0,6.9656544
2025-08,Епіцентр,S3012h,7.0,13.648873
2025-09,Епіцентр,S3012h,8.0,11.144426
2025-10,Епіцентр,S3012h,3.0,11.1566515
2025-11,Епіцентр,S3012h,12.0,6.1390257
2025-12,Епіцентр,S3012h,16.0,15.349938
2026-01,Епіцентр,S3012h,6.0,5.4686947
2026-02,Епіцентр,S3012h,4.0,3.6973503
2025-07,Клас,S3012h,0.0,0.16101855
2025-08,Клас,S3012h,0.0,0.3416377
2025-09,Клас,S3012h,0.0,0.6304664
2025-10,Клас,S3012h,2.0,2.323738
2025-11,Клас,S3012h,0.0,0.98928994
2025-12,Клас,S3012h,2.0,1.4348682
2026-01,Клас,S3012h,3.0,1.045866
2026-02,Клас,S3012h,0.0,0.0
2025-07,МайПлей,S3012h,0.0,1.6828514
2025-08,МайПлей,S3012h,5.0,1.4608672
2025-09,МайПлей,S3012h,1.0,2.5438898
2025-10,МайПлей,S3012h,0.0,2.494713
2025-11,МайПлей,S3012h,1.0,1.4942887
2025-12,МайПлей,S3012h,1.0,4.469381
2026-01,МайПлей,S3012h,1.0,1.3913243
2026-02,МайПлей,S3012h,2.0,1.0070916
2025-07,Мегамаркет,S3012h,1.0,0.9047225
2025-08,Мегамаркет,S3012h,0.0,0.8854334
2025-09,Мегамаркет,S3012h,1.0,0.7229959
2025-10,Мегамаркет,S3012h,0.0,0.9283767
2025-11,Мегамаркет,S3012h,0.0,0.6797053
2025-12,Мегамаркет,S3012h,1.0,1.6035459
2026-01,Мегамаркет,S3012h,0.0,0.0
2026-02,Мегамаркет,S3012h,0.0,0.0
2025-07,Монако,S3012h,1.0,2.642639
2025-08,Монако,S3012h,2.0,2.698141
2025-09,Монако,S3012h,2.0,2.849398
2025-10,Монако,S3012h,3.0,2.5037217
2025-11,Монако,S3012h,0.0,0.0
2025-12,Монако,S3012h,0.0,0.0
2026-01,Монако,S3012h,0.0,0.0
2026-02,Монако,S3012h,0.0,0.0
2025-07,РОСТ,S3012h,4.0,1.5005684
2025-08,РОСТ,S3012h,2.0,2.6307077
2025-09,РОСТ,S3012h,2.0,2.6795037
2025-10,РОСТ,S3012h,2.0,2.3324363
2025-11,РОСТ,S3012h,0.0,2.1576028
2025-12,РОСТ,S3012h,0.0,0.0
2026-01,РОСТ,S3012h,2.0,0.9439617
2026-02,РОСТ,S3012h,0.0,0.0
2025-07,Росицька ФОП,S3012h,0.0,0.3055689
2025-08,Росицька ФОП,S3012h,0.0,0.82090425
2025-09,Росицька ФОП,S3012h,0.0,0.48437148
2025-10,Росицька ФОП,S3012h,1.0,0.54108495
2025-11,Росицька ФОП,S3012h,0.0,0.37648356
2025-12,Росицька ФОП,S3012h,1.0,0.72301435
2026-01,Росицька ФОП,S3012h,0.0,0.0
2026-02,Росицька ФОП,S3012h,0.0,0.0
2025-07,Смайл,S3012h,1.0,1.2424666
2025-08,Смайл,S3012h,0.0,0.0
2025-09,Смайл,S3012h,2.0,1.3971536
2025-10,Смайл,S3012h,0.0,0.0
2025-11,Смайл,S3012h,0.0,0.0
2025-12,Смайл,S3012h,0.0,0.0
2026-01,Смайл,S3012h,0.0,0.0
2026-02,Смайл,S3012h,0.0,0.0
2025-07,Смік,S3012h,0.0,1.8776553
2025-08,Смік,S3012h,1.0,0.87617445
2025-09,Смік,S3012h,1.0,1.1759658
2025-10,Смік,S3012h,0.0,1.220536
2025-11,Смік,S3012h,3.0,0.6278335
2025-12,Смік,S3012h,2.0,3.4124417
2026-01,Смік,S3012h,1.0,1.3941255
2026-02,Смік,S3012h,1.0,1.2994009
2025-07,Співробітники,S3012h,0.0,0.0
2025-08,Співробітники,S3012h,0.0,0.0
2025-09,Співробітники,S3012h,0.0,0.0
2025-10,Співробітники,S3012h,1.0,1.3061929
2025-11,Співробітники,S3012h,0.0,0.0
2025-12,Співробітники,S3012h,0.0,0.0
2026-01,Співробітники,S3012h,0.0,0.0
2026-02,Співробітники,S3012h,0.0,0.0
2025-07,Таврія,S3012h,0.0,1.9903448
2025-08,Таврія,S3012h,5.0,0.98747253
2025-09,Таврія,S3012h,1.0,3.1515894
2025-10,Таврія,S3012h,1.0,2.8876927
2025-11,Таврія,S3012h,0.0,1.9686337
2025-12,Таврія,S3012h,3.0,1.5226469
2026-01,Таврія,S3012h,1.0,0.5575925
2026-02,Таврія,S3012h,2.0,0.48564327
2025-07,Юпіджи,S3012h,2.0,1.884592
2025-08,Юпіджи,S3012h,5.0,2.0794451
2025-09,Юпіджи,S3012h,2.0,3.6694558
2025-10,Юпіджи,S3012h,1.0,3.167401
2025-11,Юпіджи,S3012h,0.0,2.1867578
2025-12,Юпіджи,S3012h,5.0,2.05877
2026-01,Юпіджи,S3012h,1.0,1.4955614
2026-02,Юпіджи,S3012h,2.0,1.528336
2025-07,ІМ-Розетка,S3015h,7.0,10.389719
2025-08,ІМ-Розетка,S3015h,10.0,9.590435
2025-09,ІМ-Розетка,S3015h,5.0,10.99466
2025-10,ІМ-Розетка,S3015h,2.0,6.569024
2025-11,ІМ-Розетка,S3015h,1.0,2.6528494
2025-12,ІМ-Розетка,S3015h,9.0,7.89321
2026-01,ІМ-Розетка,S3015h,0.0,0.0
2026-02,ІМ-Розетка,S3015h,3.0,1.6022186
2025-07,Авіація Галичини,S3015h,2.0,1.7645153
2025-08,Авіація Галичини,S3015h,0.0,0.0
2025-09,Авіація Галичини,S3015h,0.0,0.0
2025-10,Авіація Галичини,S3015h,0.0,0.0
2025-11,Авіація Галичини,S3015h,0.0,0.0
2025-12,Авіація Галичини,S3015h,1.0,2.1679883
2026-01,Авіація Галичини,S3015h,0.0,0.0
2026-02,Авіація Галичини,S3015h,0.0,0.0
2025-07,Акварель,S3015h,8.0,15.270355
2025-08,Акварель,S3015h,18.0,12.578768
2025-09,Акварель,S3015h,17.0,15.25779
2025-10,Акварель,S3015h,13.0,15.784406
2025-11,Акварель,S3015h,15.0,15.438805
2025-12,Акварель,S3015h,15.0,27.987022
2026-01,Акварель,S3015h,9.0,12.822224
2026-02,Акварель,S3015h,12.0,5.6170273
2025-07,БІ,S3015h,9.0,12.904865
2025-08,БІ,S3015h,5.0,12.534875
2025-09,БІ,S3015h,6.0,13.145648
2025-10,БІ,S3015h,18.0,15.783569
2025-11,БІ,S3015h,26.0,19.215403
2025-12,БІ,S3015h,56.0,36.482185
2026-01,БІ,S3015h,31.0,32.43415
2026-02,БІ,S3015h,13.0,15.890364
2025-07,БРСМ,S3015h,5.0,2.019537
2025-08,БРСМ,S3015h,1.0,3.5600264
2025-09,БРСМ,S3015h,1.0,2.7849898
2025-10,БРСМ,S3015h,1.0,2.6123552
2025-11,БРСМ,S3015h,4.0,2.0372663
2025-12,БРСМ,S3015h,2.0,2.3592994
2026-01,БРСМ,S3015h,1.0,1.8626415
2026-02,БРСМ,S3015h,0.0,0.0
2025-07,Белес,S3015h,3.0,6.521911
2025-08,Белес,S3015h,5.0,6.999765
2025-09,Белес,S3015h,0.0,8.925062
2025-10,Белес,S3015h,0.0,6.534094
2025-11,Белес,S3015h,0.0,0.0
2025-12,Белес,S3015h,0.0,0.0
2026-01,Белес,S3015h,0.0,0.0
2026-02,Белес,S3015h,0.0,0.019490447
2025-07,Віват Канцелярія,S3015h,4.0,3.503764
2025-08,Віват Канцелярія,S3015h,5.0,4.2189045
2025-09,Віват Канцелярія,S3015h,9.0,4.9850616
2025-10,Віват Канцелярія,S3015h,0.0,5.486973
2025-11,Віват Канцелярія,S3015h,2.0,4.796995
2025-12,Віват Канцелярія,S3015h,13.0,8.627794
2026-01,Віват Канцелярія,S3015h,8.0,3.8102727
2026-02,Віват Канцелярія,S3015h,0.0,0.0
2025-07,Еліпс,S3015h,0.0,0.0
2025-08,Еліпс,S3015h,4.0,1.4819976
2025-09,Еліпс,S3015h,0.0,0.0
2025-10,Еліпс,S3015h,0.0,0.0
2025-11,Еліпс,S3015h,2.0,2.388079
2025-12,Еліпс,S3015h,0.0,0.0
2026-01,Еліпс,S3015h,1.0,1.7490143
2026-02,Еліпс,S3015h,0.0,0.0
2025-07,Епіцентр,S3015h,17.0,11.71911
2025-08,Епіцентр,S3015h,7.0,16.401613
2025-09,Епіцентр,S3015h,10.0,11.657446
2025-10,Епіцентр,S3015h,9.0,12.186303
2025-11,Епіцентр,S3015h,10.0,12.023181
2025-12,Епіцентр,S3015h,29.0,19.345667
2026-01,Епіцентр,S3015h,17.0,17.221914
2026-02,Епіцентр,S3015h,6.0,5.9088554
2025-07,Клас,S3015h,0.0,1.9194298
2025-08,Клас,S3015h,0.0,1.5271937
2025-09,Клас,S3015h,1.0,1.4870108
2025-10,Клас,S3015h,0.0,1.433533
2025-11,Клас,S3015h,1.0,1.1862367
2025-12,Клас,S3015h,2.0,3.070763
2026-01,Клас,S3015h,4.0,1.2151213
2026-02,Клас,S3015h,2.0,2.125554
2025-07,Кот ФОП,S3015h,0.0,0.0
2025-08,Кот ФОП,S3015h,0.0,0.0
2025-09,Кот ФОП,S3015h,0.0,0.0
2025-10,Кот ФОП,S3015h,2.0,1.4715314
2025-11,Кот ФОП,S3015h,1.0,1.9558005
2025-12,Кот ФОП,S3015h,0.0,0.0
2026-01,Кот ФОП,S3015h,0.0,0.0
2026-02,Кот ФОП,S3015h,0.0,0.0
2025-07,МайПлей,S3015h,3.0,3.293538
2025-08,МайПлей,S3015h,6.0,2.9573245
2025-09,МайПлей,S3015h,0.0,3.1560888
2025-10,МайПлей,S3015h,2.0,2.492582
2025-11,МайПлей,S3015h,1.0,2.5277784
2025-12,МайПлей,S3015h,1.0,4.532563
2026-01,МайПлей,S3015h,1.0,2.4558036
2026-02,МайПлей,S3015h,1.0,1.2968953
2025-07,Мегамаркет,S3015h,2.0,2.130428
2025-08,Мегамаркет,S3015h,3.0,1.7109057
2025-09,Мегамаркет,S3015h,0.0,2.8143816
2025-10,Мегамаркет,S3015h,1.0,2.0837224
2025-11,Мегамаркет,S3015h,1.0,2.5908794
2025-12,Мегамаркет,S3015h,2.0,2.792675
2026-01,Мегамаркет,S3015h,0.0,0.022784976
2026-02,Мегамаркет,S3015h,2.0,1.7754279
2025-07,Монако,S3015h,2.0,3.004493
2025-08,Монако,S3015h,0.0,0.0
2025-09,Монако,S3015h,2.0,3.081792
2025-10,Монако,S3015h,2.0,2.710672
2025-11,Монако,S3015h,3.0,3.3203013
2025-12,Монако,S3015h,0.0,0.0
2026-01,Монако,S3015h,3.0,1.8876014
2026-02,Монако,S3015h,0.0,0.0
2025-07,Новая Лінія,S3015h,2.0,0.59723735
2025-08,Новая Лінія,S3015h,1.0,0.50990206
2025-09,Новая Лінія,S3015h,1.0,0.85585815
2025-10,Новая Лінія,S3015h,0.0,1.3805568
2025-11,Новая Лінія,S3015h,1.0,0.5362224
2025-12,Новая Лінія,S3015h,2.0,0.9804926
2026-01,Новая Лінія,S3015h,0.0,0.010499739
2026-02,Новая Лінія,S3015h,0.0,0.0
2025-07,РОСТ,S3015h,2.0,1.1196793
2025-08,РОСТ,S3015h,2.0,1.8107958
2025-09,РОСТ,S3015h,1.0,1.8826265
2025-10,РОСТ,S3015h,4.0,2.02452
2025-11,РОСТ,S3015h,2.0,2.5783207
2025-12,РОСТ,S3015h,1.0,3.8174655
2026-01,РОСТ,S3015h,1.0,1.5088278
2026-02,РОСТ,S3015h,0.0,0.0
2025-07,Росицька ФОП,S3015h,1.0,0.38067776
2025-08,Росицька ФОП,S3015h,0.0,0.49757618
2025-09,Росицька ФОП,S3015h,0.0,0.42447442
2025-10,Росицька ФОП,S3015h,0.0,0.42671898
2025-11,Росицька ФОП,S3015h,1.0,0.47963327
2025-12,Росицька ФОП,S3015h,0.0,1.1487439
2026-01,Росицька ФОП,S3015h,0.0,0.55643135
2026-02,Росицька ФОП,S3015h,2.0,0.16882661
2025-07,Смайл,S3015h,1.0,1.0621384
2025-08,Смайл,S3015h,0.0,0.0
2025-09,Смайл,S3015h,2.0,1.3526303
2025-10,Смайл,S3015h,0.0,0.0
2025-11,Смайл,S3015h,2.0,1.7346337
2025-12,Смайл,S3015h,0.0,0.0
2026-01,Смайл,S3015h,2.0,1.0836121
2026-02,Смайл,S3015h,0.0,0.0
2025-07,СмартТойс,S3015h,0.0,0.0
2025-08,СмартТойс,S3015h,2.0,1.4993035
2025-09,СмартТойс,S3015h,0.0,0.0
2025-10,СмартТойс,S3015h,2.0,1.641486
2025-11,СмартТойс,S3015h,0.0,0.0
2025-12,СмартТойс,S3015h,0.0,0.0
2026-01,СмартТойс,S3015h,0.0,0.0
2026-02,СмартТойс,S3015h,0.0,0.0
2025-07,Смік,S3015h,2.0,2.7687786
2025-08,Смік,S3015h,2.0,2.444813
2025-09,Смік,S3015h,2.0,3.3746803
2025-10,Смік,S3015h,3.0,3.7863934
2025-11,Смік,S3015h,4.0,3.2386281
2025-12,Смік,S3015h,5.0,4.0390296
2026-01,Смік,S3015h,0.0,0.0
2026-02,Смік,S3015h,3.0,1.5268186
2025-07,Таврія,S3015h,3.0,2.5957344
2025-08,Таврія,S3015h,3.0,2.4205616
2025-09,Таврія,S3015h,1.0,3.197877
2025-10,Таврія,S3015h,1.0,2.6161902
2025-11,Таврія,S3015h,0.0,1.9476476
2025-12,Таврія,S3015h,0.0,1.5611211
2026-01,Таврія,S3015h,1.0,0.9731212
2026-02,Таврія,S3015h,1.0,1.2145568
2025-07,Юпіджи,S3015h,3.0,3.3902416
2025-08,Юпіджи,S3015h,7.0,3.6765842
2025-09,Юпіджи,S3015h,4.0,4.7079067
2025-10,Юпіджи,S3015h,1.0,4.4582443
2025-11,Юпіджи,S3015h,0.0,3.275813
2025-12,Юпіджи,S3015h,3.0,2.0194848
2026-01,Юпіджи,S3015h,2.0,1.819141
2026-02,Юпіджи,S3015h,1.0,1.5919031
2025-07,ІМ-Кідіс,S3018h,0.0,0.81309247
2025-08,ІМ-Кідіс,S3018h,0.0,1.4661479
2025-09,ІМ-Кідіс,S3018h,0.0,0.604254
2025-10,ІМ-Кідіс,S3018h,0.0,0.54074645
2025-11,ІМ-Кідіс,S3018h,0.0,0.6445986
2025-12,ІМ-Кідіс,S3018h,0.0,1.3078896
2026-01,ІМ-Кідіс,S3018h,0.0,0.045558322
2026-02,ІМ-Кідіс,S3018h,0.0,0.10944718
2025-07,ІМ-МауДау,S3018h,0.0,0.12269059
2025-08,ІМ-МауДау,S3018h,2.0,1.0603786
2025-09,ІМ-МауДау,S3018h,0.0,0.127128
2025-10,ІМ-МауДау,S3018h,0.0,1.2387124
2025-11,ІМ-МауДау,S3018h,2.0,1.3366005
2025-12,ІМ-МауДау,S3018h,5.0,3.5979822
2026-01,ІМ-МауДау,S3018h,0.0,0.627077
2026-02,ІМ-МауДау,S3018h,0.0,0.31062943
2025-07,ІМ-Розетка,S3018h,8.0,10.686796
2025-08,ІМ-Розетка,S3018h,7.0,9.114453
2025-09,ІМ-Розетка,S3018h,8.0,8.025504
2025-10,ІМ-Розетка,S3018h,14.0,11.133187
2025-11,ІМ-Розетка,S3018h,9.0,14.67907
2025-12,ІМ-Розетка,S3018h,14.0,24.77976
2026-01,ІМ-Розетка,S3018h,0.0,0.0
2026-02,ІМ-Розетка,S3018h,0.0,0.0
2025-07,Акварель,S3018h,16.0,16.886591
2025-08,Акварель,S3018h,19.0,14.800577
2025-09,Акварель,S3018h,17.0,18.662516
2025-10,Акварель,S3018h,19.0,21.187073
2025-11,Акварель,S3018h,25.0,23.600132
2025-12,Акварель,S3018h,31.0,45.19185
2026-01,Акварель,S3018h,17.0,15.245084
2026-02,Акварель,S3018h,20.0,6.5453095
2025-07,Антошка,S3018h,0.0,2.1769652
2025-08,Антошка,S3018h,3.0,4.517761
2025-09,Антошка,S3018h,2.0,3.4171815
2025-10,Антошка,S3018h,11.0,2.3661032
2025-11,Антошка,S3018h,32.0,5.115618
2025-12,Антошка,S3018h,11.0,29.264572
2026-01,Антошка,S3018h,3.0,3.2934384
2026-02,Антошка,S3018h,4.0,1.9805409
2025-07,БІ,S3018h,33.0,30.25588
2025-08,БІ,S3018h,26.0,31.619862
2025-09,БІ,S3018h,34.0,32.101536
2025-10,БІ,S3018h,48.0,37.769005
2025-11,БІ,S3018h,72.0,48.050686
2025-12,БІ,S3018h,67.0,88.75933
2026-01,БІ,S3018h,42.0,24.525902
2026-02,БІ,S3018h,26.0,15.06712
2025-07,Белес,S3018h,9.0,5.040483
2025-08,Белес,S3018h,24.0,6.7654796
2025-09,Белес,S3018h,0.0,11.781326
2025-10,Белес,S3018h,15.0,7.6437755
2025-11,Белес,S3018h,5.0,13.116766
2025-12,Белес,S3018h,10.0,16.749487
2026-01,Белес,S3018h,0.0,1.1782254
2026-02,Белес,S3018h,0.0,0.0
2025-07,Віват Канцелярія,S3018h,5.0,5.530442
2025-08,Віват Канцелярія,S3018h,9.0,4.967116
2025-09,Віват Канцелярія,S3018h,4.0,6.9349236
2025-10,Віват Канцелярія,S3018h,8.0,7.4571943
2025-11,Віват Канцелярія,S3018h,15.0,7.9033184
2025-12,Віват Канцелярія,S3018h,16.0,18.310995
2026-01,Віват Канцелярія,S3018h,3.0,6.271416
2026-02,Віват Канцелярія,S3018h,0.0,0.0
2025-07,Еліпс,S3018h,0.0,0.0
2025-08,Еліпс,S3018h,4.0,1.29611
2025-09,Еліпс,S3018h,0.0,0.0
2025-10,Еліпс,S3018h,0.0,0.0
2025-11,Еліпс,S3018h,1.0,2.6063325
2025-12,Еліпс,S3018h,0.0,0.0
2026-01,Еліпс,S3018h,0.0,0.0
2026-02,Еліпс,S3018h,0.0,0.0
2025-07,Епіцентр,S3018h,28.0,10.811702
2025-08,Епіцентр,S3018h,17.0,18.866156
2025-09,Епіцентр,S3018h,17.0,17.025936
2025-10,Епіцентр,S3018h,15.0,21.779835
2025-11,Епіцентр,S3018h,44.0,21.339361
2025-12,Епіцентр,S3018h,32.0,66.5392
2026-01,Епіцентр,S3018h,23.0,16.84996
2026-02,Епіцентр,S3018h,8.0,8.245192
2025-07,Клас,S3018h,1.0,1.1637386
2025-08,Клас,S3018h,0.0,1.3009576
2025-09,Клас,S3018h,0.0,2.1202974
2025-10,Клас,S3018h,2.0,1.997141
2025-11,Клас,S3018h,2.0,2.7091608
2025-12,Клас,S3018h,2.0,3.0910378
2026-01,Клас,S3018h,4.0,1.1116072
2026-02,Клас,S3018h,3.0,1.687902
2025-07,Кот ФОП,S3018h,0.0,0.0
2025-08,Кот ФОП,S3018h,0.0,0.0
2025-09,Кот ФОП,S3018h,0.0,0.0
2025-10,Кот ФОП,S3018h,7.0,1.6695474
2025-11,Кот ФОП,S3018h,0.0,0.0
2025-12,Кот ФОП,S3018h,0.0,0.0
2026-01,Кот ФОП,S3018h,0.0,0.0
2026-02,Кот ФОП,S3018h,0.0,0.0
2025-07,МайПлей,S3018h,0.0,1.6491355
2025-08,МайПлей,S3018h,4.0,1.3297106
2025-09,МайПлей,S3018h,1.0,1.477451
2025-10,МайПлей,S3018h,4.0,2.627879
2025-11,МайПлей,S3018h,3.0,2.455446
2025-12,МайПлей,S3018h,0.0,0.0
2026-01,МайПлей,S3018h,0.0,0.0
2026-02,МайПлей,S3018h,0.0,0.0
2025-07,Мегамаркет,S3018h,2.0,1.2547572
2025-08,Мегамаркет,S3018h,0.0,1.1346086
2025-09,Мегамаркет,S3018h,0.0,1.2026888
2025-10,Мегамаркет,S3018h,3.0,1.285783
2025-11,Мегамаркет,S3018h,1.0,1.9118874
2025-12,Мегамаркет,S3018h,1.0,3.3570096
2026-01,Мегамаркет,S3018h,0.0,0.0
2026-02,Мегамаркет,S3018h,0.0,0.0
2025-07,Монако,S3018h,2.0,2.0690534
2025-08,Монако,S3018h,0.0,0.0
2025-09,Монако,S3018h,3.0,2.4832819
2025-10,Монако,S3018h,3.0,3.2670507
2025-11,Монако,S3018h,3.0,3.2215955
2025-12,Монако,S3018h,0.0,0.0
2026-01,Монако,S3018h,0.0,0.0
2026-02,Монако,S3018h,0.0,0.0
2025-07,Новая Лінія,S3018h,4.0,0.34742278
2025-08,Новая Лінія,S3018h,2.0,0.45685685
2025-09,Новая Лінія,S3018h,1.0,1.3615841
2025-10,Новая Лінія,S3018h,0.0,2.3261473
2025-11,Новая Лінія,S3018h,0.0,1.2346464
2025-12,Новая Лінія,S3018h,1.0,1.6401387
2026-01,Новая Лінія,S3018h,2.0,1.0282676
2026-02,Новая Лінія,S3018h,1.0,1.2631849
2025-07,РОСТ,S3018h,7.0,2.2180135
2025-08,РОСТ,S3018h,2.0,3.1118426
2025-09,РОСТ,S3018h,4.0,3.1554155
2025-10,РОСТ,S3018h,4.0,5.028933
2025-11,РОСТ,S3018h,4.0,4.434512
2025-12,РОСТ,S3018h,2.0,7.9556384
2026-01,РОСТ,S3018h,8.0,2.499493
2026-02,РОСТ,S3018h,1.0,1.9367073
2025-07,Росицька ФОП,S3018h,0.0,0.3853025
2025-08,Росицька ФОП,S3018h,0.0,0.37770435
2025-09,Росицька ФОП,S3018h,1.0,0.39115104
2025-10,Росицька ФОП,S3018h,0.0,0.631973
2025-11,Росицька ФОП,S3018h,2.0,0.76155525
2025-12,Росицька ФОП,S3018h,1.0,1.7614264
2026-01,Росицька ФОП,S3018h,0.0,0.0
2026-02,Росицька ФОП,S3018h,1.0,0.83342916
2025-07,Смайл,S3018h,1.0,1.066316
2025-08,Смайл,S3018h,0.0,0.0
2025-09,Смайл,S3018h,2.0,1.2396827
2025-10,Смайл,S3018h,1.0,1.5295662
2025-11,Смайл,S3018h,2.0,1.3555341
2025-12,Смайл,S3018h,0.0,0.0
2026-01,Смайл,S3018h,0.0,0.0
2026-02,Смайл,S3018h,0.0,0.0
2025-07,СмартТойс,S3018h,0.0,0.0
2025-08,СмартТойс,S3018h,3.0,1.4976487
2025-09,СмартТойс,S3018h,0.0,0.0
2025-10,СмартТойс,S3018h,0.0,0.0
2025-11,СмартТойс,S3018h,0.0,0.0
2025-12,СмартТойс,S3018h,0.0,0.0
2026-01,СмартТойс,S3018h,0.0,0.0
2026-02,СмартТойс,S3018h,0.0,0.0
2025-07,Смік,S3018h,5.0,1.9457709
2025-08,Смік,S3018h,2.0,2.207737
2025-09,Смік,S3018h,0.0,2.974055
2025-10,Смік,S3018h,2.0,3.9281569
2025-11,Смік,S3018h,5.0,3.3029764
2025-12,Смік,S3018h,6.0,6.467388
2026-01,Смік,S3018h,3.0,2.010576
2026-02,Смік,S3018h,1.0,1.6974704
2025-07,Співробітники,S3018h,0.0,0.0
2025-08,Співробітники,S3018h,0.0,0.0
2025-09,Співробітники,S3018h,0.0,0.0
2025-10,Співробітники,S3018h,0.0,0.0
2025-11,Співробітники,S3018h,0.0,0.0
2025-12,Співробітники,S3018h,0.0,0.06046558
2026-01,Співробітники,S3018h,0.0,0.0
2026-02,Співробітники,S3018h,0.0,0.0
2025-07,Супрун ФОП,S3018h,2.0,1.4310664
2025-08,Супрун ФОП,S3018h,0.0,0.0
2025-09,Супрун ФОП,S3018h,0.0,0.0
2025-10,Супрун ФОП,S3018h,0.0,0.0
2025-11,Супрун ФОП,S3018h,0.0,0.0
2025-12,Супрун ФОП,S3018h,0.0,0.0
2026-01,Супрун ФОП,S3018h,0.0,0.0
2026-02,Супрун ФОП,S3018h,0.0,0.013968496
2025-07,Таврія,S3018h,0.0,1.5555702
2025-08,Таврія,S3018h,3.0,1.0468465
2025-09,Таврія,S3018h,1.0,1.9004645
2025-10,Таврія,S3018h,1.0,2.2029138
2025-11,Таврія,S3018h,3.0,1.9116819
2025-12,Таврія,S3018h,2.0,2.3810463
2026-01,Таврія,S3018h,1.0,1.3047926
2026-02,Таврія,S3018h,1.0,1.540921
2025-07,Юпіджи,S3018h,5.0,2.7488458
2025-08,Юпіджи,S3018h,11.0,2.672688
2025-09,Юпіджи,S3018h,4.0,4.0802684
2025-10,Юпіджи,S3018h,4.0,5.8842697
2025-11,Юпіджи,S3018h,0.0,5.2977066
2025-12,Юпіджи,S3018h,0.0,0.0
2026-01,Юпіджи,S3018h,0.0,0.0
2026-02,Юпіджи,S3018h,3.0,1.1890094
2025-07,ІМ-Кідіс,S3026h,0.0,0.7429506
2025-08,ІМ-Кідіс,S3026h,0.0,0.45689097
2025-09,ІМ-Кідіс,S3026h,0.0,0.42454425
2025-10,ІМ-Кідіс,S3026h,0.0,0.39943463
2025-11,ІМ-Кідіс,S3026h,1.0,0.27106792
2025-12,ІМ-Кідіс,S3026h,0.0,0.5842309
2026-01,ІМ-Кідіс,S3026h,0.0,0.15245892
2026-02,ІМ-Кідіс,S3026h,0.0,0.12950549
2025-07,ІМ-Розетка,S3026h,6.0,6.981938
2025-08,ІМ-Розетка,S3026h,6.0,10.594154
2025-09,ІМ-Розетка,S3026h,4.0,9.526623
2025-10,ІМ-Розетка,S3026h,1.0,7.054473
2025-11,ІМ-Розетка,S3026h,1.0,1.7403355
2025-12,ІМ-Розетка,S3026h,2.0,6.9189625
2026-01,ІМ-Розетка,S3026h,4.0,3.5101821
2026-02,ІМ-Розетка,S3026h,0.0,0.0
2025-07,Акварель,S3026h,14.0,15.458701
2025-08,Акварель,S3026h,19.0,15.854168
2025-09,Акварель,S3026h,13.0,19.664764
2025-10,Акварель,S3026h,17.0,16.116362
2025-11,Акварель,S3026h,18.0,18.114388
2025-12,Акварель,S3026h,31.0,35.074192
2026-01,Акварель,S3026h,16.0,20.573778
2026-02,Акварель,S3026h,10.0,7.7866616
2025-07,БІ,S3026h,23.0,24.031155
2025-08,БІ,S3026h,12.0,26.090536
2025-09,БІ,S3026h,25.0,21.20531
2025-10,БІ,S3026h,24.0,26.284472
2025-11,БІ,S3026h,25.0,30.659443
2025-12,БІ,S3026h,43.0,56.997322
2026-01,БІ,S3026h,41.0,35.512775
2026-02,БІ,S3026h,26.0,18.225153
2025-07,Белес,S3026h,7.0,4.74927
2025-08,Белес,S3026h,0.0,0.0
2025-09,Белес,S3026h,0.0,7.3154235
2025-10,Белес,S3026h,0.0,0.0
2025-11,Белес,S3026h,0.0,0.0
2025-12,Белес,S3026h,0.0,0.0
2026-01,Белес,S3026h,0.0,0.0
2026-02,Белес,S3026h,0.0,0.03143304
2025-07,Віват Канцелярія,S3026h,5.0,3.701223
2025-08,Віват Канцелярія,S3026h,5.0,4.381685
2025-09,Віват Канцелярія,S3026h,4.0,5.549759
2025-10,Віват Канцелярія,S3026h,1.0,4.7089653
2025-11,Віват Канцелярія,S3026h,2.0,3.6991768
2025-12,Віват Канцелярія,S3026h,17.0,6.523962
2026-01,Віват Канцелярія,S3026h,7.0,3.984803
2026-02,Віват Канцелярія,S3026h,0.0,0.0
2025-07,Еліпс,S3026h,0.0,0.0
2025-08,Еліпс,S3026h,3.0,1.472335
2025-09,Еліпс,S3026h,0.0,0.0
2025-10,Еліпс,S3026h,2.0,2.0081367
2025-11,Еліпс,S3026h,0.0,0.0
2025-12,Еліпс,S3026h,0.0,0.0
2026-01,Еліпс,S3026h,0.0,0.0
2026-02,Еліпс,S3026h,0.0,0.0
2025-07,Епіцентр,S3026h,25.0,13.417901
2025-08,Епіцентр,S3026h,18.0,22.938297
2025-09,Епіцентр,S3026h,12.0,20.643879
2025-10,Епіцентр,S3026h,7.0,16.255798
2025-11,Епіцентр,S3026h,25.0,13.516758
2025-12,Епіцентр,S3026h,28.0,41.507244
2026-01,Епіцентр,S3026h,9.0,26.786713
2026-02,Епіцентр,S3026h,12.0,5.430352
2025-07,Клас,S3026h,2.0,2.3003576
2025-08,Клас,S3026h,1.0,1.5092363
2025-09,Клас,S3026h,0.0,2.6619818
2025-10,Клас,S3026h,1.0,2.5016558
2025-11,Клас,S3026h,1.0,1.7490467
2025-12,Клас,S3026h,3.0,4.425091
2026-01,Клас,S3026h,3.0,2.5804498
2026-02,Клас,S3026h,0.0,0.0
2025-07,МайПлей,S3026h,0.0,2.4591546
2025-08,МайПлей,S3026h,9.0,1.986068
2025-09,МайПлей,S3026h,1.0,3.0016634
2025-10,МайПлей,S3026h,2.0,3.117525
2025-11,МайПлей,S3026h,1.0,2.784769
2025-12,МайПлей,S3026h,0.0,4.1443424
2026-01,МайПлей,S3026h,1.0,1.8198496
2026-02,МайПлей,S3026h,2.0,0.9760968
2025-07,Мегамаркет,S3026h,0.0,1.775757
2025-08,Мегамаркет,S3026h,0.0,0.6477715
2025-09,Мегамаркет,S3026h,3.0,0.6547735
2025-10,Мегамаркет,S3026h,3.0,1.8639112
2025-11,Мегамаркет,S3026h,0.0,2.3913615
2025-12,Мегамаркет,S3026h,3.0,3.011522
2026-01,Мегамаркет,S3026h,1.0,2.2290742
2026-02,Мегамаркет,S3026h,2.0,1.9286946
2025-07,Монако,S3026h,2.0,3.5339267
2025-08,Монако,S3026h,0.0,0.0
2025-09,Монако,S3026h,2.0,3.5328822
2025-10,Монако,S3026h,3.0,2.9655817
2025-11,Монако,S3026h,2.0,2.9825509
2025-12,Монако,S3026h,0.0,0.0
2026-01,Монако,S3026h,3.0,1.8523266
2026-02,Монако,S3026h,0.0,0.0
2025-07,Новая Лінія,S3026h,3.0,0.44164905
2025-08,Новая Лінія,S3026h,3.0,0.67270714
2025-09,Новая Лінія,S3026h,1.0,1.9164016
2025-10,Новая Лінія,S3026h,1.0,2.6892612
2025-11,Новая Лінія,S3026h,1.0,1.9243516
2025-12,Новая Лінія,S3026h,2.0,1.5347524
2026-01,Новая Лінія,S3026h,0.0,0.013339857
2026-02,Новая Лінія,S3026h,0.0,0.0
2025-07,РОСТ,S3026h,4.0,3.4652748
2025-08,РОСТ,S3026h,3.0,4.6429315
2025-09,РОСТ,S3026h,2.0,5.1995764
2025-10,РОСТ,S3026h,0.0,3.565029
2025-11,РОСТ,S3026h,5.0,2.2400484
2025-12,РОСТ,S3026h,2.0,3.8955564
2026-01,РОСТ,S3026h,8.0,4.8905983
2026-02,РОСТ,S3026h,3.0,2.2903652
2025-07,Росицька ФОП,S3026h,1.0,0.45103657
2025-08,Росицька ФОП,S3026h,0.0,0.47553787
2025-09,Росицька ФОП,S3026h,0.0,0.4007903
2025-10,Росицька ФОП,S3026h,1.0,0.42701614
2025-11,Росицька ФОП,S3026h,0.0,0.411627
2025-12,Росицька ФОП,S3026h,0.0,0.9808346
2026-01,Росицька ФОП,S3026h,0.0,0.0
2026-02,Росицька ФОП,S3026h,1.0,0.6260441
2025-07,Смайл,S3026h,1.0,1.0767815
2025-08,Смайл,S3026h,0.0,0.0
2025-09,Смайл,S3026h,2.0,1.3586622
2025-10,Смайл,S3026h,0.0,0.0
2025-11,Смайл,S3026h,2.0,1.702824
2025-12,Смайл,S3026h,0.0,0.0
2026-01,Смайл,S3026h,1.0,1.0556263
2026-02,Смайл,S3026h,0.0,0.0
2025-07,Смік,S3026h,0.0,2.90869
2025-08,Смік,S3026h,4.0,2.054283
2025-09,Смік,S3026h,0.0,4.22496
2025-10,Смік,S3026h,1.0,3.9955816
2025-11,Смік,S3026h,5.0,2.3349051
2025-12,Смік,S3026h,4.0,3.9540887
2026-01,Смік,S3026h,1.0,2.2770674
2026-02,Смік,S3026h,3.0,1.5088477
2025-07,Співробітники,S3026h,0.0,0.0
2025-08,Співробітники,S3026h,0.0,0.0
2025-09,Співробітники,S3026h,0.0,0.0
2025-10,Співробітники,S3026h,2.0,1.3196115
2025-11,Співробітники,S3026h,0.0,0.0
2025-12,Співробітники,S3026h,0.0,0.0
2026-01,Співробітники,S3026h,0.0,0.0
2026-02,Співробітники,S3026h,0.0,0.0
2025-07,Супрун ФОП,S3026h,2.0,2.301992
2025-08,Супрун ФОП,S3026h,0.0,0.0
2025-09,Супрун ФОП,S3026h,1.0,2.0797486
2025-10,Супрун ФОП,S3026h,3.0,1.6611236
2025-11,Супрун ФОП,S3026h,0.0,0.0
2025-12,Супрун ФОП,S3026h,0.0,0.0
2026-01,Супрун ФОП,S3026h,0.0,0.0
2026-02,Супрун ФОП,S3026h,0.0,0.0
2025-07,Таврія,S3026h,0.0,2.155445
2025-08,Таврія,S3026h,5.0,1.0487815
2025-09,Таврія,S3026h,1.0,3.794726
2025-10,Таврія,S3026h,2.0,2.6704836
2025-11,Таврія,S3026h,3.0,2.3201003
2025-12,Таврія,S3026h,4.0,2.5463612
2026-01,Таврія,S3026h,0.0,0.0
2026-02,Таврія,S3026h,3.0,1.395559
2025-07,Трітон,S3026h,0.0,0.0
2025-08,Трітон,S3026h,1.0,1.8873758
2025-09,Трітон,S3026h,0.0,0.0
2025-10,Трітон,S3026h,0.0,0.0
2025-11,Трітон,S3026h,0.0,0.0
2025-12,Трітон,S3026h,0.0,0.0
2026-01,Трітон,S3026h,1.0,1.0178225
2026-02,Трітон,S3026h,0.0,0.0
2025-07,ІМ-Розетка,S3031h,7.0,4.3232527
2025-08,ІМ-Розетка,S3031h,5.0,7.1839967
2025-09,ІМ-Розетка,S3031h,17.0,7.2074533
2025-10,ІМ-Розетка,S3031h,6.0,13.122047
2025-11,ІМ-Розетка,S3031h,2.0,9.640058
2025-12,ІМ-Розетка,S3031h,5.0,19.098331
2026-01,ІМ-Розетка,S3031h,0.0,0.065548174
2026-02,ІМ-Розетка,S3031h,4.0,2.208418
2025-07,Акварель,S3031h,14.0,19.01579
2025-08,Акварель,S3031h,19.0,18.543736
2025-09,Акварель,S3031h,8.0,18.292702
2025-10,Акварель,S3031h,25.0,15.167731
2025-11,Акварель,S3031h,21.0,24.040699
2025-12,Акварель,S3031h,30.0,42.869766
2026-01,Акварель,S3031h,14.0,20.913284
2026-02,Акварель,S3031h,12.0,7.225012
2025-07,БІ,S3031h,6.0,10.310124
2025-08,БІ,S3031h,14.0,16.258486
2025-09,БІ,S3031h,15.0,20.63669
2025-10,БІ,S3031h,20.0,20.570818
2025-11,БІ,S3031h,24.0,27.285677
2025-12,БІ,S3031h,57.0,53.595104
2026-01,БІ,S3031h,26.0,23.709742
2026-02,БІ,S3031h,19.0,15.519091
2025-07,Белес,S3031h,9.0,7.984274
2025-08,Белес,S3031h,22.0,9.385741
2025-09,Белес,S3031h,0.0,18.865623
2025-10,Белес,S3031h,0.0,7.184682
2025-11,Белес,S3031h,0.0,0.0
2025-12,Белес,S3031h,0.0,0.0
2026-01,Белес,S3031h,0.0,0.0
2026-02,Белес,S3031h,0.0,0.034124836
2025-07,Віват Канцелярія,S3031h,5.0,4.322424
2025-08,Віват Канцелярія,S3031h,13.0,6.595651
2025-09,Віват Канцелярія,S3031h,3.0,9.171806
2025-10,Віват Канцелярія,S3031h,4.0,6.8370433
2025-11,Віват Канцелярія,S3031h,11.0,7.699893
2025-12,Віват Канцелярія,S3031h,20.0,14.867767
2026-01,Віват Канцелярія,S3031h,8.0,6.696626
2026-02,Віват Канцелярія,S3031h,0.0,0.0
2025-07,Еліпс,S3031h,0.0,0.0
2025-08,Еліпс,S3031h,1.0,1.465987
2025-09,Еліпс,S3031h,1.0,1.3942717
2025-10,Еліпс,S3031h,2.0,1.6919773
2025-11,Еліпс,S3031h,2.0,1.7008196
2025-12,Еліпс,S3031h,1.0,2.0702999
2026-01,Еліпс,S3031h,1.0,1.1457548
2026-02,Еліпс,S3031h,0.0,0.0
2025-07,Епіцентр,S3031h,27.0,9.702656
2025-08,Епіцентр,S3031h,16.0,22.848604
2025-09,Епіцентр,S3031h,29.0,16.732048
2025-10,Епіцентр,S3031h,9.0,25.269173
2025-11,Епіцентр,S3031h,20.0,16.113518
2025-12,Епіцентр,S3031h,36.0,49.61486
2026-01,Епіцентр,S3031h,22.0,23.696066
2026-02,Епіцентр,S3031h,8.0,8.430107
2025-07,Клас,S3031h,0.0,0.8604551
2025-08,Клас,S3031h,1.0,0.83796567
2025-09,Клас,S3031h,0.0,1.3555653
2025-10,Клас,S3031h,2.0,1.3819889
2025-11,Клас,S3031h,1.0,1.526024
2025-12,Клас,S3031h,7.0,3.5247414
2026-01,Клас,S3031h,4.0,2.8682861
2026-02,Клас,S3031h,3.0,2.6985638
2025-07,Кот ФОП,S3031h,0.0,0.0
2025-08,Кот ФОП,S3031h,0.0,0.0
2025-09,Кот ФОП,S3031h,0.0,0.0
2025-10,Кот ФОП,S3031h,4.0,1.4426457
2025-11,Кот ФОП,S3031h,0.0,0.0
2025-12,Кот ФОП,S3031h,0.0,0.0
2026-01,Кот ФОП,S3031h,0.0,0.0
2026-02,Кот ФОП,S3031h,0.0,0.0
2025-07,МайПлей,S3031h,2.0,1.4035289
2025-08,МайПлей,S3031h,3.0,1.7492528
2025-09,МайПлей,S3031h,3.0,1.8599185
2025-10,МайПлей,S3031h,1.0,2.959031
2025-11,МайПлей,S3031h,0.0,2.37748
2025-12,МайПлей,S3031h,1.0,4.2702794
2026-01,МайПлей,S3031h,1.0,1.9583825
2026-02,МайПлей,S3031h,1.0,1.1186115
2025-07,Мегамаркет,S3031h,1.0,0.65825856
2025-08,Мегамаркет,S3031h,2.0,0.8746081
2025-09,Мегамаркет,S3031h,0.0,1.1197075
2025-10,Мегамаркет,S3031h,2.0,0.90359044
2025-11,Мегамаркет,S3031h,3.0,1.3179847
2025-12,Мегамаркет,S3031h,1.0,2.3894038
2026-01,Мегамаркет,S3031h,0.0,0.0
2026-02,Мегамаркет,S3031h,1.0,2.0112197
2025-07,Монако,S3031h,2.0,1.6426629
2025-08,Монако,S3031h,0.0,0.0
2025-09,Монако,S3031h,2.0,1.8944116
2025-10,Монако,S3031h,2.0,2.1547754
2025-11,Монако,S3031h,3.0,2.504629
2025-12,Монако,S3031h,0.0,0.0
2026-01,Монако,S3031h,0.0,0.0
2026-02,Монако,S3031h,0.0,0.0
2025-07,РОСТ,S3031h,4.0,2.475114
2025-08,РОСТ,S3031h,6.0,3.7191014
2025-09,РОСТ,S3031h,7.0,5.0643306
2025-10,РОСТ,S3031h,4.0,6.2554865
2025-11,РОСТ,S3031h,9.0,6.281599
2025-12,РОСТ,S3031h,4.0,9.748967
2026-01,РОСТ,S3031h,17.0,6.1174126
2026-02,РОСТ,S3031h,1.0,6.5847797
2025-07,Росицька ФОП,S3031h,0.0,0.35148287
2025-08,Росицька ФОП,S3031h,0.0,0.38840523
2025-09,Росицька ФОП,S3031h,0.0,0.39119276
2025-10,Росицька ФОП,S3031h,0.0,0.4275384
2025-11,Росицька ФОП,S3031h,1.0,0.38962448
2025-12,Росицька ФОП,S3031h,3.0,1.778076
2026-01,Росицька ФОП,S3031h,0.0,1.1976627
2026-02,Росицька ФОП,S3031h,2.0,0.8142684
2025-07,Супрун ФОП,S3031h,1.0,1.7335676
2025-08,Супрун ФОП,S3031h,0.0,0.0
2025-09,Супрун ФОП,S3031h,0.0,0.0
2025-10,Супрун ФОП,S3031h,5.0,1.9161445
2025-11,Супрун ФОП,S3031h,0.0,0.0
2025-12,Супрун ФОП,S3031h,1.0,2.8863807
2026-01,Супрун ФОП,S3031h,1.0,1.9502404
2026-02,Супрун ФОП,S3031h,0.0,0.0
2025-07,Таврія,S3031h,3.0,1.7432342
2025-08,Таврія,S3031h,4.0,1.9123244
2025-09,Таврія,S3031h,2.0,2.7616765
2025-10,Таврія,S3031h,1.0,2.9035335
2025-11,Таврія,S3031h,3.0,1.9713875
2025-12,Таврія,S3031h,3.0,2.669309
2026-01,Таврія,S3031h,1.0,1.655276
2026-02,Таврія,S3031h,2.0,1.7830714
2025-07,ІМ-Розетка,T4005h,2.0,2.0086384
2025-08,ІМ-Розетка,T4005h,0.0,0.44860518
2025-09,ІМ-Розетка,T4005h,0.0,0.17652951
2025-10,ІМ-Розетка,T4005h,2.0,1.799491
2025-11,ІМ-Розетка,T4005h,0.0,0.6702965
2025-12,ІМ-Розетка,T4005h,0.0,1.2556072
2026-01,ІМ-Розетка,T4005h,0.0,0.0
2026-02,ІМ-Розетка,T4005h,0.0,0.0
2025-07,Акварель,T4005h,9.0,8.68181
2025-08,Акварель,T4005h,10.0,7.363348
2025-09,Акварель,T4005h,4.0,9.201748
2025-10,Акварель,T4005h,10.0,9.494262
2025-11,Акварель,T4005h,16.0,14.955246
2025-12,Акварель,T4005h,28.0,29.445663
2026-01,Акварель,T4005h,9.0,7.3337026
2026-02,Акварель,T4005h,4.0,2.7846212
2025-07,Антошка,T4005h,0.0,1.2016402
2025-08,Антошка,T4005h,1.0,2.167906
2025-09,Антошка,T4005h,1.0,1.8369299
2025-10,Антошка,T4005h,0.0,1.5414631
2025-11,Антошка,T4005h,4.0,0.7483839
2025-12,Антошка,T4005h,8.0,2.790271
2026-01,Антошка,T4005h,5.0,2.1021082
2026-02,Антошка,T4005h,6.0,1.6207995
2025-07,БІ,T4005h,23.0,22.150667
2025-08,БІ,T4005h,8.0,21.710882
2025-09,БІ,T4005h,26.0,13.184326
2025-10,БІ,T4005h,24.0,32.988823
2025-11,БІ,T4005h,44.0,31.45865
2025-12,БІ,T4005h,79.0,91.741875
2026-01,БІ,T4005h,26.0,21.436865
2026-02,БІ,T4005h,19.0,9.090046
2025-07,Віват Канцелярія,T4005h,3.0,2.2185967
2025-08,Віват Канцелярія,T4005h,7.0,2.2635458
2025-09,Віват Канцелярія,T4005h,6.0,2.737441
2025-10,Віват Канцелярія,T4005h,6.0,7.3399973
2025-11,Віват Канцелярія,T4005h,11.0,5.964178
2025-12,Віват Канцелярія,T4005h,13.0,20.97549
2026-01,Віват Канцелярія,T4005h,10.0,5.7039723
2026-02,Віват Канцелярія,T4005h,0.0,0.0
2025-07,Епіцентр,T4005h,9.0,3.7476244
2025-08,Епіцентр,T4005h,4.0,5.732419
2025-09,Епіцентр,T4005h,3.0,6.5672846
2025-10,Епіцентр,T4005h,9.0,7.946576
2025-11,Епіцентр,T4005h,18.0,9.019634
2025-12,Епіцентр,T4005h,32.0,32.070442
2026-01,Епіцентр,T4005h,12.0,9.110366
2026-02,Епіцентр,T4005h,9.0,2.6851294
2025-07,Клас,T4005h,0.0,0.13739772
2025-08,Клас,T4005h,0.0,0.13438465
2025-09,Клас,T4005h,0.0,0.42641467
2025-10,Клас,T4005h,1.0,0.40687716
2025-11,Клас,T4005h,1.0,0.57939035
2025-12,Клас,T4005h,5.0,2.0851853
2026-01,Клас,T4005h,2.0,1.4765089
2026-02,Клас,T4005h,0.0,0.0
2025-07,Кубі,T4005h,1.0,1.5096884
2025-08,Кубі,T4005h,3.0,1.7503866
2025-09,Кубі,T4005h,2.0,2.119263
2025-10,Кубі,T4005h,0.0,0.0
2025-11,Кубі,T4005h,1.0,3.668995
2025-12,Кубі,T4005h,2.0,3.5603967
2026-01,Кубі,T4005h,2.0,1.5653673
2026-02,Кубі,T4005h,0.0,0.0
2025-07,МайПлей,T4005h,2.0,1.2072275
2025-08,МайПлей,T4005h,2.0,1.2404596
2025-09,МайПлей,T4005h,1.0,1.2546284
2025-10,МайПлей,T4005h,2.0,2.606015
2025-11,МайПлей,T4005h,4.0,4.2651997
2025-12,МайПлей,T4005h,10.0,9.419801
2026-01,МайПлей,T4005h,3.0,2.7252624
2026-02,МайПлей,T4005h,3.0,1.4195024
2025-07,Мегамаркет,T4005h,1.0,0.5942976
2025-08,Мегамаркет,T4005h,1.0,0.55026066
2025-09,Мегамаркет,T4005h,0.0,0.6345056
2025-10,Мегамаркет,T4005h,1.0,0.51687443
2025-11,Мегамаркет,T4005h,0.0,0.836897
2025-12,Мегамаркет,T4005h,2.0,1.1050689
2026-01,Мегамаркет,T4005h,0.0,0.015306812
2026-02,Мегамаркет,T4005h,0.0,0.0
2025-07,Монако,T4005h,0.0,0.0
2025-08,Монако,T4005h,0.0,0.0
2025-09,Монако,T4005h,0.0,0.0
2025-10,Монако,T4005h,2.0,1.547302
2025-11,Монако,T4005h,1.0,2.5065222
2025-12,Монако,T4005h,0.0,0.0
2026-01,Монако,T4005h,1.0,1.0585635
2026-02,Монако,T4005h,0.0,0.0
2025-07,Росицька ФОП,T4005h,0.0,0.25359163
2025-08,Росицька ФОП,T4005h,0.0,0.23607717
2025-09,Росицька ФОП,T4005h,0.0,0.36307016
2025-10,Росицька ФОП,T4005h,0.0,0.3768777
2025-11,Росицька ФОП,T4005h,1.0,0.31395668
2025-12,Росицька ФОП,T4005h,1.0,1.2970891
2026-01,Росицька ФОП,T4005h,0.0,0.31319192
2026-02,Росицька ФОП,T4005h,1.0,0.104507536
2025-07,Смік,T4005h,0.0,0.4894528
2025-08,Смік,T4005h,0.0,0.4529663
2025-09,Смік,T4005h,0.0,0.46872082
2025-10,Смік,T4005h,0.0,0.4844793
2025-11,Смік,T4005h,0.0,0.59900105
2025-12,Смік,T4005h,2.0,1.6501483
2026-01,Смік,T4005h,1.0,1.1551247
2026-02,Смік,T4005h,1.0,0.9726394
2025-07,ІМ-Кідіс,T4008h,0.0,0.2492621
2025-08,ІМ-Кідіс,T4008h,1.0,0.29564244
2025-09,ІМ-Кідіс,T4008h,0.0,0.14881365
2025-10,ІМ-Кідіс,T4008h,0.0,0.24507545
2025-11,ІМ-Кідіс,T4008h,1.0,0.24200866
2025-12,ІМ-Кідіс,T4008h,0.0,0.79244965
2026-01,ІМ-Кідіс,T4008h,0.0,0.10587446
2026-02,ІМ-Кідіс,T4008h,0.0,0.102043234
2025-07,ІМ-Розетка,T4008h,4.0,4.0932655
2025-08,ІМ-Розетка,T4008h,4.0,5.659587
2025-09,ІМ-Розетка,T4008h,2.0,5.2885184
2025-10,ІМ-Розетка,T4008h,9.0,6.9554667
2025-11,ІМ-Розетка,T4008h,1.0,7.1936836
2025-12,ІМ-Розетка,T4008h,0.0,4.2847586
2026-01,ІМ-Розетка,T4008h,1.0,1.9410671
2026-02,ІМ-Розетка,T4008h,1.0,1.5170553
2025-07,Акварель,T4008h,5.0,5.22103
2025-08,Акварель,T4008h,10.0,6.0649223
2025-09,Акварель,T4008h,3.0,6.559712
2025-10,Акварель,T4008h,9.0,9.537597
2025-11,Акварель,T4008h,9.0,11.655919
2025-12,Акварель,T4008h,14.0,21.01384
2026-01,Акварель,T4008h,4.0,4.6401644
2026-02,Акварель,T4008h,5.0,2.4204402
2025-07,Антошка,T4008h,4.0,1.5756943
2025-08,Антошка,T4008h,5.0,2.7220802
2025-09,Антошка,T4008h,3.0,4.26248
2025-10,Антошка,T4008h,3.0,3.7694972
2025-11,Антошка,T4008h,8.0,3.6753445
2025-12,Антошка,T4008h,9.0,8.647294
2026-01,Антошка,T4008h,2.0,2.7135448
2026-02,Антошка,T4008h,1.0,1.431682
2025-07,БІ,T4008h,3.0,2.5375152
2025-08,БІ,T4008h,2.0,5.07645
2025-09,БІ,T4008h,3.0,3.1527936
2025-10,БІ,T4008h,5.0,4.6858287
2025-11,БІ,T4008h,10.0,7.1646614
2025-12,БІ,T4008h,9.0,24.499073
2026-01,БІ,T4008h,5.0,4.135311
2026-02,БІ,T4008h,3.0,2.1336255
2025-07,Віват Канцелярія,T4008h,1.0,1.6630155
2025-08,Віват Канцелярія,T4008h,7.0,1.8725145
2025-09,Віват Канцелярія,T4008h,5.0,2.7392313
2025-10,Віват Канцелярія,T4008h,6.0,5.2571216
2025-11,Віват Канцелярія,T4008h,4.0,5.445408
2025-12,Віват Канцелярія,T4008h,17.0,12.296864
2026-01,Віват Канцелярія,T4008h,1.0,4.156576
2026-02,Віват Канцелярія,T4008h,0.0,0.0
2025-07,Епіцентр,T4008h,8.0,2.0763397
2025-08,Епіцентр,T4008h,4.0,4.017208
2025-09,Епіцентр,T4008h,7.0,5.161923
2025-10,Епіцентр,T4008h,5.0,6.1266766
2025-11,Епіцентр,T4008h,5.0,5.662262
2025-12,Епіцентр,T4008h,18.0,16.836584
2026-01,Епіцентр,T4008h,6.0,5.2936587
2026-02,Епіцентр,T4008h,3.0,1.9844908
2025-07,Клас,T4008h,0.0,0.33954662
2025-08,Клас,T4008h,0.0,0.3219169
2025-09,Клас,T4008h,2.0,0.44536862
2025-10,Клас,T4008h,1.0,0.56545264
2025-11,Клас,T4008h,2.0,0.75833875
2025-12,Клас,T4008h,3.0,3.0019581
2026-01,Клас,T4008h,0.0,0.0
2026-02,Клас,T4008h,1.0,0.704419
2025-07,МайПлей,T4008h,0.0,0.62914956
2025-08,МайПлей,T4008h,0.0,0.50952667
2025-09,МайПлей,T4008h,0.0,0.422097
2025-10,МайПлей,T4008h,0.0,0.47882855
2025-11,МайПлей,T4008h,2.0,1.3536334
2025-12,МайПлей,T4008h,3.0,2.4055421
2026-01,МайПлей,T4008h,2.0,1.2310151
2026-02,МайПлей,T4008h,2.0,0.9895247
2025-07,Мегамаркет,T4008h,0.0,0.42593554
2025-08,Мегамаркет,T4008h,1.0,0.41869092
2025-09,Мегамаркет,T4008h,1.0,0.5722503
2025-10,Мегамаркет,T4008h,0.0,0.9329067
2025-11,Мегамаркет,T4008h,0.0,0.5133231
2025-12,Мегамаркет,T4008h,1.0,1.0492874
2026-01,Мегамаркет,T4008h,0.0,0.023379043
2026-02,Мегамаркет,T4008h,0.0,0.0
2025-07,Монако,T4008h,1.0,1.795214
2025-08,Монако,T4008h,0.0,0.0
2025-09,Монако,T4008h,0.0,0.0
2025-10,Монако,T4008h,2.0,1.6714246
2025-11,Монако,T4008h,1.0,2.1198244
2025-12,Монако,T4008h,0.0,0.0
2026-01,Монако,T4008h,1.0,1.1722783
2026-02,Монако,T4008h,0.0,0.0
2025-07,Новая Лінія,T4008h,2.0,0.2745217
2025-08,Новая Лінія,T4008h,0.0,0.44148847
2025-09,Новая Лінія,T4008h,0.0,0.43325147
2025-10,Новая Лінія,T4008h,1.0,0.33157352
2025-11,Новая Лінія,T4008h,2.0,0.3062238
2025-12,Новая Лінія,T4008h,0.0,0.8404276
2026-01,Новая Лінія,T4008h,0.0,0.0
2026-02,Новая Лінія,T4008h,0.0,0.0
2025-07,РОСТ,T4008h,1.0,0.49841502
2025-08,РОСТ,T4008h,0.0,0.6948725
2025-09,РОСТ,T4008h,0.0,0.4888853
2025-10,РОСТ,T4008h,1.0,0.86657786
2025-11,РОСТ,T4008h,0.0,0.84526324
2025-12,РОСТ,T4008h,0.0,1.5168928
2026-01,РОСТ,T4008h,6.0,0.71495754
2026-02,РОСТ,T4008h,0.0,0.0
2025-07,Росицька ФОП,T4008h,0.0,0.2516352
2025-08,Росицька ФОП,T4008h,2.0,0.12806767
2025-09,Росицька ФОП,T4008h,1.0,1.0252877
2025-10,Росицька ФОП,T4008h,0.0,0.98055446
2025-11,Росицька ФОП,T4008h,0.0,0.56369555
2025-12,Росицька ФОП,T4008h,0.0,0.9330759
2026-01,Росицька ФОП,T4008h,1.0,0.017180132
2026-02,Росицька ФОП,T4008h,0.0,0.25079936
2025-07,Смік,T4008h,0.0,0.5111596
2025-08,Смік,T4008h,0.0,0.53714687
2025-09,Смік,T4008h,1.0,0.40190992
2025-10,Смік,T4008h,1.0,0.30622798
2025-11,Смік,T4008h,0.0,0.26078677
2025-12,Смік,T4008h,0.0,0.66558045
2026-01,Смік,T4008h,1.0,0.70809954
2026-02,Смік,T4008h,0.0,0.0
2025-07,Супрун ФОП,T4008h,1.0,1.1417761
2025-08,Супрун ФОП,T4008h,0.0,0.0
2025-09,Супрун ФОП,T4008h,0.0,0.0
2025-10,Супрун ФОП,T4008h,0.0,0.0
2025-11,Супрун ФОП,T4008h,1.0,1.2596235
2025-12,Супрун ФОП,T4008h,1.0,1.7862276
2026-01,Супрун ФОП,T4008h,0.0,0.0
2026-02,Супрун ФОП,T4008h,0.0,0.0
2025-07,Чудо Острів,T4008h,5.0,4.02342
2025-08,Чудо Острів,T4008h,5.0,4.1209993
2025-09,Чудо Острів,T4008h,9.0,4.631839
2025-10,Чудо Острів,T4008h,6.0,6.4153824
2025-11,Чудо Острів,T4008h,10.0,5.7430344
2025-12,Чудо Острів,T4008h,11.0,16.274406
2026-01,Чудо Острів,T4008h,6.0,3.477306
2026-02,Чудо Острів,T4008h,5.0,2.3668935
2025-07,Акварель,T4011h,2.0,2.444127
2025-08,Акварель,T4011h,8.0,5.021692
2025-09,Акварель,T4011h,1.0,6.324383
2025-10,Акварель,T4011h,1.0,4.47506
2025-11,Акварель,T4011h,5.0,5.120564
2025-12,Акварель,T4011h,13.0,11.144614
2026-01,Акварель,T4011h,3.0,4.0328503
2026-02,Акварель,T4011h,5.0,2.5563529
2025-07,Антошка,T4011h,2.0,1.6681824
2025-08,Антошка,T4011h,4.0,3.5107753
2025-09,Антошка,T4011h,3.0,4.8174396
2025-10,Антошка,T4011h,4.0,4.240759
2025-11,Антошка,T4011h,5.0,3.9494226
2025-12,Антошка,T4011h,9.0,10.672684
2026-01,Антошка,T4011h,2.0,2.9959126
2026-02,Антошка,T4011h,1.0,1.6723796
2025-07,БІ,T4011h,10.0,16.88974
2025-08,БІ,T4011h,15.0,10.1864605
2025-09,БІ,T4011h,11.0,11.22484
2025-10,БІ,T4011h,17.0,13.316168
2025-11,БІ,T4011h,19.0,17.15766
2025-12,БІ,T4011h,49.0,41.67709
2026-01,БІ,T4011h,16.0,6.6412454
2026-02,БІ,T4011h,9.0,5.388565
2025-07,Віват Канцелярія,T4011h,0.0,0.598001
2025-08,Віват Канцелярія,T4011h,1.0,0.49680787
2025-09,Віват Канцелярія,T4011h,2.0,0.7787007
2025-10,Віват Канцелярія,T4011h,1.0,1.4256675
2025-11,Віват Канцелярія,T4011h,0.0,0.8780282
2025-12,Віват Канцелярія,T4011h,4.0,2.4168568
2026-01,Віват Канцелярія,T4011h,2.0,1.4246864
2026-02,Віват Канцелярія,T4011h,0.0,0.0
2025-07,Епіцентр,T4011h,6.0,1.9972154
2025-08,Епіцентр,T4011h,2.0,3.550137
2025-09,Епіцентр,T4011h,2.0,3.1818688
2025-10,Епіцентр,T4011h,2.0,3.5097868
2025-11,Епіцентр,T4011h,2.0,2.9140444
2025-12,Епіцентр,T4011h,9.0,8.697109
2026-01,Епіцентр,T4011h,3.0,2.9200976
2026-02,Епіцентр,T4011h,4.0,1.9720526
2025-07,МайПлей,T4011h,0.0,0.35580668
2025-08,МайПлей,T4011h,0.0,0.6020452
2025-09,МайПлей,T4011h,1.0,0.47507602
2025-10,МайПлей,T4011h,4.0,1.0454552
2025-11,МайПлей,T4011h,1.0,3.6445067
2025-12,МайПлей,T4011h,3.0,4.657883
2026-01,МайПлей,T4011h,3.0,1.5712541
2026-02,МайПлей,T4011h,2.0,0.86733186
2025-07,Монако,T4011h,0.0,0.012231462
2025-08,Монако,T4011h,0.0,0.014832256
2025-09,Монако,T4011h,0.0,0.01258168
2025-10,Монако,T4011h,2.0,1.617596
2025-11,Монако,T4011h,0.0,0.0
2025-12,Монако,T4011h,1.0,1.9670657
2026-01,Монако,T4011h,1.0,1.1852729
2026-02,Монако,T4011h,0.0,0.0
2025-07,Росицька ФОП,T4011h,0.0,0.24250707
2025-08,Росицька ФОП,T4011h,0.0,0.5223232
2025-09,Росицька ФОП,T4011h,0.0,0.3697165
2025-10,Росицька ФОП,T4011h,1.0,0.38370705
2025-11,Росицька ФОП,T4011h,0.0,0.53546876
2025-12,Росицька ФОП,T4011h,1.0,0.91161937
2026-01,Росицька ФОП,T4011h,0.0,0.262845
2026-02,Росицька ФОП,T4011h,0.0,0.09404677
2025-07,Чудо Острів,T4011h,0.0,1.4958003
2025-08,Чудо Острів,T4011h,1.0,1.9380926
2025-09,Чудо Острів,T4011h,1.0,2.5740466
2025-10,Чудо Острів,T4011h,0.0,2.3647683
2025-11,Чудо Острів,T4011h,4.0,0.90030885
2025-12,Чудо Острів,T4011h,2.0,7.765441
2026-01,Чудо Острів,T4011h,0.0,0.0
2026-02,Чудо Острів,T4011h,1.0,0.90095377
2025-07,ІМ-МауДау,T4012h,0.0,0.040225442
2025-08,ІМ-МауДау,T4012h,0.0,0.0930705
2025-09,ІМ-МауДау,T4012h,0.0,0.25940877
2025-10,ІМ-МауДау,T4012h,0.0,0.22951864
2025-11,ІМ-МауДау,T4012h,2.0,1.1277103
2025-12,ІМ-МауДау,T4012h,3.0,2.4467416
2026-01,ІМ-МауДау,T4012h,1.0,1.179632
2026-02,ІМ-МауДау,T4012h,0.0,0.33540282
2025-07,ІМ-Розетка,T4012h,0.0,0.038439494
2025-08,ІМ-Розетка,T4012h,3.0,3.1176043
2025-09,ІМ-Розетка,T4012h,11.0,5.0629463
2025-10,ІМ-Розетка,T4012h,4.0,11.541478
2025-11,ІМ-Розетка,T4012h,0.0,2.004147
2025-12,ІМ-Розетка,T4012h,0.0,2.9782238
2026-01,ІМ-Розетка,T4012h,0.0,0.0
2026-02,ІМ-Розетка,T4012h,0.0,0.0
2025-07,Акварель,T4012h,8.0,5.7369547
2025-08,Акварель,T4012h,5.0,6.0409
2025-09,Акварель,T4012h,5.0,5.348301
2025-10,Акварель,T4012h,7.0,9.767327
2025-11,Акварель,T4012h,12.0,8.645804
2025-12,Акварель,T4012h,20.0,20.66457
2026-01,Акварель,T4012h,14.0,5.7766953
2026-02,Акварель,T4012h,3.0,5.5607834
2025-07,Антошка,T4012h,0.0,2.3879557
2025-08,Антошка,T4012h,3.0,1.8400545
2025-09,Антошка,T4012h,4.0,3.233365
2025-10,Антошка,T4012h,3.0,4.1909733
2025-11,Антошка,T4012h,6.0,3.6491973
2025-12,Антошка,T4012h,30.0,8.406183
2026-01,Антошка,T4012h,3.0,5.8391623
2026-02,Антошка,T4012h,2.0,1.7200218
2025-07,БІ,T4012h,15.0,20.196615
2025-08,БІ,T4012h,18.0,17.964582
2025-09,БІ,T4012h,13.0,17.929403
2025-10,БІ,T4012h,19.0,22.542006
2025-11,БІ,T4012h,39.0,23.30806
2025-12,БІ,T4012h,78.0,60.395863
2026-01,БІ,T4012h,24.0,18.15045
2026-02,БІ,T4012h,14.0,8.53379
2025-07,Віват Канцелярія,T4012h,6.0,2.6908653
2025-08,Віват Канцелярія,T4012h,6.0,2.685661
2025-09,Віват Канцелярія,T4012h,5.0,3.7959542
2025-10,Віват Канцелярія,T4012h,1.0,5.3141966
2025-11,Віват Канцелярія,T4012h,11.0,4.675459
2025-12,Віват Канцелярія,T4012h,6.0,12.44917
2026-01,Віват Канцелярія,T4012h,3.0,3.8025935
2026-02,Віват Канцелярія,T4012h,0.0,0.0
2025-07,Еліпс,T4012h,0.0,0.0
2025-08,Еліпс,T4012h,1.0,1.2758359
2025-09,Еліпс,T4012h,2.0,1.7307303
2025-10,Еліпс,T4012h,0.0,0.0
2025-11,Еліпс,T4012h,1.0,1.6922528
2025-12,Еліпс,T4012h,0.0,0.0
2026-01,Еліпс,T4012h,0.0,0.0
2026-02,Еліпс,T4012h,0.0,0.0
2025-07,Епіцентр,T4012h,4.0,4.7144856
2025-08,Епіцентр,T4012h,3.0,4.916048
2025-09,Епіцентр,T4012h,2.0,4.686525
2025-10,Епіцентр,T4012h,6.0,6.2431574
2025-11,Епіцентр,T4012h,9.0,5.654357
2025-12,Епіцентр,T4012h,22.0,11.483735
2026-01,Епіцентр,T4012h,7.0,4.1696005
2026-02,Епіцентр,T4012h,1.0,2.5218816
2025-07,Клас,T4012h,0.0,0.26853618
2025-08,Клас,T4012h,0.0,0.25782412
2025-09,Клас,T4012h,1.0,0.59341365
2025-10,Клас,T4012h,1.0,1.4467201
2025-11,Клас,T4012h,1.0,0.59115285
2025-12,Клас,T4012h,3.0,0.9633867
2026-01,Клас,T4012h,1.0,0.9656056
2026-02,Клас,T4012h,0.0,0.0
2025-07,МайПлей,T4012h,2.0,0.6848273
2025-08,МайПлей,T4012h,3.0,0.7159488
2025-09,МайПлей,T4012h,2.0,0.934202
2025-10,МайПлей,T4012h,2.0,2.00408
2025-11,МайПлей,T4012h,2.0,1.7803426
2025-12,МайПлей,T4012h,0.0,4.1859393
2026-01,МайПлей,T4012h,0.0,0.0
2026-02,МайПлей,T4012h,0.0,0.0
2025-07,Мегамаркет,T4012h,1.0,1.0573633
2025-08,Мегамаркет,T4012h,2.0,0.43134147
2025-09,Мегамаркет,T4012h,0.0,0.74800366
2025-10,Мегамаркет,T4012h,2.0,0.9599118
2025-11,Мегамаркет,T4012h,0.0,1.0049171
2025-12,Мегамаркет,T4012h,0.0,1.4978743
2026-01,Мегамаркет,T4012h,0.0,0.0
2026-02,Мегамаркет,T4012h,1.0,0.5217228
2025-07,Монако,T4012h,1.0,1.2241997
2025-08,Монако,T4012h,0.0,0.0
2025-09,Монако,T4012h,1.0,1.4155505
2025-10,Монако,T4012h,5.0,1.5187382
2025-11,Монако,T4012h,2.0,3.3807719
2025-12,Монако,T4012h,0.0,0.0
2026-01,Монако,T4012h,0.0,0.0
2026-02,Монако,T4012h,0.0,0.0
2025-07,РОСТ,T4012h,1.0,0.4651905
2025-08,РОСТ,T4012h,0.0,0.57913035
2025-09,РОСТ,T4012h,0.0,0.4360308
2025-10,РОСТ,T4012h,0.0,0.84444124
2025-11,РОСТ,T4012h,1.0,0.47723877
2025-12,РОСТ,T4012h,0.0,1.304774
2026-01,РОСТ,T4012h,0.0,0.0
2026-02,РОСТ,T4012h,1.0,0.7891553
2025-07,Росицька ФОП,T4012h,0.0,0.26823014
2025-08,Росицька ФОП,T4012h,1.0,0.24592976
2025-09,Росицька ФОП,T4012h,0.0,0.24269941
2025-10,Росицька ФОП,T4012h,1.0,0.55347735
2025-11,Росицька ФОП,T4012h,2.0,0.8791791
2025-12,Росицька ФОП,T4012h,2.0,1.3416481
2026-01,Росицька ФОП,T4012h,0.0,0.0
2026-02,Росицька ФОП,T4012h,1.0,0.7143751
2025-07,Супрун ФОП,T4012h,0.0,0.0
2025-08,Супрун ФОП,T4012h,0.0,0.0
2025-09,Супрун ФОП,T4012h,1.0,1.8387102
2025-10,Супрун ФОП,T4012h,1.0,1.2061583
2025-11,Супрун ФОП,T4012h,0.0,0.0
2025-12,Супрун ФОП,T4012h,1.0,2.2869823
2026-01,Супрун ФОП,T4012h,0.0,0.0
2026-02,Супрун ФОП,T4012h,0.0,0.0
2025-07,ІМ-Розетка,T4017h,1.0,0.696703
2025-08,ІМ-Розетка,T4017h,1.0,2.422611
2025-09,ІМ-Розетка,T4017h,1.0,2.2951794
2025-10,ІМ-Розетка,T4017h,0.0,0.7751776
2025-11,ІМ-Розетка,T4017h,0.0,0.25757208
2025-12,ІМ-Розетка,T4017h,2.0,7.551885
2026-01,ІМ-Розетка,T4017h,1.0,1.9787337
2026-02,ІМ-Розетка,T4017h,0.0,0.0
2025-07,Акварель,T4017h,5.0,5.330501
2025-08,Акварель,T4017h,8.0,4.174517
2025-09,Акварель,T4017h,4.0,6.4156075
2025-10,Акварель,T4017h,8.0,8.078026
2025-11,Акварель,T4017h,11.0,10.205219
2025-12,Акварель,T4017h,34.0,25.89779
2026-01,Акварель,T4017h,8.0,8.686882
2026-02,Акварель,T4017h,4.0,2.597514
2025-07,Антошка,T4017h,0.0,1.3908261
2025-08,Антошка,T4017h,0.0,1.8874991
2025-09,Антошка,T4017h,2.0,1.4874713
2025-10,Антошка,T4017h,0.0,1.4443381
2025-11,Антошка,T4017h,3.0,0.7622131
2025-12,Антошка,T4017h,16.0,3.2376914
2026-01,Антошка,T4017h,1.0,3.690359
2026-02,Антошка,T4017h,1.0,1.670107
2025-07,БІ,T4017h,9.0,11.885453
2025-08,БІ,T4017h,10.0,11.4914665
2025-09,БІ,T4017h,8.0,12.032705
2025-10,БІ,T4017h,16.0,15.499037
2025-11,БІ,T4017h,23.0,20.850662
2025-12,БІ,T4017h,87.0,56.19791
2026-01,БІ,T4017h,39.0,21.42633
2026-02,БІ,T4017h,20.0,9.429513
2025-07,Віват Канцелярія,T4017h,3.0,0.9100797
2025-08,Віват Канцелярія,T4017h,4.0,1.2206752
2025-09,Віват Канцелярія,T4017h,1.0,2.0206685
2025-10,Віват Канцелярія,T4017h,2.0,2.9984078
2025-11,Віват Канцелярія,T4017h,3.0,2.9549005
2025-12,Віват Канцелярія,T4017h,21.0,11.105204
2026-01,Віват Канцелярія,T4017h,7.0,4.25898
2026-02,Віват Канцелярія,T4017h,0.0,0.0
2025-07,Епіцентр,T4017h,3.0,1.2909595
2025-08,Епіцентр,T4017h,4.0,2.3407996
2025-09,Епіцентр,T4017h,2.0,3.5389297
2025-10,Епіцентр,T4017h,3.0,3.6881094
2025-11,Епіцентр,T4017h,6.0,5.041942
2025-12,Епіцентр,T4017h,24.0,12.954776
2026-01,Епіцентр,T4017h,6.0,4.6008716
2026-02,Епіцентр,T4017h,6.0,2.3505235
2025-07,Клас,T4017h,1.0,0.11041044
2025-08,Клас,T4017h,0.0,0.2563285
2025-09,Клас,T4017h,0.0,0.31467465
2025-10,Клас,T4017h,1.0,0.43429226
2025-11,Клас,T4017h,1.0,0.67889494
2025-12,Клас,T4017h,4.0,1.9006189
2026-01,Клас,T4017h,1.0,1.3635844
2026-02,Клас,T4017h,0.0,0.0
2025-07,МайПлей,T4017h,0.0,0.61293626
2025-08,МайПлей,T4017h,2.0,0.60047334
2025-09,МайПлей,T4017h,1.0,0.83258224
2025-10,МайПлей,T4017h,7.0,2.0623412
2025-11,МайПлей,T4017h,0.0,3.6877532
2025-12,МайПлей,T4017h,10.0,7.2699213
2026-01,МайПлей,T4017h,2.0,2.8696122
2026-02,МайПлей,T4017h,2.0,1.0967553
2025-07,Монако,T4017h,1.0,1.2548065
2025-08,Монако,T4017h,1.0,1.2879559
2025-09,Монако,T4017h,1.0,1.5539147
2025-10,Монако,T4017h,1.0,1.889102
2025-11,Монако,T4017h,0.0,0.0
2025-12,Монако,T4017h,0.0,0.0
2026-01,Монако,T4017h,0.0,0.0
2026-02,Монако,T4017h,0.0,0.0
2025-07,Смік,T4017h,0.0,0.4101353
2025-08,Смік,T4017h,1.0,0.30672917
2025-09,Смік,T4017h,0.0,0.39491332
2025-10,Смік,T4017h,1.0,0.44778043
2025-11,Смік,T4017h,0.0,1.1678265
2025-12,Смік,T4017h,1.0,1.7985662
2026-01,Смік,T4017h,1.0,1.1822293
2026-02,Смік,T4017h,0.0,0.0
2025-07,Чудо Острів,T4017h,4.0,2.8336473
2025-08,Чудо Острів,T4017h,2.0,2.8113065
2025-09,Чудо Острів,T4017h,0.0,2.9116406
2025-10,Чудо Острів,T4017h,7.0,3.287705
2025-11,Чудо Острів,T4017h,10.0,5.3557777
2025-12,Чудо Острів,T4017h,16.0,15.679314
2026-01,Чудо Острів,T4017h,5.0,3.5240462
2026-02,Чудо Острів,T4017h,1.0,2.1415007
2025-07,ІМ-Кідіс,T4018h,0.0,0.78686976
2025-08,ІМ-Кідіс,T4018h,1.0,0.60602933
2025-09,ІМ-Кідіс,T4018h,1.0,1.1581781
2025-10,ІМ-Кідіс,T4018h,0.0,0.93279696
2025-11,ІМ-Кідіс,T4018h,1.0,1.4822224
2025-12,ІМ-Кідіс,T4018h,0.0,3.348123
2026-01,ІМ-Кідіс,T4018h,0.0,0.0
2026-02,ІМ-Кідіс,T4018h,0.0,0.0
2025-07,ІМ-Розетка,T4018h,0.0,3.4704762
2025-08,ІМ-Розетка,T4018h,3.0,2.8739524
2025-09,ІМ-Розетка,T4018h,1.0,3.2324066
2025-10,ІМ-Розетка,T4018h,0.0,1.7233684
2025-11,ІМ-Розетка,T4018h,0.0,0.47088963
2025-12,ІМ-Розетка,T4018h,0.0,1.4389254
2026-01,ІМ-Розетка,T4018h,0.0,0.0
2026-02,ІМ-Розетка,T4018h,0.0,0.0
2025-07,Акварель,T4018h,3.0,6.1515017
2025-08,Акварель,T4018h,11.0,5.9900546
2025-09,Акварель,T4018h,9.0,5.8400702
2025-10,Акварель,T4018h,6.0,10.8399935
2025-11,Акварель,T4018h,13.0,11.669177
2025-12,Акварель,T4018h,44.0,29.892218
2026-01,Акварель,T4018h,20.0,8.525844
2026-02,Акварель,T4018h,7.0,3.7875504
2025-07,Антошка,T4018h,0.0,0.9406085
2025-08,Антошка,T4018h,2.0,2.0871234
2025-09,Антошка,T4018h,6.0,1.8890246
2025-10,Антошка,T4018h,4.0,3.8958998
2025-11,Антошка,T4018h,2.0,3.6305883
2025-12,Антошка,T4018h,16.0,8.532331
2026-01,Антошка,T4018h,3.0,3.621891
2026-02,Антошка,T4018h,0.0,0.0
2025-07,БІ,T4018h,22.0,18.500261
2025-08,БІ,T4018h,30.0,20.19043
2025-09,БІ,T4018h,27.0,25.121264
2025-10,БІ,T4018h,39.0,33.515713
2025-11,БІ,T4018h,83.0,38.493176
2025-12,БІ,T4018h,214.0,101.22079
2026-01,БІ,T4018h,75.0,44.038437
2026-02,БІ,T4018h,39.0,18.638582
2025-07,Віват Канцелярія,T4018h,2.0,2.3776176
2025-08,Віват Канцелярія,T4018h,3.0,3.107334
2025-09,Віват Канцелярія,T4018h,6.0,2.793847
2025-10,Віват Канцелярія,T4018h,7.0,6.4679675
2025-11,Віват Канцелярія,T4018h,17.0,6.220926
2025-12,Віват Канцелярія,T4018h,28.0,29.740505
2026-01,Віват Канцелярія,T4018h,7.0,5.6499586
2026-02,Віват Канцелярія,T4018h,0.0,0.0
2025-07,Епіцентр,T4018h,10.0,3.3953903
2025-08,Епіцентр,T4018h,6.0,5.617655
2025-09,Епіцентр,T4018h,2.0,6.47468
2025-10,Епіцентр,T4018h,7.0,7.852082
2025-11,Епіцентр,T4018h,15.0,7.855874
2025-12,Епіцентр,T4018h,40.0,29.36661
2026-01,Епіцентр,T4018h,20.0,8.746328
2026-02,Епіцентр,T4018h,12.0,4.353618
2025-07,Клас,T4018h,0.0,0.098426834
2025-08,Клас,T4018h,0.0,0.13113734
2025-09,Клас,T4018h,0.0,0.39259875
2025-10,Клас,T4018h,1.0,0.41213706
2025-11,Клас,T4018h,0.0,0.61655354
2025-12,Клас,T4018h,3.0,1.590407
2026-01,Клас,T4018h,0.0,0.0
2026-02,Клас,T4018h,1.0,0.7642582
2025-07,МайПлей,T4018h,2.0,1.1346208
2025-08,МайПлей,T4018h,1.0,1.1390635
2025-09,МайПлей,T4018h,2.0,1.0921588
2025-10,МайПлей,T4018h,6.0,2.2922091
2025-11,МайПлей,T4018h,5.0,5.6604924
2025-12,МайПлей,T4018h,16.0,14.378191
2026-01,МайПлей,T4018h,3.0,4.510705
2026-02,МайПлей,T4018h,6.0,1.651294
2025-07,Мегамаркет,T4018h,0.0,0.43637323
2025-08,Мегамаркет,T4018h,0.0,0.2392047
2025-09,Мегамаркет,T4018h,1.0,0.40906456
2025-10,Мегамаркет,T4018h,0.0,0.50804436
2025-11,Мегамаркет,T4018h,0.0,0.48007065
2025-12,Мегамаркет,T4018h,2.0,1.5676311
2026-01,Мегамаркет,T4018h,0.0,0.0
2026-02,Мегамаркет,T4018h,0.0,0.0
2025-07,РОСТ,T4018h,0.0,0.043931723
2025-08,РОСТ,T4018h,0.0,0.088826016
2025-09,РОСТ,T4018h,0.0,0.10488277
2025-10,РОСТ,T4018h,0.0,0.82845455
2025-11,РОСТ,T4018h,1.0,0.50437224
2025-12,РОСТ,T4018h,1.0,1.6885151
2026-01,РОСТ,T4018h,1.0,1.461856
2026-02,РОСТ,T4018h,1.0,1.0441735
2025-07,Росицька ФОП,T4018h,0.0,0.26807097
2025-08,Росицька ФОП,T4018h,1.0,0.24203295
2025-09,Росицька ФОП,T4018h,0.0,0.578998
2025-10,Росицька ФОП,T4018h,0.0,0.3771102
2025-11,Росицька ФОП,T4018h,2.0,0.23615739
2025-12,Росицька ФОП,T4018h,1.0,2.1243777
2026-01,Росицька ФОП,T4018h,0.0,0.0
2026-02,Росицька ФОП,T4018h,0.0,0.0
2025-07,Чудо Острів,T4018h,2.0,2.7137733
2025-08,Чудо Острів,T4018h,7.0,2.7066998
2025-09,Чудо Острів,T4018h,5.0,4.4970703
2025-10,Чудо Острів,T4018h,8.0,8.197194
2025-11,Чудо Острів,T4018h,13.0,8.985278
2025-12,Чудо Острів,T4018h,47.0,29.919928
2026-01,Чудо Острів,T4018h,13.0,9.712707
2026-02,Чудо Острів,T4018h,8.0,7.5418262
2025-07,ІМ-Розетка,T4019h,2.0,4.0428576
2025-08,ІМ-Розетка,T4019h,1.0,5.1732616
2025-09,ІМ-Розетка,T4019h,3.0,3.948223
2025-10,ІМ-Розетка,T4019h,6.0,5.461096
2025-11,ІМ-Розетка,T4019h,5.0,8.82128
2025-12,ІМ-Розетка,T4019h,10.0,18.717026
2026-01,ІМ-Розетка,T4019h,1.0,5.0191336
2026-02,ІМ-Розетка,T4019h,2.0,1.5449303
2025-07,Акварель,T4019h,5.0,4.6684227
2025-08,Акварель,T4019h,12.0,5.0833354
2025-09,Акварель,T4019h,4.0,9.384212
2025-10,Акварель,T4019h,7.0,9.408095
2025-11,Акварель,T4019h,12.0,10.660739
2025-12,Акварель,T4019h,15.0,22.95507
2026-01,Акварель,T4019h,10.0,8.992557
2026-02,Акварель,T4019h,8.0,4.416216
2025-07,Антошка,T4019h,4.0,1.8182411
2025-08,Антошка,T4019h,5.0,2.6614232
2025-09,Антошка,T4019h,4.0,4.4747424
2025-10,Антошка,T4019h,4.0,4.5330143
2025-11,Антошка,T4019h,7.0,3.7786307
2025-12,Антошка,T4019h,22.0,8.949346
2026-01,Антошка,T4019h,2.0,3.748649
2026-02,Антошка,T4019h,4.0,1.4637146
2025-07,БІ,T4019h,3.0,3.3554916
2025-08,БІ,T4019h,7.0,5.620594
2025-09,БІ,T4019h,6.0,6.9051037
2025-10,БІ,T4019h,12.0,9.390408
2025-11,БІ,T4019h,7.0,14.303756
2025-12,БІ,T4019h,26.0,29.62578
2026-01,БІ,T4019h,7.0,19.49695
2026-02,БІ,T4019h,11.0,10.662938
2025-07,Віват Канцелярія,T4019h,2.0,1.4660751
2025-08,Віват Канцелярія,T4019h,7.0,1.5025678
2025-09,Віват Канцелярія,T4019h,3.0,2.1186643
2025-10,Віват Канцелярія,T4019h,9.0,4.569979
2025-11,Віват Канцелярія,T4019h,2.0,5.7615376
2025-12,Віват Канцелярія,T4019h,10.0,11.499994
2026-01,Віват Канцелярія,T4019h,3.0,3.6758778
2026-02,Віват Канцелярія,T4019h,0.0,0.0
2025-07,Епіцентр,T4019h,1.0,2.5560062
2025-08,Епіцентр,T4019h,6.0,3.434984
2025-09,Епіцентр,T4019h,2.0,3.5116735
2025-10,Епіцентр,T4019h,3.0,4.961103
2025-11,Епіцентр,T4019h,5.0,4.3928027
2025-12,Епіцентр,T4019h,20.0,14.9865465
2026-01,Епіцентр,T4019h,8.0,5.8561635
2026-02,Епіцентр,T4019h,1.0,5.0523624
2025-07,Клас,T4019h,0.0,0.2847052
2025-08,Клас,T4019h,2.0,0.23950113
2025-09,Клас,T4019h,1.0,0.42001057
2025-10,Клас,T4019h,0.0,1.0605923
2025-11,Клас,T4019h,0.0,0.5303212
2025-12,Клас,T4019h,4.0,1.8558753
2026-01,Клас,T4019h,1.0,1.1263479
2026-02,Клас,T4019h,2.0,1.0307475
2025-07,МайПлей,T4019h,0.0,0.31560674
2025-08,МайПлей,T4019h,2.0,0.42856345
2025-09,МайПлей,T4019h,2.0,0.5932193
2025-10,МайПлей,T4019h,0.0,1.1583911
2025-11,МайПлей,T4019h,0.0,0.65312773
2025-12,МайПлей,T4019h,5.0,3.1700559
2026-01,МайПлей,T4019h,3.0,2.0399673
2026-02,МайПлей,T4019h,5.0,1.2238387
2025-07,Мегамаркет,T4019h,0.0,0.50570345
2025-08,Мегамаркет,T4019h,0.0,0.39370996
2025-09,Мегамаркет,T4019h,1.0,0.36409035
2025-10,Мегамаркет,T4019h,1.0,0.49919423
2025-11,Мегамаркет,T4019h,0.0,0.6748756
2025-12,Мегамаркет,T4019h,0.0,1.1447129
2026-01,Мегамаркет,T4019h,0.0,0.0
2026-02,Мегамаркет,T4019h,0.0,0.0
2025-07,Монако,T4019h,0.0,0.0
2025-08,Монако,T4019h,1.0,1.1085446
2025-09,Монако,T4019h,1.0,1.3052028
2025-10,Монако,T4019h,2.0,1.8714361
2025-11,Монако,T4019h,0.0,0.0
2025-12,Монако,T4019h,0.0,0.0
2026-01,Монако,T4019h,0.0,0.0
2026-02,Монако,T4019h,0.0,0.0
2025-07,Новая Лінія,T4019h,0.0,0.24904709
2025-08,Новая Лінія,T4019h,0.0,0.23772514
2025-09,Новая Лінія,T4019h,0.0,0.36660817
2025-10,Новая Лінія,T4019h,1.0,0.58370084
2025-11,Новая Лінія,T4019h,0.0,0.49760106
2025-12,Новая Лінія,T4019h,3.0,0.80236477
2026-01,Новая Лінія,T4019h,0.0,1.2542367
2026-02,Новая Лінія,T4019h,1.0,0.4762978
2025-07,РОСТ,T4019h,0.0,0.092368424
2025-08,РОСТ,T4019h,0.0,0.21377714
2025-09,РОСТ,T4019h,0.0,0.1136135
2025-10,РОСТ,T4019h,1.0,0.61292493
2025-11,РОСТ,T4019h,0.0,1.6743436
2025-12,РОСТ,T4019h,1.0,1.0443363
2026-01,РОСТ,T4019h,1.0,1.0940043
2026-02,РОСТ,T4019h,0.0,1.0846808
2025-07,Смік,T4019h,0.0,0.71785533
2025-08,Смік,T4019h,1.0,0.5325347
2025-09,Смік,T4019h,0.0,0.6421756
2025-10,Смік,T4019h,2.0,0.5584751
2025-11,Смік,T4019h,0.0,1.5762799
2025-12,Смік,T4019h,2.0,2.0759332
2026-01,Смік,T4019h,1.0,1.3894264
2026-02,Смік,T4019h,0.0,0.0
2025-07,Чудо Острів,T4019h,0.0,2.547975
2025-08,Чудо Острів,T4019h,7.0,2.337421
2025-09,Чудо Острів,T4019h,10.0,2.9745913
2025-10,Чудо Острів,T4019h,5.0,6.7798624
2025-11,Чудо Острів,T4019h,4.0,5.7155633
2025-12,Чудо Острів,T4019h,4.0,13.993366
2026-01,Чудо Острів,T4019h,4.0,2.6691837
2026-02,Чудо Острів,T4019h,1.0,1.6017693
2025-07,ІМ-Розетка,T4031h,0.0,0.097246684
2025-08,ІМ-Розетка,T4031h,1.0,1.0974687
2025-09,ІМ-Розетка,T4031h,1.0,1.4279667
2025-10,ІМ-Розетка,T4031h,2.0,1.3603234
2025-11,ІМ-Розетка,T4031h,0.0,0.41170058
2025-12,ІМ-Розетка,T4031h,0.0,0.5877308
2026-01,ІМ-Розетка,T4031h,0.0,0.0
2026-02,ІМ-Розетка,T4031h,0.0,0.0
2025-07,Акварель,T4031h,5.0,8.024876
2025-08,Акварель,T4031h,11.0,9.562808
2025-09,Акварель,T4031h,8.0,8.47125
2025-10,Акварель,T4031h,9.0,12.375444
2025-11,Акварель,T4031h,23.0,15.69591
2025-12,Акварель,T4031h,40.0,31.0984
2026-01,Акварель,T4031h,8.0,7.3682814
2026-02,Акварель,T4031h,5.0,3.254257
2025-07,Антошка,T4031h,2.0,2.9055586
2025-08,Антошка,T4031h,4.0,2.879489
2025-09,Антошка,T4031h,8.0,3.0917363
2025-10,Антошка,T4031h,3.0,4.8212247
2025-11,Антошка,T4031h,11.0,5.0923295
2025-12,Антошка,T4031h,31.0,23.502125
2026-01,Антошка,T4031h,5.0,6.123344
2026-02,Антошка,T4031h,4.0,1.6654661
2025-07,БІ,T4031h,5.0,6.682621
2025-08,БІ,T4031h,1.0,8.768834
2025-09,БІ,T4031h,3.0,6.4093475
2025-10,БІ,T4031h,12.0,9.006498
2025-11,БІ,T4031h,19.0,16.117641
2025-12,БІ,T4031h,23.0,40.75436
2026-01,БІ,T4031h,7.0,9.343287
2026-02,БІ,T4031h,6.0,3.0852084
2025-07,Віват Канцелярія,T4031h,3.0,3.2111628
2025-08,Віват Канцелярія,T4031h,7.0,4.1063437
2025-09,Віват Канцелярія,T4031h,4.0,3.9276087
2025-10,Віват Канцелярія,T4031h,6.0,7.4978256
2025-11,Віват Канцелярія,T4031h,17.0,6.376064
2025-12,Віват Канцелярія,T4031h,16.0,19.54619
2026-01,Віват Канцелярія,T4031h,3.0,5.7118626
2026-02,Віват Канцелярія,T4031h,0.0,0.0
2025-07,Епіцентр,T4031h,5.0,8.0407
2025-08,Епіцентр,T4031h,9.0,6.5384007
2025-09,Епіцентр,T4031h,7.0,7.6621704
2025-10,Епіцентр,T4031h,7.0,8.686768
2025-11,Епіцентр,T4031h,19.0,8.093093
2025-12,Епіцентр,T4031h,37.0,24.30627
2026-01,Епіцентр,T4031h,6.0,5.991382
2026-02,Епіцентр,T4031h,2.0,2.3671064
2025-07,Клас,T4031h,0.0,0.34463483
2025-08,Клас,T4031h,0.0,0.32764414
2025-09,Клас,T4031h,0.0,0.61728704
2025-10,Клас,T4031h,6.0,0.77295446
2025-11,Клас,T4031h,3.0,2.1834412
2025-12,Клас,T4031h,0.0,3.194212
2026-01,Клас,T4031h,3.0,0.7391535
2026-02,Клас,T4031h,0.0,0.0
2025-07,МайПлей,T4031h,2.0,1.2425563
2025-08,МайПлей,T4031h,2.0,0.97518015
2025-09,МайПлей,T4031h,0.0,1.0727767
2025-10,МайПлей,T4031h,1.0,1.4588166
2025-11,МайПлей,T4031h,1.0,1.9258922
2025-12,МайПлей,T4031h,5.0,3.200945
2026-01,МайПлей,T4031h,0.0,0.0
2026-02,МайПлей,T4031h,0.0,0.0
2025-07,Мегамаркет,T4031h,1.0,0.6524282
2025-08,Мегамаркет,T4031h,0.0,0.42716828
2025-09,Мегамаркет,T4031h,1.0,0.74655
2025-10,Мегамаркет,T4031h,2.0,0.5172225
2025-11,Мегамаркет,T4031h,1.0,0.85359997
2025-12,Мегамаркет,T4031h,1.0,1.607079
2026-01,Мегамаркет,T4031h,0.0,0.0154115325
2026-02,Мегамаркет,T4031h,1.0,0.7127381
2025-07,Новая Лінія,T4031h,2.0,0.4237294
2025-08,Новая Лінія,T4031h,0.0,0.3456872
2025-09,Новая Лінія,T4031h,0.0,0.35611066
2025-10,Новая Лінія,T4031h,0.0,0.3976907
2025-11,Новая Лінія,T4031h,2.0,0.63915
2025-12,Новая Лінія,T4031h,2.0,0.5725869
2026-01,Новая Лінія,T4031h,0.0,0.24561845
2026-02,Новая Лінія,T4031h,0.0,0.10001782
2025-07,РОСТ,T4031h,0.0,0.09442531
2025-08,РОСТ,T4031h,0.0,0.12516971
2025-09,РОСТ,T4031h,0.0,0.24223676
2025-10,РОСТ,T4031h,2.0,0.5351031
2025-11,РОСТ,T4031h,0.0,1.7426492
2025-12,РОСТ,T4031h,1.0,1.1986465
2026-01,РОСТ,T4031h,5.0,0.90535855
2026-02,РОСТ,T4031h,0.0,0.0
2025-07,ІМ-Розетка,T4032h,4.0,1.08009
2025-08,ІМ-Розетка,T4032h,1.0,3.5663853
2025-09,ІМ-Розетка,T4032h,0.0,1.1922097
2025-10,ІМ-Розетка,T4032h,0.0,0.7239369
2025-11,ІМ-Розетка,T4032h,1.0,1.2766942
2025-12,ІМ-Розетка,T4032h,1.0,2.7789564
2026-01,ІМ-Розетка,T4032h,0.0,0.0
2026-02,ІМ-Розетка,T4032h,0.0,0.0
2025-07,Акварель,T4032h,6.0,6.041803
2025-08,Акварель,T4032h,4.0,8.507802
2025-09,Акварель,T4032h,3.0,6.6210213
2025-10,Акварель,T4032h,8.0,8.78935
2025-11,Акварель,T4032h,8.0,8.001373
2025-12,Акварель,T4032h,24.0,13.20683
2026-01,Акварель,T4032h,5.0,4.3248534
2026-02,Акварель,T4032h,4.0,2.697907
2025-07,БІ,T4032h,1.0,1.5447478
2025-08,БІ,T4032h,10.0,3.2253022
2025-09,БІ,T4032h,7.0,11.664299
2025-10,БІ,T4032h,10.0,10.421722
2025-11,БІ,T4032h,11.0,8.635306
2025-12,БІ,T4032h,19.0,20.428432
2026-01,БІ,T4032h,7.0,4.1884017
2026-02,БІ,T4032h,5.0,2.5607407
2025-07,Віват Канцелярія,T4032h,0.0,1.0157886
2025-08,Віват Канцелярія,T4032h,4.0,0.49018878
2025-09,Віват Канцелярія,T4032h,1.0,2.152511
2025-10,Віват Канцелярія,T4032h,0.0,2.111816
2025-11,Віват Канцелярія,T4032h,1.0,1.1175667
2025-12,Віват Канцелярія,T4032h,2.0,2.7228284
2026-01,Віват Канцелярія,T4032h,3.0,1.1836134
2026-02,Віват Канцелярія,T4032h,0.0,0.0
2025-07,Епіцентр,T4032h,7.0,2.3457344
2025-08,Епіцентр,T4032h,2.0,4.9714656
2025-09,Епіцентр,T4032h,4.0,3.9871073
2025-10,Епіцентр,T4032h,4.0,3.6985054
2025-11,Епіцентр,T4032h,4.0,3.7486782
2025-12,Епіцентр,T4032h,12.0,7.853086
2026-01,Епіцентр,T4032h,1.0,2.2717226
2026-02,Епіцентр,T4032h,2.0,1.5592461
2025-07,Клас,T4032h,1.0,0.36960912
2025-08,Клас,T4032h,1.0,0.903561
2025-09,Клас,T4032h,0.0,1.7193503
2025-10,Клас,T4032h,1.0,1.0503768
2025-11,Клас,T4032h,2.0,1.3305217
2025-12,Клас,T4032h,3.0,1.751968
2026-01,Клас,T4032h,2.0,1.0486939
2026-02,Клас,T4032h,0.0,0.0
2025-07,МайПлей,T4032h,0.0,0.58970124
2025-08,МайПлей,T4032h,0.0,0.5800865
2025-09,МайПлей,T4032h,3.0,0.5418823
2025-10,МайПлей,T4032h,2.0,1.7555538
2025-11,МайПлей,T4032h,0.0,0.0
2025-12,МайПлей,T4032h,3.0,2.83259
2026-01,МайПлей,T4032h,2.0,1.0408994
2026-02,МайПлей,T4032h,2.0,0.83525413
2025-07,Мегамаркет,T4032h,0.0,1.0246351
2025-08,Мегамаркет,T4032h,1.0,0.4186515
2025-09,Мегамаркет,T4032h,2.0,0.41696078
2025-10,Мегамаркет,T4032h,0.0,0.90386695
2025-11,Мегамаркет,T4032h,1.0,1.2361854
2025-12,Мегамаркет,T4032h,0.0,0.0
2026-01,Мегамаркет,T4032h,1.0,0.8022668
2026-02,Мегамаркет,T4032h,1.0,1.0644253
2025-07,Росицька ФОП,T4032h,0.0,0.26720625
2025-08,Росицька ФОП,T4032h,0.0,0.31595796
2025-09,Росицька ФОП,T4032h,1.0,0.35793918
2025-10,Росицька ФОП,T4032h,2.0,0.5907873
2025-11,Росицька ФОП,T4032h,0.0,0.61554307
2025-12,Росицька ФОП,T4032h,0.0,0.8280647
2026-01,Росицька ФОП,T4032h,0.0,0.09277046
2026-02,Росицька ФОП,T4032h,1.0,0.01689344
2025-07,Смік,T4032h,2.0,0.42892766
2025-08,Смік,T4032h,0.0,0.7949871
2025-09,Смік,T4032h,1.0,0.5807251
2025-10,Смік,T4032h,1.0,0.8012087
2025-11,Смік,T4032h,1.0,1.3092836
2025-12,Смік,T4032h,2.0,2.472662
2026-01,Смік,T4032h,0.0,0.0
2026-02,Смік,T4032h,2.0,0.73029304
2025-07,Юпіджи,T4032h,2.0,1.6600156
2025-08,Юпіджи,T4032h,9.0,2.2570603
2025-09,Юпіджи,T4032h,3.0,3.9614964
2025-10,Юпіджи,T4032h,1.0,3.843176
2025-11,Юпіджи,T4032h,4.0,3.3590112
2025-12,Юпіджи,T4032h,1.0,4.681779
2026-01,Юпіджи,T4032h,2.0,1.5810443
2026-02,Юпіджи,T4032h,3.0,1.5360155
2025-07,ІМ-Розетка,T4035h,0.0,0.023421893
2025-08,ІМ-Розетка,T4035h,0.0,1.5582451
2025-09,ІМ-Розетка,T4035h,2.0,2.6093788
2025-10,ІМ-Розетка,T4035h,1.0,2.1658556
2025-11,ІМ-Розетка,T4035h,0.0,0.46900618
2025-12,ІМ-Розетка,T4035h,5.0,4.845643
2026-01,ІМ-Розетка,T4035h,0.0,0.0
2026-02,ІМ-Розетка,T4035h,0.0,0.0
2025-07,Акварель,T4035h,9.0,8.533247
2025-08,Акварель,T4035h,8.0,11.090039
2025-09,Акварель,T4035h,11.0,8.941583
2025-10,Акварель,T4035h,12.0,16.138971
2025-11,Акварель,T4035h,26.0,21.113604
2025-12,Акварель,T4035h,57.0,46.040573
2026-01,Акварель,T4035h,29.0,23.04711
2026-02,Акварель,T4035h,19.0,7.5777307
2025-07,Антошка,T4035h,0.0,1.4041604
2025-08,Антошка,T4035h,1.0,1.9453162
2025-09,Антошка,T4035h,1.0,0.76215845
2025-10,Антошка,T4035h,1.0,1.106568
2025-11,Антошка,T4035h,1.0,1.3754917
2025-12,Антошка,T4035h,8.0,2.1663158
2026-01,Антошка,T4035h,2.0,2.0107343
2026-02,Антошка,T4035h,4.0,1.2886667
2025-07,БІ,T4035h,5.0,4.756727
2025-08,БІ,T4035h,13.0,8.324086
2025-09,БІ,T4035h,8.0,17.543951
2025-10,БІ,T4035h,27.0,18.421324
2025-11,БІ,T4035h,32.0,27.549171
2025-12,БІ,T4035h,104.0,60.221004
2026-01,БІ,T4035h,31.0,31.725306
2026-02,БІ,T4035h,23.0,15.355047
2025-07,Віват Канцелярія,T4035h,5.0,5.322191
2025-08,Віват Канцелярія,T4035h,5.0,5.4581294
2025-09,Віват Канцелярія,T4035h,9.0,6.096443
2025-10,Віват Канцелярія,T4035h,17.0,10.465081
2025-11,Віват Канцелярія,T4035h,13.0,12.19763
2025-12,Віват Канцелярія,T4035h,21.0,29.49616
2026-01,Віват Канцелярія,T4035h,13.0,10.502045
2026-02,Віват Канцелярія,T4035h,0.0,0.0
2025-07,Еліпс,T4035h,1.0,1.185239
2025-08,Еліпс,T4035h,0.0,0.0
2025-09,Еліпс,T4035h,1.0,1.628281
2025-10,Еліпс,T4035h,0.0,0.0
2025-11,Еліпс,T4035h,2.0,1.4924115
2025-12,Еліпс,T4035h,2.0,1.6842331
2026-01,Еліпс,T4035h,1.0,1.2816751
2026-02,Еліпс,T4035h,0.0,0.0
2025-07,Епіцентр,T4035h,11.0,7.369229
2025-08,Епіцентр,T4035h,8.0,6.9626007
2025-09,Епіцентр,T4035h,6.0,8.5608
2025-10,Епіцентр,T4035h,14.0,9.7229595
2025-11,Епіцентр,T4035h,21.0,11.2094555
2025-12,Епіцентр,T4035h,36.0,37.379833
2026-01,Епіцентр,T4035h,13.0,13.365953
2026-02,Епіцентр,T4035h,8.0,9.900634
2025-07,Клас,T4035h,0.0,0.10872451
2025-08,Клас,T4035h,0.0,0.10316653
2025-09,Клас,T4035h,0.0,0.7155868
2025-10,Клас,T4035h,4.0,2.392252
2025-11,Клас,T4035h,5.0,2.175903
2025-12,Клас,T4035h,13.0,4.405362
2026-01,Клас,T4035h,7.0,5.0669827
2026-02,Клас,T4035h,3.0,3.4170907
2025-07,МайПлей,T4035h,0.0,0.6976218
2025-08,МайПлей,T4035h,0.0,0.710364
2025-09,МайПлей,T4035h,0.0,0.57959354
2025-10,МайПлей,T4035h,2.0,0.65437174
2025-11,МайПлей,T4035h,2.0,0.7025303
2025-12,МайПлей,T4035h,1.0,2.683582
2026-01,МайПлей,T4035h,0.0,0.0
2026-02,МайПлей,T4035h,0.0,0.0
2025-07,Мегамаркет,T4035h,2.0,1.1124172
2025-08,Мегамаркет,T4035h,0.0,0.47996756
2025-09,Мегамаркет,T4035h,0.0,0.44631535
2025-10,Мегамаркет,T4035h,0.0,0.6079187
2025-11,Мегамаркет,T4035h,0.0,0.506725
2025-12,Мегамаркет,T4035h,5.0,1.83693
2026-01,Мегамаркет,T4035h,0.0,0.024300765
2026-02,Мегамаркет,T4035h,3.0,1.6861062
2025-07,Монако,T4035h,1.0,1.1115094
2025-08,Монако,T4035h,0.0,0.0
2025-09,Монако,T4035h,0.0,0.0
2025-10,Монако,T4035h,6.0,1.0964826
2025-11,Монако,T4035h,2.0,4.306495
2025-12,Монако,T4035h,0.0,0.0
2026-01,Монако,T4035h,1.0,1.643116
2026-02,Монако,T4035h,0.0,0.0
2025-07,Новая Лінія,T4035h,2.0,1.46347
2025-08,Новая Лінія,T4035h,0.0,0.24724427
2025-09,Новая Лінія,T4035h,0.0,0.27357835
2025-10,Новая Лінія,T4035h,0.0,0.25740167
2025-11,Новая Лінія,T4035h,0.0,0.7251646
2025-12,Новая Лінія,T4035h,2.0,1.1618456
2026-01,Новая Лінія,T4035h,2.0,0.8622297
2026-02,Новая Лінія,T4035h,0.0,1.088722
2025-07,РОСТ,T4035h,0.0,0.0178352
2025-08,РОСТ,T4035h,0.0,0.0861251
2025-09,РОСТ,T4035h,0.0,0.09520972
2025-10,РОСТ,T4035h,2.0,0.5143022
2025-11,РОСТ,T4035h,0.0,1.7746394
2025-12,РОСТ,T4035h,0.0,2.3707802
2026-01,РОСТ,T4035h,5.0,1.6428357
2026-02,РОСТ,T4035h,1.0,1.3738682
2025-07,Росицька ФОП,T4035h,0.0,0.25626546
2025-08,Росицька ФОП,T4035h,0.0,0.5104702
2025-09,Росицька ФОП,T4035h,0.0,0.3590277
2025-10,Росицька ФОП,T4035h,3.0,1.1557115
2025-11,Росицька ФОП,T4035h,1.0,1.5350224
2025-12,Росицька ФОП,T4035h,3.0,2.4147277
2026-01,Росицька ФОП,T4035h,1.0,1.4524522
2026-02,Росицька ФОП,T4035h,1.0,0.96087945
2025-07,Юпіджи,T4035h,4.0,1.2414255
2025-08,Юпіджи,T4035h,7.0,1.8104827
2025-09,Юпіджи,T4035h,3.0,2.304928
2025-10,Юпіджи,T4035h,2.0,3.5130706
2025-11,Юпіджи,T4035h,3.0,2.7452903
2025-12,Юпіджи,T4035h,1.0,4.5465264
2026-01,Юпіджи,T4035h,4.0,1.4707359
2026-02,Юпіджи,T4035h,1.0,1.6362334
2025-07,Акварель,T4038h,5.0,3.8535852
2025-08,Акварель,T4038h,11.0,6.0601926
2025-09,Акварель,T4038h,1.0,7.160919
2025-10,Акварель,T4038h,5.0,5.3018985
2025-11,Акварель,T4038h,5.0,6.107812
2025-12,Акварель,T4038h,12.0,13.7333975
2026-01,Акварель,T4038h,5.0,3.5532234
2026-02,Акварель,T4038h,1.0,2.7360172
2025-07,БІ,T4038h,0.0,2.430699
2025-08,БІ,T4038h,8.0,4.2218523
2025-09,БІ,T4038h,7.0,5.7865615
2025-10,БІ,T4038h,6.0,6.7755575
2025-11,БІ,T4038h,8.0,6.5963902
2025-12,БІ,T4038h,9.0,22.542858
2026-01,БІ,T4038h,4.0,2.561517
2026-02,БІ,T4038h,4.0,2.3012865
2025-07,МайПлей,T4038h,1.0,0.39721748
2025-08,МайПлей,T4038h,3.0,0.7642649
2025-09,МайПлей,T4038h,0.0,1.4539849
2025-10,МайПлей,T4038h,2.0,0.609705
2025-11,МайПлей,T4038h,0.0,1.527689
2025-12,МайПлей,T4038h,4.0,2.4877973
2026-01,МайПлей,T4038h,2.0,0.66008925
2026-02,МайПлей,T4038h,1.0,0.29537573
2025-07,Мегамаркет,T4038h,0.0,0.46796146
2025-08,Мегамаркет,T4038h,0.0,0.39827174
2025-09,Мегамаркет,T4038h,0.0,0.42418635
2025-10,Мегамаркет,T4038h,0.0,0.37228176
2025-11,Мегамаркет,T4038h,0.0,0.45240948
2025-12,Мегамаркет,T4038h,2.0,0.76907694
2026-01,Мегамаркет,T4038h,1.0,0.23330343
2026-02,Мегамаркет,T4038h,0.0,0.267661
2025-07,Смік,T4038h,1.0,0.40993717
2025-08,Смік,T4038h,1.0,0.7064662
2025-09,Смік,T4038h,0.0,0.7363896
2025-10,Смік,T4038h,1.0,0.4825586
2025-11,Смік,T4038h,0.0,0.6486852
2025-12,Смік,T4038h,0.0,1.7331502
2026-01,Смік,T4038h,1.0,0.0918768
2026-02,Смік,T4038h,0.0,0.23685437
2025-07,Сільпо,T4038h,0.0,0.65405804
2025-08,Сільпо,T4038h,0.0,0.5889347
2025-09,Сільпо,T4038h,4.0,0.54625666
2025-10,Сільпо,T4038h,1.0,1.9072806
2025-11,Сільпо,T4038h,3.0,1.857127
2025-12,Сільпо,T4038h,0.0,5.7969174
2026-01,Сільпо,T4038h,0.0,0.09131185
2026-02,Сільпо,T4038h,0.0,0.10048478
2025-07,ІМ-Кідіс,T4039h,1.0,0.48882043
2025-08,ІМ-Кідіс,T4039h,0.0,0.13824242
2025-09,ІМ-Кідіс,T4039h,0.0,0.2764058
2025-10,ІМ-Кідіс,T4039h,0.0,0.25370806
2025-11,ІМ-Кідіс,T4039h,0.0,0.25612903
2025-12,ІМ-Кідіс,T4039h,0.0,0.9066792
2026-01,ІМ-Кідіс,T4039h,0.0,0.09281012
2026-02,ІМ-Кідіс,T4039h,0.0,0.017488118
2025-07,ІМ-Розетка,T4039h,1.0,1.4750866
2025-08,ІМ-Розетка,T4039h,0.0,0.20437327
2025-09,ІМ-Розетка,T4039h,0.0,0.16020949
2025-10,ІМ-Розетка,T4039h,0.0,0.14733736
2025-11,ІМ-Розетка,T4039h,0.0,0.13076475
2025-12,ІМ-Розетка,T4039h,3.0,3.509276
2026-01,ІМ-Розетка,T4039h,0.0,0.53464836
2026-02,ІМ-Розетка,T4039h,0.0,0.14694954
2025-07,Акварель,T4039h,7.0,4.6448116
2025-08,Акварель,T4039h,4.0,5.2585826
2025-09,Акварель,T4039h,3.0,4.448491
2025-10,Акварель,T4039h,5.0,7.8172765
2025-11,Акварель,T4039h,11.0,7.386754
2025-12,Акварель,T4039h,40.0,25.484499
2026-01,Акварель,T4039h,18.0,11.8265505
2026-02,Акварель,T4039h,5.0,7.4215827
2025-07,Антошка,T4039h,2.0,1.7762933
2025-08,Антошка,T4039h,1.0,2.027912
2025-09,Антошка,T4039h,4.0,2.7733302
2025-10,Антошка,T4039h,3.0,4.2367945
2025-11,Антошка,T4039h,7.0,4.198115
2025-12,Антошка,T4039h,18.0,11.339592
2026-01,Антошка,T4039h,8.0,3.7339454
2026-02,Антошка,T4039h,2.0,1.8349082
2025-07,БІ,T4039h,7.0,6.803966
2025-08,БІ,T4039h,5.0,8.888375
2025-09,БІ,T4039h,7.0,10.409284
2025-10,БІ,T4039h,15.0,10.992646
2025-11,БІ,T4039h,21.0,16.681639
2025-12,БІ,T4039h,71.0,52.555042
2026-01,БІ,T4039h,39.0,24.942053
2026-02,БІ,T4039h,15.0,8.873243
2025-07,Клас,T4039h,0.0,0.143762
2025-08,Клас,T4039h,0.0,0.25121358
2025-09,Клас,T4039h,1.0,0.43886092
2025-10,Клас,T4039h,0.0,0.5653
2025-11,Клас,T4039h,1.0,0.2677121
2025-12,Клас,T4039h,2.0,2.4800794
2026-01,Клас,T4039h,0.0,0.3330936
2026-02,Клас,T4039h,1.0,0.09664308
2025-07,МайПлей,T4039h,0.0,0.48850963
2025-08,МайПлей,T4039h,0.0,0.44515598
2025-09,МайПлей,T4039h,1.0,0.39670932
2025-10,МайПлей,T4039h,3.0,1.4251469
2025-11,МайПлей,T4039h,0.0,3.4198053
2025-12,МайПлей,T4039h,8.0,2.6473482
2026-01,МайПлей,T4039h,8.0,3.5736244
2026-02,МайПлей,T4039h,4.0,1.5099559
2025-07,Мегамаркет,T4039h,0.0,0.46298844
2025-08,Мегамаркет,T4039h,0.0,0.38090748
2025-09,Мегамаркет,T4039h,1.0,0.4025053
2025-10,Мегамаркет,T4039h,1.0,0.5134574
2025-11,Мегамаркет,T4039h,1.0,0.7343213
2025-12,Мегамаркет,T4039h,1.0,1.4087281
2026-01,Мегамаркет,T4039h,1.0,1.5551672
2026-02,Мегамаркет,T4039h,1.0,0.33776104
2025-07,Сільпо,T4039h,1.0,0.41248247
2025-08,Сільпо,T4039h,2.0,0.4882728
2025-09,Сільпо,T4039h,2.0,0.68591636
2025-10,Сільпо,T4039h,1.0,1.0471368
2025-11,Сільпо,T4039h,2.0,1.2453967
2025-12,Сільпо,T4039h,0.0,3.7000537
2026-01,Сільпо,T4039h,1.0,0.0990422
2026-02,Сільпо,T4039h,0.0,0.2207654
